edge_number,test_id,l2_error,error_min,error_max,Dirichlet_min,Dirichlet_max,Neumann_min_1,Neumann_max_1,Neumann_min_2,Neumann_max_2,DNS_min,DNS_max,DNS_mean
4,0,0.4455466866493225,0.0,0.6174418926239014,1.0,1.0,0.5,0.5,0.5,0.5,1.0,1.0,1.0
4,1,0.30100077390670776,-0.005202899221330881,0.46990421414375305,0.6800000071525574,0.6800000071525574,0.5240710377693176,0.5240710377693176,0.7086158990859985,0.7086158990859985,0.6800000071525574,0.902679979801178,0.8033406138420105
4,2,0.3554059565067291,-0.0013408298837020993,0.5245347619056702,0.7699999809265137,0.7699999809265137,0.5194860696792603,0.5194860696792603,0.668879508972168,0.668879508972168,0.7699999809265137,0.9502699971199036,0.8698469996452332
4,3,0.1327577531337738,-0.005409651435911655,0.21242360770702362,0.6000000238418579,0.6000000238418579,0.517193615436554,0.517193615436554,0.6490113139152527,0.6490113139152527,0.6000000238418579,0.7590600252151489,0.6881002187728882
4,4,0.31892597675323486,-0.0006052954704500735,0.5155460238456726,0.6600000262260437,0.6600000262260437,0.5320947766304016,0.5320947766304016,0.7781544923782349,0.7781544923782349,0.6600000262260437,0.9569100141525269,0.8244538903236389
4,5,0.3802470564842224,0.0,0.5826401710510254,0.9399999976158142,0.9399999976158142,0.5113635063171387,0.5113635063171387,0.5383519530296326,0.5383519530296326,0.9401100277900696,0.962440013885498,0.9488997459411621
4,6,0.35615015029907227,0.0,0.5430595278739929,0.8999999761581421,0.8999999761581421,0.5113635063171387,0.5113635063171387,0.5383519530296326,0.5383519530296326,0.9001100063323975,0.9224399924278259,0.9088998436927795
4,7,0.37538495659828186,0.0,0.5775308012962341,0.9300000071525574,0.9300000071525574,0.5142044425010681,0.5142044425010681,0.5479398965835571,0.5479398965835571,0.9301400184631348,0.958050012588501,0.9411248564720154
4,8,0.30225321650505066,0.0,0.4524833858013153,0.8299999833106995,0.8299999833106995,0.5113635063171387,0.5113635063171387,0.5383519530296326,0.5383519530296326,0.8301100134849548,0.8524399995803833,0.8388997912406921
4,9,0.29304686188697815,0.0,0.4910460412502289,0.7799999713897705,0.7799999713897705,0.5596585273742676,0.5596585273742676,0.7013475894927979,0.7013475894927979,0.7805799841880798,0.8978099822998047,0.826723575592041
4,10,0.10759061574935913,-0.010353710502386093,0.19715461134910583,0.7300000190734863,0.7699999809265137,--,--,--,--,0.7300000190734863,0.7698000073432922,0.753831684589386
4,11,0.07898788899183273,-0.01069481112062931,0.1431673765182495,0.7099999785423279,0.7400000095367432,--,--,--,--,0.7101500034332275,0.7400000095367432,0.7221264243125916
4,12,0.1110018938779831,-0.24835781753063202,0.04070061445236206,0.5600000023841858,0.6100000143051147,--,--,--,--,0.5600000023841858,0.609749972820282,0.5897893905639648
4,13,0.0873095765709877,-0.1714116632938385,0.05311620980501175,0.550000011920929,0.6899999976158142,--,--,--,--,0.5507000088691711,0.6899999976158142,0.6065897941589355
4,14,0.1332874596118927,-0.006846107076853514,0.25116419792175293,0.7799999713897705,0.8700000047683716,--,--,--,--,0.7799999713897705,0.8695499897003174,0.833621084690094
4,15,0.08747148513793945,-0.0009347563609480858,0.16186264157295227,0.8700000047683716,0.9599999785423279,--,--,--,--,0.8700000047683716,0.9599999785423279,0.9173064827919006
4,16,0.08062899112701416,-0.0068626622669398785,0.1331094652414322,0.7599999904632568,0.8299999833106995,--,--,--,--,0.7599999904632568,0.8299999833106995,0.7967938780784607
4,17,0.06655111163854599,-0.006681681144982576,0.15196403861045837,0.550000011920929,0.8899999856948853,--,--,--,--,0.550000011920929,0.8899999856948853,0.7287132740020752
4,18,0.028210412710905075,-0.05827190726995468,0.02795584499835968,0.5299999713897705,0.9700000286102295,--,--,--,--,0.5299999713897705,0.9700000286102295,0.7387239933013916
4,19,0.03532472252845764,-0.0641387328505516,0.024373993277549744,0.5299999713897705,0.8600000143051147,--,--,--,--,0.5299999713897705,0.8600000143051147,0.686542809009552
4,20,0.0659061074256897,-0.14007587730884552,0.01386041659861803,0.5,0.8700000047683716,--,--,--,--,0.5,0.8651900291442871,0.6520447134971619
4,21,0.08120287954807281,-0.17187215387821198,0.01377913262695074,0.5699999928474426,0.6800000071525574,--,--,--,--,0.5699999928474426,0.6785699725151062,0.6152024865150452
4,22,0.06555310636758804,-0.14556832611560822,0.00814592931419611,0.5299999713897705,0.8100000023841858,--,--,--,--,0.5299999713897705,0.8063600063323975,0.6450609564781189
4,23,0.06372871994972229,-0.16617697477340698,0.07252773642539978,0.5299999713897705,0.6499999761581421,--,--,--,--,0.5315600037574768,0.6499999761581421,0.6006883382797241
4,24,0.09832509607076645,-0.03653963655233383,0.16678518056869507,0.75,0.8299999833106995,--,--,--,--,0.751039981842041,0.8299999833106995,0.797125518321991
4,25,0.05716054141521454,-0.04645435884594917,0.21991556882858276,0.5899999737739563,0.5899999737739563,0.7249535322189331,0.7249535322189331,0.6090683937072754,0.6090683937072754,0.5899999737739563,0.7485299706459045,0.6541357636451721
4,26,0.04512348026037216,-0.10817625373601913,0.16945897042751312,0.5,0.5,0.9319107532501221,0.9319107532501221,0.7094112634658813,0.7094112634658813,0.5,0.8043699860572815,0.6231404542922974
4,27,0.3377285599708557,0.0,0.57894366979599,0.8500000238418579,0.8500000238418579,0.5989795327186584,0.5989795327186584,0.547990083694458,0.547990083694458,0.8500000238418579,0.9197499752044678,0.878219723701477
4,28,0.07344640046358109,-0.022199831902980804,0.2536022961139679,0.5600000023841858,0.5600000023841858,0.8689237833023071,0.8689237833023071,0.6788721084594727,0.6788721084594727,0.5600000023841858,0.8199800252914429,0.6651826500892639
4,29,0.389619380235672,0.0,0.6220031976699829,0.9399999976158142,0.9399999976158142,0.5,0.5,0.5,0.5,0.9399999976158142,0.9399999976158142,0.9400014877319336
4,30,0.034663498401641846,-0.0723198801279068,0.019863765686750412,0.5400000214576721,0.9700000286102295,--,--,--,--,0.5400000214576721,0.9644200205802917,0.716700553894043
4,31,0.11684394627809525,-0.016321275383234024,0.19722026586532593,0.7300000190734863,0.9300000071525574,--,--,--,--,0.7325999736785889,0.9300000071525574,0.8478139042854309
4,32,0.10990341007709503,-0.21198716759681702,0.014547730796039104,0.5600000023841858,0.6499999761581421,--,--,--,--,0.5600000023841858,0.648829996585846,0.5969837307929993
4,33,0.0643453374505043,-0.05483367666602135,0.11071095615625381,0.6899999976158142,0.7300000190734863,--,--,--,--,0.6905199885368347,0.7300000190734863,0.7135628461837769
4,34,0.15652231872081757,-0.28536802530288696,0.007927324622869492,0.5199999809265137,0.6499999761581421,--,--,--,--,0.5199999809265137,0.6483100056648254,0.5734212398529053
4,35,0.40586671233177185,0.0,0.5927642583847046,0.9200000166893005,0.9200000166893005,0.5399704575538635,0.5399704575538635,0.5015373229980469,0.5015373229980469,0.9200000166893005,0.9574999809265137,0.9377965331077576
4,36,0.0587671622633934,-0.14545831084251404,0.07840077579021454,0.5899999737739563,0.5899999737739563,0.5899335145950317,0.5899335145950317,0.5034589767456055,0.5034589767456055,0.5899999737739563,0.6743699908256531,0.630041778087616
4,37,0.23300813138484955,0.0,0.34753578901290894,0.6499999761581421,0.6499999761581421,0.7098448276519775,0.7098448276519775,0.5080709457397461,0.5080709457397461,0.6499999761581421,0.8468700051307678,0.7434316277503967
4,38,0.21714170277118683,0.0,0.3535202741622925,0.5899999737739563,0.5899999737739563,0.8197636008262634,0.8197636008262634,0.512298583984375,0.512298583984375,0.5899999737739563,0.889989972114563,0.7323717474937439
4,39,0.4105972647666931,0.0,0.6006691455841064,0.9300000071525574,0.9300000071525574,0.5399704575538635,0.5399704575538635,0.5015373229980469,0.5015373229980469,0.9300000071525574,0.9674999713897705,0.9477962255477905
4,40,0.07172334939241409,-0.016820430755615234,0.12774711847305298,0.7200000286102295,0.8899999856948853,--,--,--,--,0.7200000286102295,0.8899999856948853,0.8053000569343567
4,41,0.05506575107574463,-0.007851919159293175,0.0910358875989914,0.699999988079071,0.7099999785423279,--,--,--,--,0.699999988079071,0.7099999785423279,0.7050175070762634
4,42,0.11870472878217697,-0.2672565281391144,0.0972195640206337,0.5199999809265137,0.6499999761581421,--,--,--,--,0.5199999809265137,0.6499999761581421,0.5852295160293579
4,43,0.027314631268382072,-0.038998741656541824,0.05670824274420738,0.5600000023841858,0.8100000023841858,--,--,--,--,0.5600000023841858,0.8100000023841858,0.6854415535926819
4,44,0.08908556401729584,-0.013711055740714073,0.16603510081768036,0.7900000214576721,0.949999988079071,--,--,--,--,0.7900000214576721,0.949999988079071,0.8702825903892517
4,45,0.41520819067955017,-0.01605413854122162,0.6009238362312317,0.9800000190734863,0.9800000190734863,0.5,0.5,0.5,0.5,0.9800000190734863,0.9800000190734863,0.979998767375946
4,46,0.09142373502254486,-0.002890577306970954,0.27368366718292236,0.550000011920929,0.550000011920929,0.7038959860801697,0.7038959860801697,0.6919021010398865,0.6919021010398865,0.550000011920929,0.7562900185585022,0.6470786929130554
4,47,0.28248152136802673,0.0,0.39294055104255676,0.800000011920929,0.800000011920929,0.507282018661499,0.507282018661499,0.5068536400794983,0.5068536400794983,0.800000011920929,0.8073700070381165,0.8034670352935791
4,48,0.2409793734550476,-0.3819507956504822,0.025221385061740875,0.5899999737739563,0.5899999737739563,0.5436919927597046,0.5436919927597046,0.5411219000816345,0.5411219000816345,0.5899999737739563,0.6341999769210815,0.6108026504516602
4,49,0.4078212380409241,-0.013852019794285297,0.5910228490829468,0.9599999785423279,0.9599999785423279,0.507282018661499,0.507282018661499,0.5068536400794983,0.5068536400794983,0.9599999785423279,0.9673699736595154,0.9634671807289124
4,50,0.08602193742990494,0.0,0.137491837143898,0.7400000095367432,0.8999999761581421,--,--,--,--,0.7404099702835083,0.8999999761581421,0.8270046710968018
4,51,0.025865400210022926,-0.09653070569038391,0.0350709892809391,0.6399999856948853,0.6800000071525574,--,--,--,--,0.6399999856948853,0.6798999905586243,0.6582488417625427
4,52,0.10803434997797012,-0.1959936022758484,0.03179058060050011,0.5099999904632568,0.6800000071525574,--,--,--,--,0.5099999904632568,0.6795700192451477,0.5875576138496399
4,53,0.10511752218008041,-0.0050261192955076694,0.18019543588161469,0.8600000143051147,0.9100000262260437,--,--,--,--,0.8600000143051147,0.9098700284957886,0.8828111290931702
4,54,0.07765989005565643,-0.0008797893533483148,0.1407518982887268,0.5600000023841858,0.9800000190734863,--,--,--,--,0.5610700249671936,0.9800000190734863,0.7883870005607605
4,55,0.39964228868484497,0.0,0.5837798714637756,0.949999988079071,0.949999988079071,0.5179010629653931,0.5179010629653931,0.5240738987922668,0.5240738987922668,0.9500600099563599,0.9753999710083008,0.9635509252548218
4,56,0.386966735124588,0.0,0.5617690086364746,0.9399999976158142,0.9399999976158142,0.5059670209884644,0.5059670209884644,0.5080246329307556,0.5080246329307556,0.9400200247764587,0.9484699964523315,0.9445170164108276
4,57,0.4048185348510742,0.0,0.5915883779525757,0.9599999785423279,0.9599999785423279,0.5179010629653931,0.5179010629653931,0.5240738987922668,0.5240738987922668,0.9600600004196167,0.9854000210762024,0.9735508561134338
4,58,0.13865940272808075,0.0,0.19642268121242523,0.7300000190734863,0.7300000190734863,0.5,0.5,0.5,0.5,0.7300000190734863,0.7300000190734863,0.7299997806549072
4,59,0.3188079297542572,0.0,0.4730367362499237,0.800000011920929,0.800000011920929,0.5477362275123596,0.5477362275123596,0.5641970038414001,0.5641970038414001,0.8001700043678284,0.8677499890327454,0.8361353874206543
4,60,0.266205370426178,0.0,0.43927255272865295,0.7200000286102295,0.7200000286102295,0.6781107783317566,0.6781107783317566,0.5661554336547852,0.5661554336547852,0.7200000286102295,0.8623300194740295,0.7851114869117737
4,61,0.22956769168376923,0.0,0.367939293384552,0.7300000190734863,0.7300000190734863,0.5749940276145935,0.5749940276145935,0.5278549194335938,0.5278549194335938,0.7300000190734863,0.789929986000061,0.7574154734611511
4,62,0.3787136673927307,0.0,0.5640429854393005,0.8899999856948853,0.8899999856948853,0.6031167507171631,0.6031167507171631,0.5383005142211914,0.5383005142211914,0.8899999856948853,0.9724000096321106,0.9276958703994751
4,63,0.3877904713153839,0.0,0.5729922652244568,0.9100000262260437,0.9100000262260437,0.5843682885169983,0.5843682885169983,0.531336784362793,0.531336784362793,0.9100000262260437,0.9774199724197388,0.9408421516418457
4,64,0.35311347246170044,0.0,0.5216616988182068,0.8600000143051147,0.8600000143051147,0.5562455058097839,0.5562455058097839,0.5208911895751953,0.5208911895751953,0.8600000143051147,0.9049500226974487,0.880561351776123
4,65,0.09678095579147339,0.0,0.17903389036655426,0.5400000214576721,0.9200000166893005,--,--,--,--,0.5443500280380249,0.9200000166893005,0.7436735033988953
4,66,0.06077723950147629,-0.019797351211309433,0.1222073957324028,0.6299999952316284,0.6800000071525574,--,--,--,--,0.6305699944496155,0.6800000071525574,0.6567990183830261
4,67,0.05558329448103905,-0.01845005713403225,0.10934820026159286,0.7200000286102295,0.8500000238418579,--,--,--,--,0.7200000286102295,0.8485100269317627,0.7803223133087158
4,68,0.05350298434495926,-0.05749409273266792,0.12399362772703171,0.5299999713897705,0.7200000286102295,--,--,--,--,0.5321800112724304,0.7200000286102295,0.6318367123603821
4,69,0.03674585744738579,-0.07178182899951935,0.05777573212981224,0.5799999833106995,0.7400000095367432,--,--,--,--,0.5799999833106995,0.7381700277328491,0.6542426943778992
4,70,0.09097066521644592,-0.00539978314191103,0.15973427891731262,0.7400000095367432,0.800000011920929,--,--,--,--,0.7400000095367432,0.800000011920929,0.7689683437347412
4,71,0.04501814767718315,-0.026888174936175346,0.08262642472982407,0.550000011920929,0.9599999785423279,--,--,--,--,0.550000011920929,0.9599999785423279,0.7479504346847534
4,72,0.06053570285439491,-0.017088916152715683,0.09849283844232559,0.6200000047683716,0.949999988079071,--,--,--,--,0.6200000047683716,0.949999988079071,0.7793260812759399
4,73,0.11679505556821823,-0.002658657729625702,0.2156420350074768,0.7799999713897705,0.9100000262260437,--,--,--,--,0.7799999713897705,0.9100000262260437,0.8472352027893066
4,74,0.20890197157859802,-0.401418000459671,0.0374034121632576,0.5799999833106995,0.5799999833106995,--,--,--,--,0.5799999833106995,0.5799999833106995,0.5800014138221741
4,75,0.08757304400205612,-0.002967734355479479,0.1576385200023651,0.699999988079071,0.8100000023841858,--,--,--,--,0.699999988079071,0.8100000023841858,0.7568912506103516
4,76,0.11195065826177597,-0.007086862809956074,0.2035858929157257,0.8199999928474426,0.9599999785423279,--,--,--,--,0.8199999928474426,0.9599999785423279,0.8875928521156311
4,77,0.098812535405159,-0.0032501087989658117,0.1816612035036087,0.7200000286102295,0.8600000143051147,--,--,--,--,0.7200000286102295,0.8600000143051147,0.7924070954322815
4,78,0.05517233908176422,-0.005838062614202499,0.09371490031480789,0.6100000143051147,0.7799999713897705,--,--,--,--,0.6100000143051147,0.7799999713897705,0.6979230046272278
4,79,0.05231906846165657,-0.1199374571442604,0.049221016466617584,0.6200000047683716,0.6200000047683716,--,--,--,--,0.6200000047683716,0.6200000047683716,0.6200003623962402
4,80,0.03627735748887062,-0.019538402557373047,0.06901056319475174,0.6299999952316284,0.8899999856948853,--,--,--,--,0.6299999952316284,0.8899999856948853,0.759337842464447
4,81,0.023698188364505768,-0.036254797130823135,0.054632898420095444,0.5799999833106995,0.8299999833106995,--,--,--,--,0.5799999833106995,0.8299999833106995,0.7043632864952087
4,82,0.022491181269288063,-0.05973339080810547,0.043201979249715805,0.5199999809265137,0.949999988079071,--,--,--,--,0.5199999809265137,0.949999988079071,0.7339046597480774
4,83,0.09102901816368103,-0.007489386480301619,0.13702841103076935,0.8500000238418579,0.9700000286102295,--,--,--,--,0.8500000238418579,0.9700000286102295,0.909694254398346
4,84,0.046281006187200546,-0.10447359085083008,0.03976631164550781,0.5099999904632568,0.75,--,--,--,--,0.5099999904632568,0.75,0.6293886303901672
4,85,0.3970660865306854,0.0,0.6058419942855835,0.9599999785423279,0.9599999785423279,0.5178885459899902,0.5178885459899902,0.5357770919799805,0.5357770919799805,0.9599999785423279,0.9866200089454651,0.9724954962730408
4,86,0.09119226783514023,-0.013680560514330864,0.14386779069900513,0.6899999976158142,0.6899999976158142,0.5178885459899902,0.5178885459899902,0.5357770919799805,0.5357770919799805,0.6899999976158142,0.7166200280189514,0.7024953365325928
4,87,0.3486073315143585,0.0,0.547888457775116,0.8600000143051147,0.8600000143051147,0.540249228477478,0.540249228477478,0.580498456954956,0.580498456954956,0.8600000143051147,0.9199000000953674,0.8881148099899292
4,88,0.4063509702682495,0.0,0.6116521954536438,0.9900000095367432,0.9900000095367432,0.5044721364974976,0.5044721364974976,0.5089442729949951,0.5089442729949951,0.9900000095367432,0.9966599941253662,0.9931239485740662
4,89,0.3786200284957886,0.0,0.5700433254241943,0.9399999976158142,0.9399999976158142,0.5044721364974976,0.5044721364974976,0.5089442729949951,0.5089442729949951,0.9399999976158142,0.9466599822044373,0.9431237578392029
4,90,0.02961813472211361,-0.04867096617817879,0.05582978203892708,0.5799999833106995,0.8299999833106995,--,--,--,--,0.5799999833106995,0.827530026435852,0.697134792804718
4,91,0.05904175341129303,-0.016555532813072205,0.10750116407871246,0.6899999976158142,0.8799999952316284,--,--,--,--,0.6899999976158142,0.8781200051307678,0.7790222764015198
4,92,0.045613158494234085,-0.047649819403886795,0.08819708973169327,0.5199999809265137,0.9900000095367432,--,--,--,--,0.5199999809265137,0.9853600263595581,0.7402134537696838
4,93,0.04520638659596443,-0.028540512546896935,0.08441560715436935,0.6100000143051147,0.9599999785423279,--,--,--,--,0.6100000143051147,0.9565500020980835,0.773988664150238
4,94,0.09912370890378952,0.0,0.1710054874420166,0.6899999976158142,1.0,--,--,--,--,0.6930599808692932,1.0,0.8547530174255371
4,95,0.37679576873779297,0.0,0.5620229840278625,0.8600000143051147,0.8600000143051147,0.5418350696563721,0.5418350696563721,0.5796858072280884,0.5796858072280884,0.8607400059700012,0.9364799857139587,0.9000102281570435
4,96,0.05075626075267792,-0.0997885912656784,0.12702831625938416,0.5099999904632568,0.5099999904632568,0.6115601062774658,0.6115601062774658,0.7124955058097839,0.7124955058097839,0.5119799971580505,0.7139400243759155,0.6166936755180359
4,97,0.3922296166419983,0.0,0.5680086016654968,0.9300000071525574,0.9300000071525574,0.5092966556549072,0.5092966556549072,0.5177079439163208,0.5177079439163208,0.9301699995994568,0.9470000267028809,0.9388911724090576
4,98,0.41315409541130066,0.0,0.5952524542808533,0.9800000190734863,0.9800000190734863,0.5,0.5,0.5,0.5,0.9800000190734863,0.9800000190734863,0.979998767375946
4,99,0.28875747323036194,0.0,0.4070861339569092,0.8199999928474426,0.8199999928474426,0.5,0.5,0.5,0.5,0.8199999928474426,0.8199999928474426,0.820002555847168
4,100,0.17580129206180573,0.0,0.2916319966316223,0.7200000286102295,0.7200000286102295,0.5392802357673645,0.5392802357673645,0.5075538754463196,0.5075538754463196,0.7200000286102295,0.7592899799346924,0.7384412288665771
4,101,0.3927384316921234,0.0,0.6152464151382446,0.9800000190734863,0.9800000190734863,0.5098200440406799,0.5098200440406799,0.5018884539604187,0.5018884539604187,0.9800000190734863,0.9898200035095215,0.9846103191375732
4,102,0.20277108252048492,0.0,0.3923111855983734,0.6600000262260437,0.6600000262260437,0.6767611503601074,0.6767611503601074,0.5339925289154053,0.5339925289154053,0.6600000262260437,0.8368200063705444,0.7429845929145813
4,103,0.2584459185600281,-0.0034153142478317022,0.5153566598892212,0.6200000047683716,0.6200000047683716,0.8633424043655396,0.8633424043655396,0.5698735117912292,0.5698735117912292,0.6200000047683716,0.983460009098053,0.7905794978141785
4,104,0.34939494729042053,0.0,0.5734095573425293,0.8700000047683716,0.8700000047683716,0.5982006192207336,0.5982006192207336,0.5188847184181213,0.5188847184181213,0.8700000047683716,0.9682300090789795,0.9161025881767273
4,105,0.11682968586683273,-0.006287925411015749,0.21821019053459167,0.6200000047683716,0.6200000047683716,0.578000009059906,0.578000009059906,0.6039999723434448,0.6039999723434448,0.6200000047683716,0.7486400008201599,0.6842198371887207
4,106,0.1750289499759674,-0.0036994488909840584,0.31375813484191895,0.6299999952316284,0.6299999952316284,0.5960000157356262,0.5960000157356262,0.628000020980835,0.628000020980835,0.6299999952316284,0.788320004940033,0.7090397477149963
4,107,0.30116626620292664,-0.00020587645121850073,0.5180110335350037,0.6700000166893005,0.6700000166893005,0.6620000004768372,0.6620000004768372,0.7160000205039978,0.7160000205039978,0.6700000166893005,0.9371700286865234,0.803379476070404
4,108,0.38249820470809937,0.0,0.550481379032135,0.8899999856948853,0.8899999856948853,0.5239999890327454,0.5239999890327454,0.5320000052452087,0.5320000052452087,0.8899999856948853,0.9295799732208252,0.9097598791122437
4,109,0.3964209258556366,0.0,0.5798359513282776,0.8899999856948853,0.8899999856948853,0.5479999780654907,0.5479999780654907,0.5640000104904175,0.5640000104904175,0.8899999856948853,0.9691600203514099,0.9295197129249573
4,110,0.03069276548922062,-0.013447138480842113,0.08288174867630005,0.6600000262260437,0.8600000143051147,--,--,--,--,0.6600000262260437,0.8600000143051147,0.7463432550430298
4,111,0.026038475334644318,-0.06032585725188255,0.07682286202907562,0.6299999952316284,0.7300000190734863,--,--,--,--,0.6299999952316284,0.7300000190734863,0.6731715202331543
4,112,0.030743377283215523,-0.033850107342004776,0.07450360804796219,0.6000000238418579,0.6899999976158142,--,--,--,--,0.6000000238418579,0.6899999976158142,0.6511454582214355
4,113,0.1820063292980194,-0.4497429430484772,0.01659989543259144,0.5,0.6499999761581421,--,--,--,--,0.5,0.6499999761581421,0.5647574067115784
4,114,0.08579384535551071,-0.017513878643512726,0.17635515332221985,0.6700000166893005,0.9100000262260437,--,--,--,--,0.6700000166893005,0.9100000262260437,0.8063881397247314
4,115,0.040078673511743546,-0.007555882912129164,0.07358335703611374,0.6899999976158142,0.7099999785423279,--,--,--,--,0.6899999976158142,0.7099999785423279,0.7013656497001648
4,116,0.04615037143230438,-0.08743257075548172,0.08584515005350113,0.5299999713897705,0.8999999761581421,--,--,--,--,0.5299999713897705,0.8999999761581421,0.6897350549697876
4,117,0.06631707400083542,-0.20261774957180023,0.07561353594064713,0.5699999928474426,0.6299999952316284,--,--,--,--,0.5699999928474426,0.6299999952316284,0.6040970087051392
4,118,0.07766186445951462,-0.19634661078453064,0.06384848803281784,0.550000011920929,0.7200000286102295,--,--,--,--,0.550000011920929,0.7200000286102295,0.62339186668396
4,119,0.20227055251598358,-0.5619699954986572,0.048269178718328476,0.5600000023841858,0.5899999737739563,--,--,--,--,0.5600000023841858,0.5899999737739563,0.5729515552520752
4,120,0.14500682055950165,-0.2643613815307617,0.08654408901929855,0.5699999928474426,0.5699999928474426,0.670009434223175,0.670009434223175,0.5591337084770203,0.5591337084770203,0.5699999928474426,0.6505900025367737,0.6064904928207397
4,121,0.3476438820362091,0.0,0.5929728150367737,0.9100000262260437,0.9100000262260437,0.5755597352981567,0.5755597352981567,0.5262816548347473,0.5262816548347473,0.9100000262260437,0.9458199739456177,0.9262179136276245
4,122,0.4603669047355652,-0.7679874300956726,0.14183838665485382,0.5400000214576721,0.5400000214576721,0.6227845549583435,0.6227845549583435,0.5427076816558838,0.5427076816558838,0.5400000214576721,0.5982000231742859,0.5663543939590454
4,123,0.30375370383262634,0.0,0.5344950556755066,0.8299999833106995,0.8299999833106995,0.5661147832870483,0.5661147832870483,0.5229964256286621,0.5229964256286621,0.8299999833106995,0.8613399863243103,0.8441908359527588
4,124,0.20106053352355957,-0.01002518367022276,0.4090212285518646,0.6700000166893005,0.6700000166893005,0.7833490371704102,0.7833490371704102,0.5985561609268188,0.5985561609268188,0.6700000166893005,0.8043199777603149,0.7308175563812256
4,125,0.023579705506563187,-0.009744628332555294,0.04436729475855827,0.6000000238418579,0.6000000238418579,0.5424433946609497,0.5424433946609497,0.5905458927154541,0.5905458927154541,0.6008099913597107,0.7018499970436096,0.65160071849823
4,126,0.45610296726226807,0.0,0.6220486164093018,0.9800000190734863,0.9800000190734863,0.508488655090332,0.508488655090332,0.5181092023849487,0.5181092023849487,0.9801599979400635,1.0003999471664429,0.9903204441070557
4,127,0.19288182258605957,-0.37115851044654846,0.004488288424909115,0.6200000047683716,0.6200000047683716,0.508488655090332,0.508488655090332,0.5181092023849487,0.5181092023849487,0.6201599836349487,0.6403700113296509,0.6303203105926514
4,128,0.15765130519866943,-0.22750099003314972,0.03384073078632355,0.5099999904632568,0.5099999904632568,0.5721537470817566,0.5721537470817566,0.6539280414581299,0.6539280414581299,0.5113700032234192,0.6831499934196472,0.597721517086029
4,129,0.33722418546676636,0.0,0.4514799118041992,0.8299999833106995,0.8299999833106995,0.5,0.5,0.5,0.5,0.8299999833106995,0.8299999833106995,0.8300014734268188
4,130,0.3904527723789215,0.0,0.581903338432312,0.8600000143051147,0.8600000143051147,0.5075682401657104,0.5075682401657104,0.609739363193512,0.609739363193512,0.8600000143051147,0.949720025062561,0.900219738483429
4,131,0.20110251009464264,0.0,0.28974902629852295,0.7300000190734863,0.7300000190734863,0.5,0.5,0.5,0.5,0.7300000190734863,0.7300000190734863,0.7300004363059998
4,132,0.31440550088882446,0.0,0.5210286974906921,0.75,0.75,0.5130723714828491,0.5130723714828491,0.6895497441291809,0.6895497441291809,0.75,0.9049699902534485,0.8194707036018372
4,133,0.4080559313297272,0.0,0.5865404009819031,0.8899999856948853,0.8899999856948853,0.5027520656585693,0.5027520656585693,0.5399051904678345,0.5399051904678345,0.8899999856948853,0.9226300120353699,0.9046252369880676
4,134,0.5193583369255066,-0.7552962899208069,0.02490420639514923,0.5199999809265137,0.5199999809265137,0.5082562565803528,0.5082562565803528,0.6197156310081482,0.6197156310081482,0.5199999809265137,0.6178799867630005,0.5638763308525085
4,135,0.09001876413822174,-0.02126345783472061,0.16463133692741394,0.6700000166893005,0.9700000286102295,--,--,--,--,0.6700000166893005,0.9674699902534485,0.808836817741394
4,136,0.0367017462849617,-0.02246984653174877,0.06191905587911606,0.6200000047683716,0.7699999809265137,--,--,--,--,0.6200000047683716,0.7687399983406067,0.6894184947013855
4,137,0.032364122569561005,-0.07129108160734177,0.05005757883191109,0.5199999809265137,0.8399999737739563,--,--,--,--,0.5199999809265137,0.8373100161552429,0.6680921912193298
4,138,0.10489777475595474,0.0,0.15611660480499268,0.5400000214576721,0.9800000190734863,--,--,--,--,0.5436999797821045,0.9800000190734863,0.776373028755188
4,139,0.1566341370344162,0.0,0.26007431745529175,0.7699999809265137,0.9399999976158142,--,--,--,--,0.7714300155639648,0.9399999976158142,0.8613258600234985
4,140,0.35724490880966187,-0.0013483784860000014,0.5374311804771423,0.949999988079071,0.949999988079071,0.5202081799507141,0.5202081799507141,0.5457343459129333,0.5457343459129333,0.949999988079071,0.9777200222015381,0.96279376745224
4,141,0.2072078436613083,-0.36519378423690796,0.0418466217815876,0.6100000143051147,0.6100000143051147,0.5282914638519287,0.5282914638519287,0.5640280842781067,0.5640280842781067,0.6100000143051147,0.6488000154495239,0.627911388874054
4,142,0.3141913414001465,0.0,0.4749200642108917,0.8799999952316284,0.8799999952316284,0.5282914638519287,0.5282914638519287,0.5640280842781067,0.5640280842781067,0.8799999952316284,0.9187999963760376,0.8979114890098572
4,143,0.3150959014892578,-0.5030570030212402,0.03536801040172577,0.5799999833106995,0.5799999833106995,0.5404163599014282,0.5404163599014282,0.5914686322212219,0.5914686322212219,0.5799999833106995,0.6354299783706665,0.6055876612663269
4,144,0.23823148012161255,-0.4270439147949219,0.06978005915880203,0.5199999809265137,0.5199999809265137,0.6131658554077148,0.6131658554077148,0.756112277507782,0.756112277507782,0.5199999809265137,0.6752099990844727,0.5916454195976257
4,145,0.053219228982925415,-0.00591327715665102,0.08577828109264374,0.6899999976158142,0.7400000095367432,--,--,--,--,0.6903499960899353,0.7400000095367432,0.7165890336036682
4,146,0.02938561700284481,-0.044260766357183456,0.05710075795650482,0.6899999976158142,0.8199999928474426,--,--,--,--,0.6899999976158142,0.8190799951553345,0.7508687376976013
4,147,0.09075218439102173,-0.017900126054883003,0.14135873317718506,0.7200000286102295,0.9900000095367432,--,--,--,--,0.7219099998474121,0.9900000095367432,0.863580584526062
4,148,0.028608400374650955,-0.05383298546075821,0.05022578686475754,0.6800000071525574,0.9200000166893005,--,--,--,--,0.6800000071525574,0.9182999730110168,0.7923730611801147
4,149,0.08217943459749222,-0.011659827083349228,0.14419688284397125,0.550000011920929,0.8600000143051147,--,--,--,--,0.5521900057792664,0.8600000143051147,0.7148516774177551
4,150,0.29878827929496765,0.0,0.47852417826652527,0.8799999952316284,0.8799999952316284,0.5201548337936401,0.5201548337936401,0.5345511436462402,0.5345511436462402,0.8801800012588501,0.9064199924468994,0.8932435512542725
4,151,0.3176651895046234,0.0,0.5076000094413757,0.8999999761581421,0.8999999761581421,0.5352709889411926,0.5352709889411926,0.5604645013809204,0.5604645013809204,0.9003099799156189,0.9462299942970276,0.9231762290000916
4,152,0.26387548446655273,0.0,0.41091758012771606,0.7599999904632568,0.7599999904632568,0.5906968116760254,0.5906968116760254,0.6554802060127258,0.6554802060127258,0.7607899904251099,0.8788800239562988,0.8195961117744446
4,153,0.19627486169338226,0.0,0.29653170704841614,0.6899999976158142,0.6899999976158142,0.585658073425293,0.585658073425293,0.6468424201011658,0.6468424201011658,0.690750002861023,0.8022800087928772,0.7462853193283081
4,154,0.9322410225868225,-1.6583393812179565,0.06911183148622513,0.5600000023841858,0.5600000023841858,0.5050387382507324,0.5050387382507324,0.5086377859115601,0.5086377859115601,0.5600399971008301,0.5666000247001648,0.5633108019828796
4,155,0.3025873005390167,0.0,0.4827393889427185,0.6700000166893005,0.6700000166893005,0.7908863425254822,0.7908863425254822,0.6071686744689941,0.6071686744689941,0.6700000166893005,0.9330800175666809,0.8064866662025452
4,156,0.16384188830852509,-0.3370542526245117,0.03532926365733147,0.6100000143051147,0.6100000143051147,0.537533700466156,0.537533700466156,0.5138282179832458,0.5138282179832458,0.6100000143051147,0.6439499855041504,0.627610981464386
4,157,0.2071256786584854,0.0,0.37847691774368286,0.5099999904632568,0.5099999904632568,0.9316378235816956,0.9316378235816956,0.6590244770050049,0.6590244770050049,0.5099999904632568,0.9003700017929077,0.7125283479690552
4,158,0.4396509528160095,0.0,0.6323655247688293,0.9599999785423279,0.9599999785423279,0.537533700466156,0.537533700466156,0.5138282179832458,0.5138282179832458,0.9599999785423279,0.9939500093460083,0.9776113033294678
4,159,0.20082759857177734,0.0,0.35194602608680725,0.5600000023841858,0.5600000023841858,0.828420102596283,0.828420102596283,0.62099689245224,0.62099689245224,0.5600000023841858,0.8570200204849243,0.7140978574752808
4,160,0.05064636096358299,-0.004151463508605957,0.10166311264038086,0.5899999737739563,0.9599999785423279,--,--,--,--,0.5933499932289124,0.9599999785423279,0.7652736902236938
4,161,0.04373817890882492,-0.013023337349295616,0.10558006167411804,0.550000011920929,0.9300000071525574,--,--,--,--,0.5534399747848511,0.9300000071525574,0.7300107479095459
4,162,0.0879245474934578,0.0,0.1368049532175064,0.8100000023841858,0.8299999833106995,--,--,--,--,0.8101800084114075,0.8299999833106995,0.8194741606712341
4,163,0.060775965452194214,-0.024146953597664833,0.1036510318517685,0.6800000071525574,0.9100000262260437,--,--,--,--,0.6800000071525574,0.9079200029373169,0.801045835018158
4,164,0.07720629870891571,-0.20867393910884857,0.11371046304702759,0.550000011920929,0.5899999737739563,--,--,--,--,0.5503600239753723,0.5899999737739563,0.56894850730896
4,165,0.07980851829051971,-0.004262208938598633,0.13390588760375977,0.7099999785423279,0.75,--,--,--,--,0.7099999785423279,0.75,0.7316226363182068
4,166,0.059467826038599014,-0.004479885101318359,0.09583377838134766,0.6800000071525574,0.75,--,--,--,--,0.6800000071525574,0.75,0.7121602892875671
4,167,0.1325421929359436,-0.0007249415502883494,0.21964313089847565,0.8399999737739563,0.8999999761581421,--,--,--,--,0.8399999737739563,0.8999999761581421,0.8724339008331299
4,168,0.08652233332395554,-0.006459532305598259,0.12955278158187866,0.7200000286102295,0.8700000047683716,--,--,--,--,0.7200000286102295,0.8700000047683716,0.7889150977134705
4,169,0.22947989404201508,-0.5254660844802856,0.03317951411008835,0.5299999713897705,0.6000000238418579,--,--,--,--,0.5299999713897705,0.6000000238418579,0.5678396224975586
4,170,0.06277116388082504,0.0,0.11529700458049774,0.6399999856948853,0.8500000238418579,--,--,--,--,0.6419000029563904,0.8500000238418579,0.7394797801971436
4,171,0.054221995174884796,-0.0692484974861145,0.12535296380519867,0.6299999952316284,0.6399999856948853,--,--,--,--,0.6299999952316284,0.6399099826812744,0.6352630853652954
4,172,0.035208072513341904,-0.060649141669273376,0.06875799596309662,0.5099999904632568,0.8299999833106995,--,--,--,--,0.5099999904632568,0.8270999789237976,0.6784118413925171
4,173,0.0875539779663086,0.0,0.15024681389331818,0.8600000143051147,0.9300000071525574,--,--,--,--,0.8606299757957458,0.9300000071525574,0.8931598663330078
4,174,0.06563933938741684,0.0,0.12149583548307419,0.6499999761581421,0.7900000214576721,--,--,--,--,0.6512699723243713,0.7900000214576721,0.7163198590278625
4,175,0.26566654443740845,0.0,0.47903305292129517,0.6200000047683716,0.6200000047683716,0.7396252155303955,0.7396252155303955,0.6008948087692261,0.6008948087692261,0.6200000047683716,0.8754500150680542,0.7507619261741638
4,176,0.445013165473938,0.0,0.6435498595237732,0.9700000286102295,0.9700000286102295,0.5184327363967896,0.5184327363967896,0.5077611207962036,0.5077611207962036,0.9700000286102295,0.9896500110626221,0.9800586104393005
4,177,0.2917390465736389,0.0,0.48312264680862427,0.699999988079071,0.699999988079071,0.6474616527557373,0.6474616527557373,0.5620891451835632,0.5620891451835632,0.699999988079071,0.857200026512146,0.7804688215255737
4,178,0.10000907629728317,-0.21205462515354156,0.03615737333893776,0.5799999833106995,0.5799999833106995,0.5829471945762634,0.5829471945762634,0.534925103187561,0.534925103187561,0.5799999833106995,0.668429970741272,0.6252638101577759
4,179,0.03762948885560036,-0.07968807220458984,0.06207675114274025,0.6600000262260437,0.6600000262260437,0.5184327363967896,0.5184327363967896,0.5077611207962036,0.5077611207962036,0.6600000262260437,0.6796500086784363,0.6700584888458252
4,180,0.31971684098243713,0.0,0.5140516757965088,0.8899999856948853,0.8899999856948853,0.5879999995231628,0.5879999995231628,0.5659999847412109,0.5659999847412109,0.8899999856948853,0.9504899978637695,0.9162045121192932
4,181,0.04089828580617905,-0.09070073068141937,0.07293272763490677,0.5699999928474426,0.5699999928474426,0.7400000095367432,0.7400000095367432,0.6800000071525574,0.6800000071525574,0.5699999928474426,0.7349600195884705,0.6414662003517151
4,182,0.2880781590938568,0.0,0.4481014907360077,0.8700000047683716,0.8700000047683716,0.5080000162124634,0.5080000162124634,0.5059999823570251,0.5059999823570251,0.8700000047683716,0.8755000233650208,0.8723821043968201
4,183,0.04905683174729347,-0.10770283639431,0.07163293659687042,0.5899999737739563,0.5899999737739563,0.6759999990463257,0.6759999990463257,0.6320000290870667,0.6320000290870667,0.5899999737739563,0.7109699845314026,0.6424086093902588
4,184,0.19069156050682068,0.0,0.3364439904689789,0.6899999976158142,0.6899999976158142,0.7400000095367432,0.7400000095367432,0.6800000071525574,0.6800000071525574,0.6899999976158142,0.854960024356842,0.7614662051200867
4,185,0.12369665503501892,-0.0057969167828559875,0.21298933029174805,0.8600000143051147,0.9399999976158142,--,--,--,--,0.8600000143051147,0.9398900270462036,0.9050188660621643
4,186,0.05878793075680733,-0.03543265536427498,0.11950208246707916,0.5400000214576721,0.8100000023841858,--,--,--,--,0.5400000214576721,0.8096399903297424,0.6919386982917786
4,187,0.046608272939920425,-0.14240118861198425,0.047034021466970444,0.5699999928474426,0.7300000190734863,--,--,--,--,0.5702099800109863,0.7300000190734863,0.6399622559547424
4,188,0.1239113137125969,-0.0069149271585047245,0.21583370864391327,0.8600000143051147,0.9599999785423279,--,--,--,--,0.8600000143051147,0.9598699808120728,0.9162737131118774
4,189,0.034314271062612534,-0.016607917845249176,0.06938278675079346,0.6499999761581421,0.7599999904632568,--,--,--,--,0.6501500010490417,0.7599999904632568,0.69809889793396
4,190,0.42974117398262024,0.0,0.6191725730895996,1.0,1.0,0.5,0.5,0.5,0.5,1.0,1.0,1.0
4,191,0.3807026743888855,0.0,0.5747815370559692,0.8600000143051147,0.8600000143051147,0.5560019612312317,0.5560019612312317,0.5704541206359863,0.5704541206359863,0.8600000143051147,0.9519100189208984,0.9059609174728394
4,192,0.3784168064594269,0.0,0.5755324363708496,0.8500000238418579,0.8500000238418579,0.5622243881225586,0.5622243881225586,0.5782822966575623,0.5782822966575623,0.8500000238418579,0.9521200060844421,0.9010679125785828
4,193,0.4670168459415436,-0.7632233500480652,0.019927801564335823,0.5299999713897705,0.5299999713897705,0.5497795343399048,0.5497795343399048,0.5626258850097656,0.5626258850097656,0.5299999713897705,0.6116999983787537,0.5708542466163635
4,194,0.3770655393600464,0.0,0.599943220615387,0.800000011920929,0.800000011920929,0.6120039224624634,0.6120039224624634,0.6409081816673279,0.6409081816673279,0.800000011920929,0.9838200211524963,0.891921877861023
4,195,0.11119541525840759,-0.24920649826526642,0.04058719053864479,0.5699999928474426,0.5699999928474426,0.6330693364143372,0.6330693364143372,0.54350346326828,0.54350346326828,0.5699999928474426,0.6959599852561951,0.6298372149467468
4,196,0.18824057281017303,0.0,0.25919076800346375,0.7300000190734863,0.7300000190734863,0.5475247502326965,0.5475247502326965,0.5155369639396667,0.5155369639396667,0.7300000190734863,0.7749900221824646,0.7513704299926758
4,197,1.6468173265457153,-2.559555768966675,0.057028431445360184,0.5199999809265137,0.5199999809265137,0.5380198359489441,0.5380198359489441,0.5124295353889465,0.5124295353889465,0.5199999809265137,0.5559899806976318,0.537096381187439
4,198,0.3035348355770111,0.0,0.4877941310405731,0.7699999809265137,0.7699999809265137,0.7091089487075806,0.7091089487075806,0.5683625340461731,0.5683625340461731,0.7699999809265137,0.9679399728775024,0.864029586315155
4,199,0.3384459912776947,0.0,0.48536065220832825,0.8600000143051147,0.8600000143051147,0.5475247502326965,0.5475247502326965,0.5155369639396667,0.5155369639396667,0.8600000143051147,0.904990017414093,0.8813702464103699
4,200,0.03845826908946037,-0.10230346769094467,0.058916401118040085,0.5099999904632568,0.9200000166893005,--,--,--,--,0.5099999904632568,0.9188200235366821,0.7121697664260864
4,201,0.06016026809811592,-0.006714377552270889,0.116440050303936,0.6000000238418579,0.8500000238418579,--,--,--,--,0.6007199883460999,0.8500000238418579,0.726725697517395
4,202,0.12862081825733185,-0.021795928478240967,0.3144594430923462,0.9599999785423279,0.9800000190734863,--,--,--,--,0.9600600004196167,0.9800000190734863,0.9701381325721741
4,203,0.052514851093292236,-0.018284976482391357,0.09892069548368454,0.6899999976158142,0.699999988079071,--,--,--,--,0.6899999976158142,0.699970006942749,0.694931149482727
4,204,0.05037868395447731,-0.14140786230564117,0.08490652590990067,0.5,0.699999988079071,--,--,--,--,0.5005800127983093,0.699999988079071,0.601380467414856
4,205,0.15381477773189545,0.0,0.23186317086219788,0.6700000166893005,0.8299999833106995,--,--,--,--,0.6708099842071533,0.8299999833106995,0.7769066691398621
4,206,0.07631583511829376,-0.14581434428691864,0.01898079738020897,0.5299999713897705,0.9100000262260437,--,--,--,--,0.5299999713897705,0.908079981803894,0.6560969948768616
4,207,0.0921495109796524,0.0,0.15110687911510468,0.5799999833106995,0.7099999785423279,--,--,--,--,0.5806599855422974,0.7099999785423279,0.6668617129325867
4,208,0.02363019436597824,-0.05610208958387375,0.03686591982841492,0.6299999952316284,0.9100000262260437,--,--,--,--,0.6299999952316284,0.9085900187492371,0.7229135036468506
4,209,0.1935565173625946,0.0,0.3024967312812805,0.6499999761581421,0.9900000095367432,--,--,--,--,0.6517199873924255,0.9900000095367432,0.8771761655807495
4,210,0.413945734500885,-0.771742582321167,0.04507242888212204,0.6000000238418579,0.6000000238418579,0.5064193606376648,0.5064193606376648,0.507667601108551,0.507667601108551,0.600059986114502,0.6133300065994263,0.6083406805992126
4,211,0.4122958183288574,0.0,0.5650132894515991,0.75,0.75,0.6091292500495911,0.6091292500495911,0.630348801612854,0.630348801612854,0.7510700225830078,0.976610004901886,0.8917911052703857
4,212,0.4502153992652893,0.0,0.6086437702178955,0.8600000143051147,0.8600000143051147,0.5770323872566223,0.5770323872566223,0.5920109152793884,0.5920109152793884,0.8607500195503235,1.0199999809265137,0.9600882530212402
4,213,0.40724772214889526,0.0,0.5653982758522034,0.6899999976158142,0.6899999976158142,0.6476454138755798,0.6476454138755798,0.6763542890548706,0.6763542890548706,0.6914499998092651,0.9965900182723999,0.8818351626396179
4,214,0.39388447999954224,0.0,0.508089542388916,0.8500000238418579,0.8500000238418579,0.5256774425506592,0.5256774425506592,0.5306702852249146,0.5306702852249146,0.8502500057220459,0.9033200144767761,0.8833625316619873
4,215,0.17225022614002228,-0.3761187493801117,0.021684134379029274,0.6200000047683716,0.6200000047683716,0.5562225580215454,0.5562225580215454,0.5702781677246094,0.5702781677246094,0.6200000047683716,0.6589199900627136,0.6327505111694336
4,216,0.19118890166282654,0.0,0.26556235551834106,0.75,0.75,0.5437286496162415,0.5437286496162415,0.5546607971191406,0.5546607971191406,0.75,0.780269980430603,0.7599170207977295
4,217,0.17100092768669128,0.0,0.24028587341308594,0.7400000095367432,0.7400000095367432,0.5312347412109375,0.5312347412109375,0.5390434265136719,0.5390434265136719,0.7400000095367432,0.7616199851036072,0.7470837235450745
4,218,0.23433230817317963,-0.5062839388847351,0.025549782440066338,0.6200000047683716,0.6200000047683716,0.5312347412109375,0.5312347412109375,0.5390434265136719,0.5390434265136719,0.6200000047683716,0.6416199803352356,0.6270835995674133
4,219,0.10985870659351349,-0.2050914764404297,0.01892983727157116,0.5799999833106995,0.5799999833106995,0.6749145984649658,0.6749145984649658,0.7186432480812073,0.7186432480812073,0.5799999833106995,0.7010800242424011,0.6196681261062622
4,220,0.3711846172809601,0.0,0.595395565032959,0.8899999856948853,0.8899999856948853,0.5709221959114075,0.5709221959114075,0.5554079413414001,0.5554079413414001,0.8899999856948853,0.9642900228500366,0.92266446352005
4,221,0.3786078989505768,0.0,0.5955158472061157,0.9100000262260437,0.9100000262260437,0.5472814440727234,0.5472814440727234,0.5369386672973633,0.5369386672973633,0.9100000262260437,0.9595199823379517,0.9317764639854431
4,222,0.3747011125087738,0.0,0.5790112614631653,0.9100000262260437,0.9100000262260437,0.5236407518386841,0.5236407518386841,0.5184693336486816,0.5184693336486816,0.9100000262260437,0.9347599744796753,0.9208880662918091
4,223,0.34096166491508484,0.0,0.5676083564758301,0.8299999833106995,0.8299999833106995,0.6024431586265564,0.6024431586265564,0.5800337195396423,0.5800337195396423,0.8299999833106995,0.9373000264167786,0.877182126045227
4,224,0.265398234128952,0.0,0.45562025904655457,0.75,0.75,0.5866826772689819,0.5866826772689819,0.5677208304405212,0.5677208304405212,0.75,0.8407899737358093,0.789923369884491
4,225,0.10366611927747726,-0.007518903352320194,0.28215160965919495,0.5699999928474426,0.5699999928474426,0.579284131526947,0.579284131526947,0.7265260219573975,0.7265260219573975,0.5699999928474426,0.7822200059890747,0.6640743613243103
4,226,0.3823721706867218,0.0,0.607107937335968,0.9599999785423279,0.9599999785423279,0.5066069960594177,0.5066069960594177,0.5188771486282349,0.5188771486282349,0.9599999785423279,0.9776899814605713,0.9678396582603455
4,227,0.17962364852428436,0.0,0.2824386656284332,0.7400000095367432,0.7400000095367432,0.5066069960594177,0.5066069960594177,0.5188771486282349,0.5188771486282349,0.7400000095367432,0.7576900124549866,0.7478396892547607
4,228,0.25171223282814026,0.0,0.40088197588920593,0.7799999713897705,0.7799999713897705,0.5132139921188354,0.5132139921188354,0.5377543568611145,0.5377543568611145,0.7799999713897705,0.8153700232505798,0.7956790924072266
4,229,0.2557436227798462,0.0,0.4587062895298004,0.7099999785423279,0.7099999785423279,0.5594630837440491,0.5594630837440491,0.6698945164680481,0.6698945164680481,0.7099999785423279,0.8691700100898743,0.7805558443069458
4,230,0.17486542463302612,-0.0025887421797960997,0.259232759475708,0.6200000047683716,0.6200000047683716,0.6844699382781982,0.6844699382781982,0.6373712420463562,0.6373712420463562,0.6200000047683716,0.8121899962425232,0.7233168482780457
4,231,0.37363094091415405,-0.6619377732276917,0.03488690033555031,0.5699999928474426,0.5699999928474426,0.5641634464263916,0.5641634464263916,0.5477812886238098,0.5477812886238098,0.5699999928474426,0.6368499994277954,0.6059364080429077
4,232,0.18752633035182953,0.0,0.27001237869262695,0.6399999856948853,0.6399999856948853,0.6684290766716003,0.6684290766716003,0.6254258751869202,0.6254258751869202,0.6399999856948853,0.8154799938201904,0.7343329787254333
4,233,0.3317781388759613,0.0,0.4528133273124695,0.8399999737739563,0.8399999737739563,0.5802043080329895,0.5802043080329895,0.5597265958786011,0.5597265958786011,0.8399999737739563,0.9235600233078003,0.8849204778671265
4,234,0.3159918189048767,0.0,0.43106088042259216,0.8100000023841858,0.8100000023841858,0.5962451696395874,0.5962451696395874,0.5716719627380371,0.5716719627380371,0.8100000023841858,0.9102699756622314,0.8639044761657715
4,235,0.31069278717041016,-0.685456395149231,0.027672449126839638,0.5400000214576721,0.5600000023841858,--,--,--,--,0.5400000214576721,0.5600000023841858,0.5516654849052429
4,236,0.02428760565817356,-0.062191192060709,0.05006790533661842,0.5799999833106995,0.699999988079071,--,--,--,--,0.5799999833106995,0.699999988079071,0.6499923467636108
4,237,0.03736015409231186,-0.002565202536061406,0.06661596894264221,0.6200000047683716,0.9599999785423279,--,--,--,--,0.6200000047683716,0.9599999785423279,0.7616887092590332
4,238,0.05330650135874748,-0.025433797389268875,0.0938316136598587,0.6499999761581421,0.7400000095367432,--,--,--,--,0.6499999761581421,0.7400000095367432,0.7024941444396973
4,239,0.0489969365298748,-0.008913543075323105,0.0690658837556839,0.6700000166893005,0.8600000143051147,--,--,--,--,0.6700000166893005,0.8600000143051147,0.749178946018219
4,240,0.07312792539596558,-0.012936051934957504,0.13806265592575073,0.5600000023841858,0.9200000166893005,--,--,--,--,0.5600000023841858,0.9200000166893005,0.7556076645851135
4,241,0.060138728469610214,-0.025173276662826538,0.11615380644798279,0.550000011920929,0.8199999928474426,--,--,--,--,0.550000011920929,0.8199999928474426,0.6967056393623352
4,242,0.021930206567049026,-0.05047956481575966,0.02767353132367134,0.6000000238418579,0.9599999785423279,--,--,--,--,0.6000000238418579,0.9599999785423279,0.7643923163414001
4,243,0.031579628586769104,-0.06679367274045944,0.02156396582722664,0.5600000023841858,0.9200000166893005,--,--,--,--,0.5600000023841858,0.9200000166893005,0.7243924736976624
4,244,0.034789104014635086,-0.02866831049323082,0.06673640012741089,0.7400000095367432,0.9700000286102295,--,--,--,--,0.7400000095367432,0.9700000286102295,0.8450284004211426
4,245,0.10022320598363876,0.0,0.19960451126098633,0.7599999904632568,0.8799999952316284,--,--,--,--,0.7606199979782104,0.8799999952316284,0.8251838684082031
4,246,0.06246888265013695,-0.17035630345344543,0.028413625434041023,0.5299999713897705,0.7099999785423279,--,--,--,--,0.5299999713897705,0.7090700268745422,0.6122241616249084
4,247,0.20077383518218994,-0.47099995613098145,0.06415186822414398,0.5299999713897705,0.6000000238418579,--,--,--,--,0.5303599834442139,0.6000000238418579,0.5680239200592041
4,248,0.05840834975242615,-0.06169763579964638,0.12684813141822815,0.5,0.9100000262260437,--,--,--,--,0.5021100044250488,0.9100000262260437,0.7227115035057068
4,249,0.028022125363349915,-0.06409957259893417,0.07852724194526672,0.6600000262260437,0.6600000262260437,--,--,--,--,0.6600000262260437,0.6600000262260437,0.6600021123886108
4,250,0.01848163641989231,-0.0604870468378067,0.028165265917778015,0.6399999856948853,0.7300000190734863,--,--,--,--,0.6399999856948853,0.7300000190734863,0.6810979843139648
4,251,0.051423605531454086,-0.021489247679710388,0.0873674675822258,0.8100000023841858,0.9700000286102295,--,--,--,--,0.8100000023841858,0.9700000286102295,0.8830630779266357
4,252,0.046809058636426926,-0.13492704927921295,0.02229839749634266,0.5899999737739563,0.699999988079071,--,--,--,--,0.5899999737739563,0.699999988079071,0.6402311325073242
4,253,0.07115460187196732,-0.014817132614552975,0.13592751324176788,0.550000011920929,0.9100000262260437,--,--,--,--,0.550000011920929,0.9100000262260437,0.7456075549125671
4,254,0.021944688633084297,-0.050391413271427155,0.02821316011250019,0.6000000238418579,0.9700000286102295,--,--,--,--,0.6000000238418579,0.9700000286102295,0.7689588665962219
4,255,0.07542968541383743,-0.03894251212477684,0.24282272160053253,0.5699999928474426,0.5699999928474426,0.6100742816925049,0.6100742816925049,0.7132689356803894,0.7132689356803894,0.5699999928474426,0.7388700246810913,0.6442431211471558
4,256,0.3695068657398224,0.0,0.6012667417526245,0.9399999976158142,0.9399999976158142,0.5137593150138855,0.5137593150138855,0.5266585946083069,0.5266585946083069,0.9399999976158142,0.96110999584198,0.949280321598053
4,257,0.10746055096387863,-0.03331528976559639,0.2641482949256897,0.6200000047683716,0.6200000047683716,0.5825557112693787,0.5825557112693787,0.6599517464637756,0.6599517464637756,0.6200000047683716,0.746649980545044,0.6756820678710938
4,258,0.23693236708641052,0.0,0.40029624104499817,0.7599999904632568,0.7599999904632568,0.5275185704231262,0.5275185704231262,0.5533172488212585,0.5533172488212585,0.7599999904632568,0.8022199869155884,0.7785606384277344
4,259,0.29643869400024414,0.0,0.5076660513877869,0.800000011920929,0.800000011920929,0.5458642840385437,0.5458642840385437,0.5888620615005493,0.5888620615005493,0.800000011920929,0.8703600168228149,0.8309347629547119
4,260,0.2978508174419403,0.0,0.42042115330696106,0.8500000238418579,0.8500000238418579,0.5,0.5,0.5,0.5,0.8500000238418579,0.8500000238418579,0.8500016331672668
4,261,0.22505997121334076,0.0,0.413592666387558,0.6600000262260437,0.6600000262260437,0.6808638572692871,0.6808638572692871,0.7137481570243835,0.7137481570243835,0.6600000262260437,0.8347700238227844,0.7356316447257996
4,262,0.3894391357898712,0.0,0.5689411759376526,0.9900000095367432,0.9900000095367432,0.5,0.5,0.5,0.5,0.9900000095367432,0.9900000095367432,0.9900022149085999
4,263,0.06752339005470276,-0.0009863664163276553,0.15518416464328766,0.6299999952316284,0.6299999952316284,0.6033507585525513,0.6033507585525513,0.6221417784690857,0.6221417784690857,0.6299999952316284,0.7298700213432312,0.6732181906700134
4,264,0.3763848841190338,0.0,0.5487626194953918,0.9599999785423279,0.9599999785423279,0.5064594149589539,0.5064594149589539,0.5076338648796082,0.5076338648796082,0.9599999785423279,0.9662399888038635,0.9627009034156799
4,265,0.06250052899122238,-0.017764605581760406,0.12470223009586334,0.699999988079071,0.8199999928474426,--,--,--,--,0.699999988079071,0.8199999928474426,0.7617022395133972
4,266,0.11688382178544998,0.0,0.25776177644729614,0.8799999952316284,0.9800000190734863,--,--,--,--,0.8799999952316284,0.9800000190734863,0.928581178188324
4,267,0.07670256495475769,0.0,0.14940817654132843,0.699999988079071,0.8399999737739563,--,--,--,--,0.699999988079071,0.8399999737739563,0.7680138349533081
4,268,0.07066528499126434,-0.0180329792201519,0.15848387777805328,0.7300000190734863,0.9399999976158142,--,--,--,--,0.7300000190734863,0.9399999976158142,0.8379790186882019
4,269,0.0946158766746521,0.0,0.20238208770751953,0.7200000286102295,1.0,--,--,--,--,0.7200000286102295,1.0,0.8560280203819275
4,270,0.19056177139282227,-0.39056992530822754,0.016456758603453636,0.6100000143051147,0.6100000143051147,0.5299999713897705,0.5299999713897705,0.5400000214576721,0.5400000214576721,0.6100000143051147,0.6445099711418152,0.6253767609596252
4,271,0.3643953502178192,0.0,0.5659936666488647,0.9700000286102295,0.9700000286102295,0.5180000066757202,0.5180000066757202,0.5239999890327454,0.5239999890327454,0.9700000286102295,0.9907000064849854,0.9792260527610779
4,272,0.35019418597221375,0.0,0.5414305329322815,0.9399999976158142,0.9399999976158142,0.5180000066757202,0.5180000066757202,0.5239999890327454,0.5239999890327454,0.9399999976158142,0.9606999754905701,0.9492260813713074
4,273,0.17919358611106873,0.0,0.2584523856639862,0.7300000190734863,0.7300000190734863,0.5360000133514404,0.5360000133514404,0.5479999780654907,0.5479999780654907,0.7300000190734863,0.7714099884033203,0.7484523057937622
4,274,0.24080854654312134,0.0,0.3652530908584595,0.7699999809265137,0.7699999809265137,0.5479999780654907,0.5479999780654907,0.5640000104904175,0.5640000104904175,0.7699999809265137,0.8252099752426147,0.7946029305458069
4,275,0.03164994716644287,-0.09431461244821548,0.03670791536569595,0.5799999833106995,0.800000011920929,--,--,--,--,0.5799999833106995,0.800000011920929,0.6764724254608154
4,276,0.173920139670372,-0.4024377465248108,0.03461608663201332,0.550000011920929,0.6299999952316284,--,--,--,--,0.550000011920929,0.6299999952316284,0.5850811004638672
4,277,0.02587149105966091,-0.09388678520917892,0.02872997708618641,0.6299999952316284,0.7200000286102295,--,--,--,--,0.6299999952316284,0.7200000286102295,0.6694661974906921
4,278,0.03906111791729927,-0.003960325848311186,0.06106270104646683,0.6800000071525574,0.8700000047683716,--,--,--,--,0.6800000071525574,0.8700000047683716,0.7633171081542969
4,279,0.13426867127418518,-0.0012083599576726556,0.2601807117462158,0.9599999785423279,0.9800000190734863,--,--,--,--,0.9599999785423279,0.9800000190734863,0.9712297916412354
4,280,0.2529284358024597,-0.4988234341144562,0.031090160831809044,0.550000011920929,0.550000011920929,0.5930353403091431,0.5930353403091431,0.6176623106002808,0.6176623106002808,0.550000011920929,0.6486600041389465,0.5963618159294128
4,281,0.10605425387620926,-0.2680283188819885,0.038825906813144684,0.5400000214576721,0.5400000214576721,0.6426541805267334,0.6426541805267334,0.6804155707359314,0.6804155707359314,0.5400000214576721,0.6912800073623657,0.6110879778862
4,282,0.30263248085975647,0.0,0.47641721367836,0.8100000023841858,0.8100000023841858,0.6054400205612183,0.6054400205612183,0.633350670337677,0.633350670337677,0.8100000023841858,0.92180997133255,0.8625433444976807
4,283,0.31584739685058594,0.0,0.47581639885902405,0.8500000238418579,0.8500000238418579,0.5682259202003479,0.5682259202003479,0.5862857103347778,0.5862857103347778,0.8500000238418579,0.9223499894142151,0.8839985132217407
4,284,0.25927722454071045,0.0,0.44050219655036926,0.7300000190734863,0.7300000190734863,0.6426541805267334,0.6426541805267334,0.6804155707359314,0.6804155707359314,0.7300000190734863,0.8812800049781799,0.8010881543159485
4,285,0.07612995058298111,-0.018204109743237495,0.1328565627336502,0.5400000214576721,0.9900000095367432,--,--,--,--,0.5400000214576721,0.9900000095367432,0.7821676731109619
4,286,0.10430455207824707,-0.0003863464808091521,0.18663257360458374,0.8199999928474426,0.9399999976158142,--,--,--,--,0.8199999928474426,0.9399999976158142,0.8754218816757202
4,287,0.055637434124946594,-0.017097722738981247,0.10560310631990433,0.6399999856948853,0.9599999785423279,--,--,--,--,0.6399999856948853,0.9599999785423279,0.7877918481826782
4,288,0.034190960228443146,-0.039597511291503906,0.07910442352294922,0.5799999833106995,0.75,--,--,--,--,0.5799999833106995,0.75,0.6714855432510376
4,289,0.12143249809741974,-0.006469415035098791,0.19641700387001038,0.8299999833106995,0.9900000095367432,--,--,--,--,0.8299999833106995,0.9900000095367432,0.9161038994789124
4,290,0.05154747515916824,-0.025904562324285507,0.09082940220832825,0.6700000166893005,0.8100000023841858,--,--,--,--,0.6700000166893005,0.8100000023841858,0.7346587181091309
4,291,0.060559630393981934,-0.02271227352321148,0.11473222076892853,0.5299999713897705,0.8899999856948853,--,--,--,--,0.5299999713897705,0.8899999856948853,0.7237342596054077
4,292,0.13370542228221893,-0.3082708418369293,0.038111209869384766,0.5,0.6899999976158142,--,--,--,--,0.5,0.6899999976158142,0.5877513885498047
4,293,0.08988292515277863,-0.0007072091684676707,0.16222359240055084,0.7699999809265137,0.8999999761581421,--,--,--,--,0.7699999809265137,0.8999999761581421,0.8300403952598572
4,294,0.0978531613945961,-0.0021014665253460407,0.17394407093524933,0.7900000214576721,0.8700000047683716,--,--,--,--,0.7900000214576721,0.8700000047683716,0.8269480466842651
4,295,0.043628841638565063,-0.038884010165929794,0.08931297808885574,0.6800000071525574,0.6800000071525574,0.5174831748008728,0.5174831748008728,0.5097128748893738,0.5097128748893738,0.6800000071525574,0.6991199851036072,0.6899375319480896
4,296,0.3116789758205414,-0.0001515605254098773,0.5365079045295715,0.6399999856948853,0.6399999856948853,0.7884718775749207,0.7884718775749207,0.6602621674537659,0.6602621674537659,0.6399999856948853,0.9554100036621094,0.8039702773094177
4,297,0.26278814673423767,-0.00797808077186346,0.5044510960578918,0.5199999809265137,0.5199999809265137,0.8758876323699951,0.8758876323699951,0.70882648229599,0.70882648229599,0.5199999809265137,0.9309899806976318,0.7336582541465759
4,298,0.36684471368789673,0.0,0.5357720255851746,0.8600000143051147,0.8600000143051147,0.5786741375923157,0.5786741375923157,0.5437078475952148,0.5437078475952148,0.8600000143051147,0.9460200071334839,0.9047192335128784
4,299,0.35645297169685364,0.0,0.5080024003982544,0.8700000047683716,0.8700000047683716,0.5437078475952148,0.5437078475952148,0.5242821574211121,0.5242821574211121,0.8700000047683716,0.9177899956703186,0.8948439359664917
4,300,0.20522120594978333,-0.0037071777042001486,0.33240893483161926,0.6200000047683716,0.6200000047683716,0.7665680050849915,0.7665680050849915,0.5856825709342957,0.5856825709342957,0.6200000047683716,0.8406000137329102,0.7282600998878479
4,301,0.25422629714012146,-0.0008827773854136467,0.40556472539901733,0.6700000166893005,0.6700000166893005,0.7665680050849915,0.7665680050849915,0.5856825709342957,0.5856825709342957,0.6700000166893005,0.8906000256538391,0.7782602906227112
4,302,0.19530512392520905,-0.013938325457274914,0.3108025789260864,0.6800000071525574,0.6800000071525574,0.6523245573043823,0.6523245573043823,0.5489614605903625,0.5489614605903625,0.6800000071525574,0.8060600161552429,0.7418628334999084
4,303,0.2773507833480835,-0.0008365591056644917,0.4358845353126526,0.7599999904632568,0.7599999904632568,0.6618448495864868,0.6618448495864868,0.5520215630531311,0.5520215630531311,0.7599999904632568,0.8939399719238281,0.8257293701171875
4,304,0.1580883264541626,-0.02281201258301735,0.2533248960971832,0.6899999976158142,0.6899999976158142,0.5856825709342957,0.5856825709342957,0.5275408029556274,0.5275408029556274,0.6899999976158142,0.7609099745750427,0.7247979044914246
4,305,0.04425256699323654,-0.008709893561899662,0.08472932130098343,0.6200000047683716,0.6800000071525574,--,--,--,--,0.620419979095459,0.6800000071525574,0.6525366902351379
4,306,0.07989934831857681,-0.00048692410928197205,0.11165830492973328,0.6399999856948853,0.7599999904632568,--,--,--,--,0.6408299803733826,0.7599999904632568,0.7050737738609314
4,307,0.11085337400436401,0.0,0.19683407247066498,0.6899999976158142,0.8999999761581421,--,--,--,--,0.6914600133895874,0.8999999761581421,0.8038792610168457
4,308,0.13591811060905457,0.0,0.26354655623435974,0.800000011920929,0.9900000095367432,--,--,--,--,0.8013200163841248,0.9900000095367432,0.903033971786499
4,309,0.41184478998184204,-1.0307773351669312,0.05931353569030762,0.5299999713897705,0.5600000023841858,--,--,--,--,0.5299999713897705,0.5597900152206421,0.5437313914299011
4,310,0.15239271521568298,-0.007575574796646833,0.30778542160987854,0.8899999856948853,0.9100000262260437,--,--,--,--,0.8899999856948853,0.9098600149154663,0.8991543054580688
4,311,0.09476445615291595,-0.021066201850771904,0.19702261686325073,0.7300000190734863,0.9200000166893005,--,--,--,--,0.7300000190734863,0.9186800122261047,0.8169660568237305
4,312,0.11607366800308228,-0.004711438436061144,0.2025018334388733,0.7400000095367432,0.7900000214576721,--,--,--,--,0.7403500080108643,0.7900000214576721,0.7671140432357788
4,313,0.07490471750497818,-0.011506862938404083,0.1150038093328476,0.5799999833106995,0.8199999928474426,--,--,--,--,0.5816699862480164,0.8199999928474426,0.71014803647995
4,314,0.04911506548523903,-0.014805715531110764,0.08676682412624359,0.6499999761581421,0.7200000286102295,--,--,--,--,0.6499999761581421,0.719510018825531,0.6820399165153503
4,315,0.3696506917476654,0.0,0.5419827103614807,0.8600000143051147,0.8600000143051147,0.5,0.5,0.5600000023841858,0.5600000023841858,0.8603699803352356,0.9194999933242798,0.8889484405517578
4,316,0.32665592432022095,0.0,0.48571768403053284,0.7900000214576721,0.7900000214576721,0.5,0.5,0.6000000238418579,0.6000000238418579,0.7906200289726257,0.8891599774360657,0.8382474780082703
4,317,0.4347311556339264,0.0,0.6326389312744141,0.9800000190734863,0.9800000190734863,0.5,0.5,0.5,0.5,0.9800000190734863,0.9800000190734863,0.9799990057945251
4,318,0.211456760764122,0.0,0.29983624815940857,0.7200000286102295,0.7200000286102295,0.5,0.5,0.550000011920929,0.550000011920929,0.7203099727630615,0.7695800065994263,0.7441236972808838
4,319,0.2745806574821472,0.0,0.4366636872291565,0.6899999976158142,0.6899999976158142,0.5,0.5,0.6800000071525574,0.6800000071525574,0.6911100149154663,0.8684899806976318,0.7768452167510986
4,320,0.24144503474235535,0.0,0.35546720027923584,0.7099999785423279,0.7099999785423279,0.5581377744674683,0.5581377744674683,0.6162755489349365,0.6162755489349365,0.7099999785423279,0.8214899897575378,0.7661452293395996
4,321,0.2664794325828552,0.0,0.3645627796649933,0.75,0.75,0.540249228477478,0.540249228477478,0.580498456954956,0.580498456954956,0.75,0.827180027961731,0.7888698577880859
4,322,0.39895108342170715,0.0,0.5423505306243896,0.9200000166893005,0.9200000166893005,0.5134164094924927,0.5134164094924927,0.5268328189849854,0.5268328189849854,0.9200000166893005,0.9457299709320068,0.9329566359519958
4,323,0.3159676790237427,0.0,0.4254845380783081,0.8199999928474426,0.8199999928474426,0.5134164094924927,0.5134164094924927,0.5268328189849854,0.5268328189849854,0.8199999928474426,0.8457300066947937,0.8329566717147827
4,324,0.26091572642326355,0.0,0.42098283767700195,0.699999988079071,0.699999988079071,0.580498456954956,0.580498456954956,0.6609969139099121,0.6609969139099121,0.699999988079071,0.8543699979782104,0.7777398228645325
4,325,0.3662029206752777,0.0,0.5574571490287781,0.9599999785423279,0.9599999785423279,0.5,0.5,0.5,0.5,0.9599999785423279,0.9599999785423279,0.960002601146698
4,326,0.23468546569347382,-0.008534861728549004,0.3711661696434021,0.7699999809265137,0.7699999809265137,0.5552981495857239,0.5552981495857239,0.5232834219932556,0.5232834219932556,0.7699999809265137,0.8112900257110596,0.788637638092041
4,327,0.1003849059343338,-0.007024423219263554,0.24295473098754883,0.6000000238418579,0.6000000238418579,0.721192479133606,0.721192479133606,0.5931336879730225,0.5931336879730225,0.6000000238418579,0.7651500105857849,0.6745499968528748
4,328,0.3120831847190857,0.0,0.4808914363384247,0.8600000143051147,0.8600000143051147,0.5368654131889343,0.5368654131889343,0.515522301197052,0.515522301197052,0.8600000143051147,0.8875200152397156,0.8724251389503479
4,329,0.5870798826217651,-0.9547407031059265,0.02360999397933483,0.5199999809265137,0.5199999809265137,0.610596239566803,0.610596239566803,0.5465668439865112,0.5465668439865112,0.5199999809265137,0.6025699973106384,0.5572750568389893
4,330,0.038142189383506775,-0.059970784932374954,0.09475656598806381,0.6200000047683716,0.8500000238418579,--,--,--,--,0.6200000047683716,0.8500000238418579,0.7289432883262634
4,331,0.042394205927848816,-0.023362373933196068,0.08137756586074829,0.6399999856948853,0.7699999809265137,--,--,--,--,0.6399999856948853,0.7699999809265137,0.7084236145019531
4,332,0.06482473760843277,-0.015402771532535553,0.1325531005859375,0.7599999904632568,0.8199999928474426,--,--,--,--,0.7599999904632568,0.8199999928474426,0.7884200215339661
4,333,0.07296063005924225,-0.0005306029925122857,0.12988947331905365,0.7099999785423279,0.9900000095367432,--,--,--,--,0.7099999785423279,0.9900000095367432,0.8573735356330872
4,334,0.02831677347421646,-0.07833278179168701,0.0427544042468071,0.6200000047683716,0.6600000262260437,--,--,--,--,0.6200000047683716,0.6600000262260437,0.6410531997680664
4,335,0.0773276761174202,-0.04670218750834465,0.14950384199619293,0.6499999761581421,0.9700000286102295,--,--,--,--,0.6499999761581421,0.9682599902153015,0.8250347375869751
4,336,0.07939278334379196,-0.02823645807802677,0.12219870835542679,0.7400000095367432,0.7400000095367432,--,--,--,--,0.7400000095367432,0.7400000095367432,0.7400012016296387
4,337,0.072730153799057,0.0,0.1093447282910347,0.6700000166893005,0.8899999856948853,--,--,--,--,0.6711900234222412,0.8899999856948853,0.7696634531021118
4,338,0.04105144739151001,-0.10990069061517715,0.07230165600776672,0.550000011920929,0.7900000214576721,--,--,--,--,0.550000011920929,0.7886999845504761,0.6812760233879089
4,339,0.09171117842197418,-0.025260047987103462,0.14779925346374512,0.7599999904632568,0.8500000238418579,--,--,--,--,0.7599999904632568,0.8495100140571594,0.8092285990715027
4,340,0.03628087416291237,-0.030541997402906418,0.07432699203491211,0.5699999928474426,0.8100000023841858,--,--,--,--,0.5699999928474426,0.8100000023841858,0.6909329295158386
4,341,0.19463416934013367,-0.572215735912323,0.07329243421554565,0.5699999928474426,0.5699999928474426,--,--,--,--,0.5699999928474426,0.5699999928474426,0.5700002312660217
4,342,0.07960952073335648,-0.008029271848499775,0.1656944453716278,0.7599999904632568,0.8399999737739563,--,--,--,--,0.7599999904632568,0.8399999737739563,0.8003110885620117
4,343,0.03604723513126373,-0.04917515814304352,0.08907892554998398,0.5199999809265137,0.7699999809265137,--,--,--,--,0.5199999809265137,0.7699999809265137,0.6440280675888062
4,344,0.04939933121204376,-0.15577857196331024,0.06329280138015747,0.6100000143051147,0.6299999952316284,--,--,--,--,0.6100000143051147,0.6299999952316284,0.6200776696205139
4,345,0.2185979187488556,-0.42540544271469116,0.04498180374503136,0.5699999928474426,0.5699999928474426,0.5997785329818726,0.5997785329818726,0.5066518783569336,0.5066518783569336,0.5699999928474426,0.6480900049209595,0.6043907999992371
4,346,0.30922070145606995,0.0,0.5028018951416016,0.8500000238418579,0.8500000238418579,0.5498892664909363,0.5498892664909363,0.5033259391784668,0.5033259391784668,0.8500000238418579,0.8890399932861328,0.8671956062316895
4,347,0.06827719509601593,-0.15289920568466187,0.07136841118335724,0.5400000214576721,0.5400000214576721,0.7294905781745911,0.7294905781745911,0.515299379825592,0.515299379825592,0.5400000214576721,0.7196000218391418,0.6190991401672363
4,348,0.15486599504947662,0.0,0.3536490797996521,0.6100000143051147,0.6100000143051147,0.8093134164810181,0.8093134164810181,0.5206208825111389,0.5206208825111389,0.6100000143051147,0.8520600199699402,0.716611921787262
4,349,0.25592344999313354,0.0,0.3979026973247528,0.8100000023841858,0.8100000023841858,0.5099778771400452,0.5099778771400452,0.5006651878356934,0.5006651878356934,0.8100000023841858,0.8178099989891052,0.8134392499923706
4,350,0.048646196722984314,-0.008195201866328716,0.0985628142952919,0.6000000238418579,0.9100000262260437,--,--,--,--,0.6000000238418579,0.9100000262260437,0.7537947297096252
4,351,0.0661592185497284,-0.00556755717843771,0.1303943395614624,0.6800000071525574,0.8700000047683716,--,--,--,--,0.6800000071525574,0.8700000047683716,0.7742614150047302
4,352,0.05092848092317581,-0.01966664381325245,0.08998513966798782,0.6399999856948853,0.8299999833106995,--,--,--,--,0.6399999856948853,0.8299999833106995,0.7357386946678162
4,353,0.0773710086941719,-0.003916687332093716,0.15907981991767883,0.7300000190734863,0.8600000143051147,--,--,--,--,0.7300000190734863,0.8600000143051147,0.7944947481155396
4,354,0.09020882844924927,-0.0040292744524776936,0.19145573675632477,0.800000011920929,0.8399999737739563,--,--,--,--,0.800000011920929,0.8399999737739563,0.8201556205749512
4,355,0.42127200961112976,0.0,0.6025382280349731,0.9700000286102295,0.9700000286102295,0.5027716159820557,0.5027716159820557,0.5096082091331482,0.5096082091331482,0.9700899720191956,0.9789299964904785,0.9748664498329163
4,356,0.4255838990211487,0.0,0.6083232164382935,0.9800000190734863,0.9800000190734863,0.5,0.5,0.5,0.5,0.9800000190734863,0.9800000190734863,0.9799988269805908
4,357,0.17683793604373932,0.0,0.2837033271789551,0.5600000023841858,0.5600000023841858,0.5803765654563904,0.5803765654563904,0.7786388397216797,0.7786388397216797,0.5626000165939331,0.8191199898719788,0.7011227011680603
4,358,0.06858121603727341,-0.012830127030611038,0.09404440224170685,0.6600000262260437,0.6600000262260437,0.5138580203056335,0.5138580203056335,0.5480411648750305,0.5480411648750305,0.6604499816894531,0.7046700119972229,0.684331476688385
4,359,0.15664677321910858,0.0,0.2171076387166977,0.7099999785423279,0.7099999785423279,0.508314847946167,0.508314847946167,0.5288246870040894,0.5288246870040894,0.7102699875831604,0.7368000149726868,0.7245989441871643
4,360,0.36382797360420227,0.0,0.5891104340553284,0.8999999761581421,0.8999999761581421,0.5455554127693176,0.5455554127693176,0.5531479716300964,0.5531479716300964,0.8999999761581421,0.9583100080490112,0.9269111156463623
4,361,0.27167776226997375,0.0,0.4237409234046936,0.800000011920929,0.800000011920929,0.5130158066749573,0.5130158066749573,0.5151851177215576,0.5151851177215576,0.800000011920929,0.8166599869728088,0.8076887130737305
4,362,0.06314906477928162,-0.07175654917955399,0.19254818558692932,0.5299999713897705,0.5299999713897705,0.6561899185180664,0.6561899185180664,0.6822215914726257,0.6822215914726257,0.5299999713897705,0.7299299836158752,0.6222665905952454
4,363,0.3902144134044647,0.0,0.6248745322227478,0.9900000095367432,0.9900000095367432,0.506507933139801,0.506507933139801,0.5075925588607788,0.5075925588607788,0.9900000095367432,0.9983299970626831,0.9938445091247559
4,364,0.19793091714382172,-0.0012390235206112266,0.3005887269973755,0.75,0.75,0.506507933139801,0.506507933139801,0.5075925588607788,0.5075925588607788,0.75,0.7583299875259399,0.7538444399833679
4,365,0.11737214773893356,0.0,0.16578435897827148,0.75,0.8100000023841858,--,--,--,--,0.7501699924468994,0.8100000023841858,0.7838994264602661
4,366,0.07548608630895615,-0.01922929845750332,0.1176534965634346,0.75,0.8799999952316284,--,--,--,--,0.75,0.8796300292015076,0.8065512776374817
4,367,0.11081808805465698,-0.012224838137626648,0.17378437519073486,0.8600000143051147,0.9599999785423279,--,--,--,--,0.8600000143051147,0.9597200155258179,0.9035011529922485
4,368,0.13544513285160065,-0.46016284823417664,0.06863699853420258,0.5799999833106995,0.5799999833106995,--,--,--,--,0.5799999833106995,0.5799999833106995,0.5800014138221741
4,369,0.04067511856555939,-0.027501435950398445,0.06420046091079712,0.6600000262260437,0.6899999976158142,--,--,--,--,0.6600000262260437,0.6899099946022034,0.6730503439903259
4,370,0.26448968052864075,0.0,0.40427321195602417,0.7099999785423279,0.7099999785423279,0.5964418649673462,0.5964418649673462,0.6399962902069092,0.6399962902069092,0.7103999853134155,0.8601899743080139,0.789706826210022
4,371,0.26448968052864075,0.0,0.40427321195602417,0.7099999785423279,0.7099999785423279,0.5964418649673462,0.5964418649673462,0.6399962902069092,0.6399962902069092,0.7103999853134155,0.8601899743080139,0.789706826210022
4,372,0.0517418272793293,-0.11611820012331009,0.07539448887109756,0.6100000143051147,0.6100000143051147,0.5510574579238892,0.5510574579238892,0.5741156935691833,0.5741156935691833,0.6102100014686584,0.6895099878311157,0.6521976590156555
4,373,0.329144150018692,0.0,0.4815811216831207,0.8399999737739563,0.8399999737739563,0.5510574579238892,0.5510574579238892,0.5741156935691833,0.5741156935691833,0.8402100205421448,0.919510006904602,0.8821977376937866
4,374,0.10185447335243225,0.0,0.16134262084960938,0.5400000214576721,0.5400000214576721,0.6361532807350159,0.6361532807350159,0.6976418495178223,0.6976418495178223,0.5405600070953369,0.7520300149917603,0.6525271534919739
4,375,0.1398630291223526,0.0,0.2184605598449707,0.75,0.949999988079071,--,--,--,--,0.7505699992179871,0.949999988079071,0.8629981279373169
4,376,0.025838200002908707,-0.0422266349196434,0.06257347762584686,0.6100000143051147,0.9399999976158142,--,--,--,--,0.6100000143051147,0.9390599727630615,0.7535532116889954
4,377,0.07775098830461502,-0.017181428149342537,0.1189245954155922,0.75,0.8600000143051147,--,--,--,--,0.75,0.8596900105476379,0.797851026058197
4,378,0.0814925879240036,-0.01671667769551277,0.1233530268073082,0.7599999904632568,0.8700000047683716,--,--,--,--,0.7599999904632568,0.8696900010108948,0.8078511953353882
4,379,0.024974914267659187,-0.046923935413360596,0.0600944384932518,0.5799999833106995,0.9800000190734863,--,--,--,--,0.5799999833106995,0.9788600206375122,0.7540037631988525
4,380,0.3301241993904114,0.0,0.5235686302185059,0.7400000095367432,0.7400000095367432,0.7059219479560852,0.7059219479560852,0.5411843657493591,0.5411843657493591,0.7400000095367432,0.9146599769592285,0.8231911063194275
4,381,0.3101051449775696,0.0,0.4774296283721924,0.7599999904632568,0.7599999904632568,0.5980580449104309,0.5980580449104309,0.5196115970611572,0.5196115970611572,0.7599999904632568,0.8431699872016907,0.7996147871017456
4,382,0.22470830380916595,0.0,0.4151870608329773,0.6100000143051147,0.6100000143051147,0.7843683958053589,0.7843683958053589,0.5568736791610718,0.5568736791610718,0.6100000143051147,0.8511899709701538,0.7248826026916504
4,383,0.2158348709344864,0.0,0.4342804551124573,0.550000011920929,0.550000011920929,0.8922322988510132,0.8922322988510132,0.5784464478492737,0.5784464478492737,0.550000011920929,0.8826799988746643,0.7084591388702393
4,384,0.20209254324436188,0.0,0.3088649809360504,0.7200000286102295,0.7200000286102295,0.5294173955917358,0.5294173955917358,0.5058834552764893,0.5058834552764893,0.7200000286102295,0.744949996471405,0.7318845987319946
4,385,0.15411019325256348,-0.00039131747325882316,0.23135828971862793,0.9200000166893005,0.9599999785423279,--,--,--,--,0.9200000166893005,0.9599999785423279,0.9393084049224854
4,386,0.02664915844798088,-0.05954529345035553,0.04986783489584923,0.6200000047683716,0.7300000190734863,--,--,--,--,0.6200000047683716,0.7300000190734863,0.6730982065200806
4,387,0.07398825883865356,-0.01431811973452568,0.11737333238124847,0.550000011920929,0.9399999976158142,--,--,--,--,0.550000011920929,0.9399999976158142,0.7517421841621399
4,388,0.05222742259502411,-0.14279119670391083,0.050664275884628296,0.5600000023841858,0.6800000071525574,--,--,--,--,0.5600000023841858,0.6800000071525574,0.6220746040344238
4,389,0.1355895847082138,-0.0007381041650660336,0.21133507788181305,0.8500000238418579,0.9200000166893005,--,--,--,--,0.8500000238418579,0.9200000166893005,0.8837898969650269
4,390,0.08099045604467392,-0.01539434865117073,0.16690707206726074,0.6499999761581421,0.6499999761581421,0.5190413594245911,0.5190413594245911,0.6184796690940857,0.6184796690940857,0.6499999761581421,0.7160300016403198,0.6825137138366699
4,391,0.11650820821523666,0.0,0.2231556922197342,0.6700000166893005,0.6700000166893005,0.5190413594245911,0.5190413594245911,0.6184796690940857,0.6184796690940857,0.6700000166893005,0.7360299825668335,0.7025137543678284
4,392,0.03246096521615982,-0.06474263966083527,0.07211656123399734,0.5600000023841858,0.5600000023841858,0.5428431034088135,0.5428431034088135,0.7665792107582092,0.7665792107582092,0.5600000023841858,0.7085700035095215,0.633155882358551
4,393,0.23380979895591736,0.0,0.40274566411972046,0.7699999809265137,0.7699999809265137,0.5174545645713806,0.5174545645713806,0.6086063385009766,0.6086063385009766,0.7699999809265137,0.8305299878120422,0.799804151058197
4,394,0.24486367404460907,0.0,0.4172704815864563,0.800000011920929,0.800000011920929,0.5095207095146179,0.5095207095146179,0.5592398047447205,0.5592398047447205,0.800000011920929,0.8330199718475342,0.8162567615509033
4,395,0.320573091506958,-0.007470569107681513,0.5155903100967407,0.9900000095367432,0.9900000095367432,0.5009571313858032,0.5009571313858032,0.5099540948867798,0.5099540948867798,0.9900599718093872,0.9950000047683716,0.9924224615097046
4,396,0.22580453753471375,-0.4759491980075836,0.12379686534404755,0.5699999928474426,0.5699999928474426,0.5143568515777588,0.5143568515777588,0.649311363697052,0.649311363697052,0.570930004119873,0.6450499892234802,0.6063365340232849
4,397,0.2878528833389282,0.0,0.457567036151886,0.9100000262260437,0.9100000262260437,0.507656991481781,0.507656991481781,0.5796326994895935,0.5796326994895935,0.9104999899864197,0.9500300288200378,0.9293792843818665
4,398,0.30852317810058594,-0.007094378583133221,0.49123117327690125,0.9599999785423279,0.9599999785423279,0.5,0.5,0.5,0.5,0.9599999785423279,0.9599999785423279,0.9600021243095398
4,399,1.295560359954834,-2.4033098220825195,0.04985905811190605,0.5299999713897705,0.5299999713897705,0.5047855973243713,0.5047855973243713,0.5497704744338989,0.5497704744338989,0.5303099751472473,0.5550199747085571,0.5421122908592224
4,400,0.10769055783748627,-0.0006968325469642878,0.20157189667224884,0.7400000095367432,0.8299999833106995,--,--,--,--,0.7400000095367432,0.8299999833106995,0.7904713749885559
4,401,0.05847258120775223,-0.011735872365534306,0.08835537731647491,0.6200000047683716,0.7099999785423279,--,--,--,--,0.6200000047683716,0.7099999785423279,0.6704711318016052
4,402,0.07029704749584198,-0.007218122016638517,0.10677393525838852,0.6399999856948853,0.7300000190734863,--,--,--,--,0.6399999856948853,0.7300000190734863,0.6904712915420532
4,403,0.12045826762914658,-0.001318210968747735,0.22265341877937317,0.7099999785423279,0.9399999976158142,--,--,--,--,0.7099999785423279,0.9399999976158142,0.8389819860458374
4,404,0.10699450224637985,-0.0016486322274431586,0.18016067147254944,0.6299999952316284,0.8700000047683716,--,--,--,--,0.6299999952316284,0.8700000047683716,0.764589786529541
4,405,0.25084489583969116,-0.002531974343582988,0.3998141884803772,0.7799999713897705,0.7799999713897705,0.5664078593254089,0.5664078593254089,0.5221359729766846,0.5221359729766846,0.7799999713897705,0.820389986038208,0.7969985604286194
4,406,0.22726911306381226,-0.004750571679323912,0.3510585129261017,0.7699999809265137,0.7699999809265137,0.5284605026245117,0.5284605026245117,0.5094868540763855,0.5094868540763855,0.7699999809265137,0.787310004234314,0.777285099029541
4,407,0.13301603496074677,-0.01795259304344654,0.3080291450023651,0.6399999856948853,0.6399999856948853,0.7846049666404724,0.7846049666404724,0.5948683023452759,0.5948683023452759,0.6399999856948853,0.8130900263786316,0.7128515243530273
4,408,0.28321269154548645,0.0,0.43517395853996277,0.8199999928474426,0.8199999928474426,0.5189736485481262,0.5189736485481262,0.5063245296478271,0.5063245296478271,0.8199999928474426,0.8315399885177612,0.8248567581176758
4,409,0.326214998960495,0.0,0.49732011556625366,0.8700000047683716,0.8700000047683716,0.5094868540763855,0.5094868540763855,0.5031622648239136,0.5031622648239136,0.8700000047683716,0.8757699728012085,0.8724283576011658
4,410,0.23751769959926605,-0.39402300119400024,0.038405273109674454,0.6100000143051147,0.6100000143051147,0.507842481136322,0.507842481136322,0.5289567708969116,0.5289567708969116,0.6100000143051147,0.638450026512146,0.6238598227500916
4,411,0.41167503595352173,0.0,0.6116485595703125,1.0,1.0,0.5,0.5,0.5,0.5,1.0,1.0,1.0
4,412,0.2656930685043335,0.0,0.39216721057891846,0.800000011920929,0.800000011920929,0.5052282810211182,0.5052282810211182,0.5193045139312744,0.5193045139312744,0.800000011920929,0.8189700245857239,0.8092398047447205
4,413,0.08874142915010452,-0.006382347084581852,0.1361665427684784,0.6700000166893005,0.6700000166893005,0.5156849026679993,0.5156849026679993,0.557913601398468,0.557913601398468,0.6700000166893005,0.7268999814987183,0.6977195143699646
4,414,0.2943011522293091,0.0,0.44619080424308777,0.8100000023841858,0.8100000023841858,0.5130707621574402,0.5130707621574402,0.5482613444328308,0.5482613444328308,0.8100000023841858,0.857420027256012,0.8330996036529541
4,415,0.06056293845176697,-0.007619745098054409,0.09596718102693558,0.7099999785423279,0.7099999785423279,--,--,--,--,0.7099999785423279,0.7099999785423279,0.7100010514259338
4,416,0.052466411143541336,-0.042619314044713974,0.10258473455905914,0.550000011920929,0.8199999928474426,--,--,--,--,0.550000011920929,0.8186900019645691,0.6988806128501892
4,417,0.1581750214099884,-0.4103356599807739,0.03870725259184837,0.5699999928474426,0.6100000143051147,--,--,--,--,0.5701900124549866,0.6100000143051147,0.5879434943199158
4,418,0.10421805828809738,-0.01575932838022709,0.2117859423160553,0.75,0.9700000286102295,--,--,--,--,0.75,0.9689300060272217,0.8713102340698242
4,419,0.02758169174194336,-0.03524484857916832,0.06405594199895859,0.6200000047683716,0.7099999785423279,--,--,--,--,0.6200000047683716,0.709559977054596,0.6696269512176514
4,420,0.04863909259438515,-0.06418231129646301,0.08704988658428192,0.6100000143051147,0.6100000143051147,0.5850281119346619,0.5850281119346619,0.5294995307922363,0.5294995307922363,0.6100000143051147,0.703540027141571,0.662148118019104
4,421,0.14550891518592834,0.0,0.18647070229053497,0.5899999737739563,0.5899999737739563,0.6795037388801575,0.6795037388801575,0.5622768402099609,0.5622768402099609,0.5899999737739563,0.7874600291252136,0.7000907063484192
4,422,0.40230995416641235,0.0,0.5371788740158081,0.9200000166893005,0.9200000166893005,0.5094475746154785,0.5094475746154785,0.5032777190208435,0.5032777190208435,0.9200000166893005,0.9303900003433228,0.9257943034172058
4,423,0.4398547410964966,0.0,0.5961990356445312,0.9800000190734863,0.9800000190734863,0.518895149230957,0.518895149230957,0.506555438041687,0.506555438041687,0.9800000190734863,1.0008000135421753,0.9915886521339417
4,424,0.3112386167049408,0.0,0.4345928728580475,0.7200000286102295,0.7200000286102295,0.6795037388801575,0.6795037388801575,0.5622768402099609,0.5622768402099609,0.7200000286102295,0.917460024356842,0.8300905227661133
4,425,0.3635235130786896,0.0,0.5758712887763977,0.8799999952316284,0.8799999952316284,0.5621795654296875,0.5621795654296875,0.5503358840942383,0.5503358840942383,0.8799999952316284,0.9242200255393982,0.8968442678451538
4,426,0.10929418355226517,0.0,0.2359429895877838,0.6399999856948853,0.6399999856948853,0.6321316361427307,0.6321316361427307,0.6069636940956116,0.6069636940956116,0.6399999856948853,0.7339800000190735,0.6757943034172058
4,427,0.344836950302124,0.0,0.5508483052253723,0.8500000238418579,0.8500000238418579,0.5699520111083984,0.5699520111083984,0.5566278696060181,0.5566278696060181,0.8500000238418579,0.8997499942779541,0.868949830532074
4,428,0.21447639167308807,0.0,0.4138900339603424,0.6800000071525574,0.6800000071525574,0.7020836472511292,0.7020836472511292,0.6635915637016296,0.6635915637016296,0.6800000071525574,0.8237299919128418,0.7347443103790283
4,429,0.27559345960617065,0.0,0.4950251579284668,0.7400000095367432,0.7400000095367432,0.6865387558937073,0.6865387558937073,0.6510075926780701,0.6510075926780701,0.7400000095367432,0.8726699948310852,0.790533185005188
4,430,0.08025651425123215,-0.0017498929519206285,0.13743886351585388,0.7400000095367432,0.8600000143051147,--,--,--,--,0.7412599921226501,0.8600000143051147,0.8066276907920837
4,431,0.06282759457826614,-0.010312470607459545,0.11171873658895493,0.7699999809265137,0.800000011920929,--,--,--,--,0.7699999809265137,0.7996799945831299,0.7833430767059326
4,432,0.06868158280849457,-0.0015419720439240336,0.12079377472400665,0.6899999976158142,0.800000011920929,--,--,--,--,0.6911600232124329,0.800000011920929,0.7510755658149719
4,433,0.055681806057691574,-0.16960275173187256,0.09117907285690308,0.5199999809265137,0.6600000262260437,--,--,--,--,0.5214700102806091,0.6600000262260437,0.5977323055267334
4,434,0.1219160258769989,-0.3250449001789093,0.0373336523771286,0.5299999713897705,0.6499999761581421,--,--,--,--,0.5299999713897705,0.6487399935722351,0.583372175693512
4,435,0.14884677529335022,-0.002512262901291251,0.27701476216316223,0.800000011920929,0.9100000262260437,--,--,--,--,0.800000011920929,0.9100000262260437,0.8668326735496521
4,436,0.030890002846717834,-0.06900709122419357,0.06451965123414993,0.6000000238418579,0.6499999761581421,--,--,--,--,0.6000000238418579,0.6499999761581421,0.6303784251213074
4,437,0.0827055498957634,-0.007902441546320915,0.12663519382476807,0.6899999976158142,0.7099999785423279,--,--,--,--,0.6899999976158142,0.7099999785423279,0.702151358127594
4,438,0.15002857148647308,-0.0018750132294371724,0.27902621030807495,0.8199999928474426,0.8999999761581421,--,--,--,--,0.8199999928474426,0.8999999761581421,0.8686055541038513
4,439,0.1348501294851303,-0.0046999757178127766,0.24663479626178741,0.699999988079071,0.8999999761581421,--,--,--,--,0.699999988079071,0.8999999761581421,0.8215140104293823
4,440,0.39136672019958496,0.0,0.5678337812423706,0.9100000262260437,0.9100000262260437,0.5032879710197449,0.5032879710197449,0.519727885723114,0.519727885723114,0.9100000262260437,0.9257100224494934,0.9173936247825623
4,441,0.223056823015213,-0.0001434528239769861,0.42060399055480957,0.6000000238418579,0.6000000238418579,0.5608276128768921,0.5608276128768921,0.8649657368659973,0.8649657368659973,0.6000000238418579,0.8905699849128723,0.7367812991142273
4,442,0.1491294950246811,-0.23209384083747864,0.027687523514032364,0.5899999737739563,0.5899999737739563,0.5147958993911743,0.5147958993911743,0.5887754559516907,0.5887754559516907,0.5899999737739563,0.6606799960136414,0.623271107673645
4,443,0.24789297580718994,0.0,0.4516597390174866,0.6200000047683716,0.6200000047683716,0.5624716281890869,0.5624716281890869,0.8748297095298767,0.8748297095298767,0.6200000047683716,0.918429970741272,0.7604778409004211
4,444,0.3579097092151642,0.0,0.5266754031181335,0.8500000238418579,0.8500000238418579,0.5147958993911743,0.5147958993911743,0.5887754559516907,0.5887754559516907,0.8500000238418579,0.9206799864768982,0.8832712769508362
4,445,0.04185450077056885,-0.09382457286119461,0.06707162410020828,0.5099999904632568,0.699999988079071,--,--,--,--,0.5099999904632568,0.699999988079071,0.6088842153549194
4,446,0.07272444665431976,-0.008711020462214947,0.12854060530662537,0.7400000095367432,0.949999988079071,--,--,--,--,0.7400000095367432,0.949999988079071,0.8492931723594666
4,447,0.017478613182902336,-0.03393568471074104,0.0422373041510582,0.5600000023841858,0.9100000262260437,--,--,--,--,0.5600000023841858,0.9100000262260437,0.7278444170951843
4,448,0.16250793635845184,-0.5023752450942993,0.0773855671286583,0.5099999904632568,0.5699999928474426,--,--,--,--,0.5099999904632568,0.5699999928474426,0.5412265062332153
4,449,0.06500277668237686,-0.008364803157746792,0.14975810050964355,0.6399999856948853,0.7099999785423279,--,--,--,--,0.6399999856948853,0.7099999785423279,0.6764311790466309
4,450,0.029591087251901627,-0.10547010600566864,0.04736216366291046,0.6299999952316284,0.6899999976158142,--,--,--,--,0.6305599808692932,0.6899999976158142,0.661483108997345
4,451,0.032030802220106125,-0.03490681201219559,0.06335774064064026,0.5299999713897705,0.8700000047683716,--,--,--,--,0.5299999713897705,0.8668299913406372,0.691596508026123
4,452,0.07976584881544113,-0.009344765916466713,0.1406978815793991,0.5,0.9800000190734863,--,--,--,--,0.5044699907302856,0.9800000190734863,0.7518635392189026
4,453,0.027422398328781128,-0.03714757412672043,0.05306292325258255,0.550000011920929,0.8199999928474426,--,--,--,--,0.550000011920929,0.8174800276756287,0.6783266663551331
4,454,0.12855099141597748,0.0,0.22233782708644867,0.7900000214576721,0.8100000023841858,--,--,--,--,0.7901899814605713,0.8100000023841858,0.8004942536354065
4,455,0.341404527425766,-0.0019301417050883174,0.5341062545776367,0.9399999976158142,0.9399999976158142,0.519834041595459,0.519834041595459,0.5025711059570312,0.5025711059570312,0.9399999976158142,0.9532399773597717,0.9464689493179321
4,456,0.2852480709552765,0.0,0.44287583231925964,0.8399999737739563,0.8399999737739563,0.5793362259864807,0.5793362259864807,0.5102843046188354,0.5102843046188354,0.8399999737739563,0.8929399847984314,0.8658742308616638
4,457,0.3473951518535614,-0.001802664715796709,0.5427138209342957,0.949999988079071,0.949999988079071,0.5297510623931885,0.5297510623931885,0.5038565993309021,0.5038565993309021,0.949999988079071,0.9698500037193298,0.9597028493881226
4,458,0.10307268053293228,-0.00027564054471440613,0.16173814237117767,0.7200000286102295,0.7200000286102295,0.5099170207977295,0.5099170207977295,0.5012855529785156,0.5012855529785156,0.7200000286102295,0.7266200184822083,0.723234236240387
4,459,0.15022903680801392,0.0,0.2274012565612793,0.6800000071525574,0.6800000071525574,0.6586723923683167,0.6586723923683167,0.5205686688423157,0.5205686688423157,0.6800000071525574,0.7858899831771851,0.7317482829093933
4,460,0.3425828516483307,0.0,0.499461829662323,0.800000011920929,0.800000011920929,0.6536312699317932,0.6536312699317932,0.5446927547454834,0.5446927547454834,0.800000011920929,0.968940019607544,0.8924861550331116
4,461,0.22186070680618286,-0.38341039419174194,0.040547195822000504,0.5400000214576721,0.5400000214576721,0.6056214570999146,0.6056214570999146,0.5307262539863586,0.5307262539863586,0.5400000214576721,0.6561499834060669,0.6035844087600708
4,462,0.3028533458709717,-0.0007873272406868637,0.42211708426475525,0.8299999833106995,0.8299999833106995,0.5192039012908936,0.5192039012908936,0.505586564540863,0.505586564540863,0.8299999833106995,0.8511199951171875,0.8415607213973999
4,463,0.09525533020496368,-0.18258124589920044,0.05973776802420616,0.5600000023841858,0.5600000023841858,0.6152234077453613,0.6152234077453613,0.5335195660591125,0.5335195660591125,0.5600000023841858,0.686710000038147,0.6293646693229675
4,464,5.131507396697998,-7.986794948577881,0.049024228006601334,0.5,0.5,0.5192039012908936,0.5192039012908936,0.505586564540863,0.505586564540863,0.5,0.521120011806488,0.5115607380867004
4,465,0.043550506234169006,-0.10915044695138931,0.07263999432325363,0.6399999856948853,0.6399999856948853,0.5251935720443726,0.5251935720443726,0.5431889295578003,0.5431889295578003,0.6401799917221069,0.6769800186157227,0.6552522778511047
4,466,0.1552053987979889,-0.3736221194267273,0.03299487754702568,0.6200000047683716,0.6200000047683716,0.5151161551475525,0.5151161551475525,0.5259133577346802,0.5259133577346802,0.6201099753379822,0.6421899795532227,0.6291515827178955
4,467,0.286208838224411,0.0,0.46489545702934265,0.75,0.75,0.5755806565284729,0.5755806565284729,0.6295668482780457,0.6295668482780457,0.750540018081665,0.8609399795532227,0.7957566976547241
4,468,0.37885478138923645,0.0,0.5831409096717834,0.9399999976158142,0.9399999976158142,0.5201548337936401,0.5201548337936401,0.5345511436462402,0.5345511436462402,0.9401400089263916,0.9695799946784973,0.9522018432617188
4,469,0.38130247592926025,0.0,0.5862734317779541,0.949999988079071,0.949999988079071,0.5151161551475525,0.5151161551475525,0.5259133577346802,0.5259133577346802,0.9501100182533264,0.9721900224685669,0.9591513276100159
4,470,0.1548098474740982,0.0,0.3021816313266754,0.6800000071525574,0.6800000071525574,0.7573868632316589,0.7573868632316589,0.5367695689201355,0.5367695689201355,0.6800000071525574,0.807640016078949,0.7281045913696289
4,471,0.35971227288246155,0.0,0.5906007885932922,0.8799999952316284,0.8799999952316284,0.5,0.5,0.5,0.5,0.8799999952316284,0.8799999952316284,0.8800009489059448
4,472,0.5833382606506348,-0.9557535648345947,0.03561723232269287,0.550000011920929,0.550000011920929,0.5791959762573242,0.5791959762573242,0.5113137364387512,0.5113137364387512,0.550000011920929,0.5892699956893921,0.5648015737533569
4,473,0.18349632620811462,-0.282961905002594,0.022217294201254845,0.5199999809265137,0.5199999809265137,0.8563818335533142,0.8563818335533142,0.5509116649627686,0.5509116649627686,0.5199999809265137,0.6967300176620483,0.5866063237190247
4,474,0.3636833429336548,0.0,0.6009646654129028,0.8899999856948853,0.8899999856948853,0.519798994064331,0.519798994064331,0.5028284192085266,0.5028284192085266,0.8899999856948853,0.8998200297355652,0.8937004804611206
4,475,0.1261802613735199,-0.015118319541215897,0.2345404326915741,0.800000011920929,0.9300000071525574,--,--,--,--,0.800000011920929,0.9292799830436707,0.8675808906555176
4,476,0.1090988889336586,0.0,0.19610267877578735,0.75,0.9200000166893005,--,--,--,--,0.7509400248527527,0.9200000166893005,0.8316251039505005
4,477,0.049045369029045105,-0.004161681514233351,0.10005462169647217,0.550000011920929,0.9200000166893005,--,--,--,--,0.5520399808883667,0.9200000166893005,0.7276543974876404
4,478,0.05478963255882263,-0.008952021598815918,0.10068273544311523,0.5299999713897705,1.0,--,--,--,--,0.5325899720191956,1.0,0.7556689977645874
4,479,0.05100546032190323,-0.04518542438745499,0.1437770575284958,0.5400000214576721,0.699999988079071,--,--,--,--,0.5400000214576721,0.6991199851036072,0.6231765151023865
4,480,0.3108139932155609,0.0,0.4818207025527954,0.7799999713897705,0.7799999713897705,0.5717893242835999,0.5717893242835999,0.5542797446250916,0.5542797446250916,0.7799999713897705,0.8795499801635742,0.8294817209243774
4,481,0.3686554729938507,-0.6063123941421509,0.0,0.5400000214576721,0.5400000214576721,0.5717893242835999,0.5717893242835999,0.5542797446250916,0.5542797446250916,0.5400000214576721,0.639549970626831,0.5894815921783447
4,482,0.22189179062843323,0.0,0.3333412706851959,0.75,0.75,0.5239297747612,0.5239297747612,0.5180932283401489,0.5180932283401489,0.75,0.7831799983978271,0.76649409532547
4,483,0.3421933352947235,0.0,0.5771544575691223,0.7099999785423279,0.7099999785423279,0.723344624042511,0.723344624042511,0.6688703298568726,0.6688703298568726,0.7099999785423279,1.019700050354004,0.8639428019523621
4,484,0.28228119015693665,0.0,0.47520989179611206,0.7099999785423279,0.7099999785423279,0.6276254653930664,0.6276254653930664,0.5964972972869873,0.5964972972869873,0.7099999785423279,0.8869799971580505,0.7979671359062195
4,485,0.059885505586862564,0.0,0.112898088991642,0.6700000166893005,0.949999988079071,--,--,--,--,0.6700000166893005,0.949999988079071,0.7846972346305847
4,486,0.02737000584602356,-0.08188407868146896,0.04899008944630623,0.5799999833106995,0.7300000190734863,--,--,--,--,0.5799999833106995,0.7300000190734863,0.6414451003074646
4,487,0.025103377178311348,-0.01892612874507904,0.05115998908877373,0.5699999928474426,0.8600000143051147,--,--,--,--,0.5699999928474426,0.8600000143051147,0.6887936592102051
4,488,0.12074369192123413,-0.3095819652080536,0.05124669894576073,0.5400000214576721,0.6299999952316284,--,--,--,--,0.5400000214576721,0.6299999952316284,0.5931329727172852
4,489,0.02355574257671833,-0.04143243655562401,0.05488839000463486,0.5199999809265137,0.9300000071525574,--,--,--,--,0.5199999809265137,0.9300000071525574,0.6879496574401855
4,490,0.0944005474448204,-0.013560636900365353,0.16412253677845,0.7200000286102295,0.9100000262260437,--,--,--,--,0.7200000286102295,0.9100000262260437,0.8292158842086792
4,491,0.034856270998716354,-0.029863515868782997,0.08185327053070068,0.6899999976158142,0.800000011920929,--,--,--,--,0.6899999976158142,0.800000011920929,0.7367696762084961
4,492,0.04523318260908127,-0.13913944363594055,0.08399701863527298,0.6299999952316284,0.7200000286102295,--,--,--,--,0.6299999952316284,0.7200000286102295,0.6682661771774292
4,493,0.03240395337343216,-0.08746796101331711,0.05550768971443176,0.5699999928474426,0.949999988079071,--,--,--,--,0.5699999928474426,0.949999988079071,0.7315682768821716
4,494,0.026080504059791565,-0.07898033410310745,0.05578041449189186,0.6000000238418579,0.8999999761581421,--,--,--,--,0.6000000238418579,0.8999999761581421,0.7275539636611938
4,495,0.12639020383358002,-0.005575466901063919,0.26403409242630005,0.949999988079071,0.9900000095367432,--,--,--,--,0.949999988079071,0.9900000095367432,0.9663853645324707
4,496,0.12091947346925735,-0.003866619663313031,0.24799931049346924,0.8899999856948853,0.949999988079071,--,--,--,--,0.8899999856948853,0.949999988079071,0.925421953201294
4,497,0.08776199817657471,-0.21611450612545013,0.06596901267766953,0.550000011920929,0.6700000166893005,--,--,--,--,0.550000011920929,0.6700000166893005,0.5991559624671936
4,498,0.12667416036128998,-0.32209205627441406,0.05054932460188866,0.5299999713897705,0.6299999952316284,--,--,--,--,0.5299999713897705,0.6299999952316284,0.5890366435050964
4,499,0.027320245280861855,-0.01724127121269703,0.05289441719651222,0.5699999928474426,0.8799999952316284,--,--,--,--,0.5699999928474426,0.8799999952316284,0.6969864368438721
4,500,0.19745159149169922,-0.31022217869758606,0.033046867698431015,0.5699999928474426,0.5699999928474426,0.5985211730003357,0.5985211730003357,0.5171341300010681,0.5171341300010681,0.5699999928474426,0.6474800109863281,0.6028255224227905
4,501,0.2636764943599701,0.0,0.4509600102901459,0.6700000166893005,0.6700000166893005,0.7955635190010071,0.7955635190010071,0.5514023303985596,0.5514023303985596,0.6700000166893005,0.9024500250816345,0.7684765458106995
4,502,0.4273294508457184,0.0,0.6290990710258484,0.9399999976158142,0.9399999976158142,0.5492606163024902,0.5492606163024902,0.5085670351982117,0.5085670351982117,0.9399999976158142,0.9787399768829346,0.9564128518104553
4,503,0.36575326323509216,0.0,0.5472800731658936,0.8399999737739563,0.8399999737739563,0.5985211730003357,0.5985211730003357,0.5171341300010681,0.5171341300010681,0.8399999737739563,0.9174799919128418,0.872825562953949
4,504,0.44404008984565735,0.0,0.647309422492981,0.9700000286102295,0.9700000286102295,0.5197042226791382,0.5197042226791382,0.5034268498420715,0.5034268498420715,0.9700000286102295,0.9854999780654907,0.9765651226043701
4,505,0.28829964995384216,-0.016277173534035683,0.4592013359069824,0.800000011920929,0.800000011920929,0.5043920874595642,0.5043920874595642,0.508983850479126,0.508983850479126,0.800000011920929,0.8041499853134155,0.8018479943275452
4,506,1.278996229171753,-2.3798274993896484,0.4441649913787842,0.5099999904632568,0.5099999904632568,0.5351368188858032,0.5351368188858032,0.571870744228363,0.571870744228363,0.5099999904632568,0.5431900024414062,0.5247856378555298
4,507,0.09716756641864777,-0.06218360736966133,0.23234079778194427,0.6499999761581421,0.6499999761581421,0.5219604969024658,0.5219604969024658,0.5449191927909851,0.5449191927909851,0.6499999761581421,0.6707500219345093,0.6592409610748291
4,508,0.21801885962486267,-0.022123008966445923,0.37803083658218384,0.7300000190734863,0.7300000190734863,0.5219604969024658,0.5219604969024658,0.5449191927909851,0.5449191927909851,0.7300000190734863,0.7507500052452087,0.7392408847808838
4,509,0.35633254051208496,-0.018995467573404312,0.5618605017662048,0.8999999761581421,0.8999999761581421,0.5043920874595642,0.5043920874595642,0.508983850479126,0.508983850479126,0.8999999761581421,0.9041500091552734,0.9018479585647583
4,510,0.11222484707832336,-0.014635070227086544,0.19118021428585052,0.699999988079071,0.7799999713897705,--,--,--,--,0.699999988079071,0.7799999713897705,0.7447065711021423
4,511,0.06028224527835846,-0.006790771149098873,0.09509865194559097,0.5400000214576721,0.9300000071525574,--,--,--,--,0.5400000214576721,0.9300000071525574,0.712055504322052
4,512,0.06330506503582001,-0.02982586808502674,0.11075229197740555,0.6700000166893005,0.699999988079071,--,--,--,--,0.6700000166893005,0.699999988079071,0.6867650151252747
4,513,0.031895797699689865,-0.03634713590145111,0.06784311681985855,0.5600000023841858,0.7699999809265137,--,--,--,--,0.5600000023841858,0.7699999809265137,0.6526452302932739
4,514,0.05541383475065231,-0.019756846129894257,0.10197516530752182,0.5299999713897705,0.8700000047683716,--,--,--,--,0.5299999713897705,0.8700000047683716,0.7200030088424683
4,515,0.04031314700841904,-0.019627414643764496,0.08796055614948273,0.7400000095367432,0.7599999904632568,--,--,--,--,0.7400000095367432,0.7598199844360352,0.7492198944091797
4,516,0.06427111476659775,-0.048883866518735886,0.13411393761634827,0.6499999761581421,0.6700000166893005,--,--,--,--,0.6501799821853638,0.6700000166893005,0.6607802510261536
4,517,0.06421179324388504,-0.02048664353787899,0.12723295390605927,0.6100000143051147,0.8399999737739563,--,--,--,--,0.612060010433197,0.8399999737739563,0.733971893787384
4,518,0.07802950590848923,-0.025968704372644424,0.17136386036872864,0.550000011920929,0.7300000190734863,--,--,--,--,0.551609992980957,0.7300000190734863,0.6470215320587158
4,519,0.07842549681663513,-0.031267061829566956,0.1998424381017685,0.5299999713897705,0.8500000238418579,--,--,--,--,0.5328599810600281,0.8500000238418579,0.7024825215339661
4,520,0.09009194374084473,-0.0023194029927253723,0.14951308071613312,0.9399999976158142,0.9700000286102295,--,--,--,--,0.9399999976158142,0.9699699878692627,0.95494544506073
4,521,0.08538167923688889,-0.0013869338436052203,0.1463049054145813,0.8999999761581421,0.949999988079071,--,--,--,--,0.9000499844551086,0.949999988079071,0.9250910878181458
4,522,0.06857507675886154,-7.679829286644235e-05,0.11102855950593948,0.7099999785423279,0.7599999904632568,--,--,--,--,0.7100499868392944,0.7599999904632568,0.7350907921791077
4,523,0.07931817322969437,0.0,0.1364889144897461,0.75,0.7599999904632568,--,--,--,--,0.7500100135803223,0.7599999904632568,0.7550179958343506
4,524,0.08885665237903595,-0.003872811561450362,0.14594696462154388,0.9200000166893005,0.9700000286102295,--,--,--,--,0.9200000166893005,0.9699500203132629,0.944908857345581
4,525,0.3411812484264374,0.0,0.5153273344039917,0.8399999737739563,0.8399999737739563,0.5515429377555847,0.5515429377555847,0.5473637580871582,0.5473637580871582,0.8400400280952454,0.8840399980545044,0.8611944317817688
4,526,0.2776217460632324,0.0,0.43094509840011597,0.7300000190734863,0.7300000190734863,0.5957225561141968,0.5957225561141968,0.5879613161087036,0.5879613161087036,0.7300800085067749,0.8117899894714355,0.7693610787391663
4,527,0.3729928135871887,0.0,0.5589455962181091,0.9200000166893005,0.9200000166893005,0.5073632597923279,0.5073632597923279,0.5067662596702576,0.5067662596702576,0.920009970664978,0.926289975643158,0.9230278134346008
4,528,0.16246071457862854,0.0,0.3644593358039856,0.5199999809265137,0.5199999809265137,0.7650778889656067,0.7650778889656067,0.7435851097106934,0.7435851097106934,0.5202299952507019,0.7464900016784668,0.6289999485015869
4,529,0.38941311836242676,0.0,0.5869965553283691,0.949999988079071,0.949999988079071,0.5147265791893005,0.5147265791893005,0.5135325193405151,0.5135325193405151,0.9500100016593933,0.9625800251960754,0.9560555815696716
4,530,0.05575863644480705,-0.012146933935582638,0.1345316469669342,0.6399999856948853,0.7099999785423279,--,--,--,--,0.6399999856948853,0.7099300026893616,0.6748729348182678
4,531,0.04279639571905136,-0.007792255841195583,0.07912306487560272,0.6299999952316284,0.8399999737739563,--,--,--,--,0.6302199959754944,0.8399999737739563,0.7353817224502563
4,532,0.06948041170835495,-0.15250514447689056,0.07220575213432312,0.5699999928474426,0.5899999737739563,--,--,--,--,0.5700200200080872,0.5899999737739563,0.580036461353302
4,533,0.03907474875450134,-0.06123286858201027,0.0787348672747612,0.5199999809265137,0.7200000286102295,--,--,--,--,0.5199999809265137,0.719789981842041,0.6196364760398865
4,534,0.08571910113096237,-0.008512647822499275,0.14786237478256226,0.8600000143051147,0.9700000286102295,--,--,--,--,0.8600000143051147,0.9698899984359741,0.9148001074790955
4,535,0.1575588583946228,-0.021122578531503677,0.24456465244293213,0.7400000095367432,0.7400000095367432,0.5068662166595459,0.5068662166595459,0.5072701573371887,0.5072701573371887,0.7400000095367432,0.7459999918937683,0.7429599761962891
4,536,0.3132879436016083,-0.011422312818467617,0.5150420069694519,0.9100000262260437,0.9100000262260437,0.5068662166595459,0.5068662166595459,0.5072701573371887,0.5072701573371887,0.9100000262260437,0.9160000085830688,0.9129598736763
4,537,0.09990248084068298,-0.20280319452285767,0.07836255431175232,0.5400000214576721,0.5400000214576721,0.6235922574996948,0.6235922574996948,0.6308623552322388,0.6308623552322388,0.5400000214576721,0.6479700207710266,0.5932771563529968
4,538,0.19839484989643097,-0.02176719903945923,0.32101067900657654,0.7300000190734863,0.7300000190734863,0.5549299120903015,0.5549299120903015,0.5581610798835754,0.5581610798835754,0.7300000190734863,0.7779899835586548,0.7536788582801819
4,539,0.3402261734008789,-0.011707800440490246,0.5627884864807129,0.9399999976158142,0.9399999976158142,0.5411974191665649,0.5411974191665649,0.543620765209198,0.543620765209198,0.9399999976158142,0.9759899973869324,0.9577589631080627
4,540,0.1399776041507721,0.0,0.22007910907268524,0.6600000262260437,0.6600000262260437,0.5371207594871521,0.5371207594871521,0.6035473346710205,0.6035473346710205,0.6606799960136414,0.7348700165748596,0.6977406144142151
4,541,0.3769741356372833,0.0,0.58531653881073,1.0,1.0,0.5,0.5,0.5,0.5,1.0,1.0,1.0
4,542,0.2328009456396103,0.0,0.4263971447944641,0.5899999737739563,0.5899999737739563,0.6181114315986633,0.6181114315986633,0.8294687867164612,0.8294687867164612,0.5921599864959717,0.8282399773597717,0.7100839614868164
4,543,0.3278401494026184,0.0,0.5077333450317383,0.8899999856948853,0.8899999856948853,0.5067492127418518,0.5067492127418518,0.5188267827033997,0.5188267827033997,0.8901200294494629,0.9036099910736084,0.8968619108200073
4,544,0.3246346414089203,0.0,0.5098897218704224,0.8100000023841858,0.8100000023841858,0.5573683977127075,0.5573683977127075,0.6600276827812195,0.6600276827812195,0.8110499978065491,0.9257100224494934,0.8683265447616577
4,545,0.09159418195486069,-0.007465135306119919,0.13956579566001892,0.5799999833106995,0.9300000071525574,--,--,--,--,0.5799999833106995,0.9300000071525574,0.760018527507782
4,546,0.06738051772117615,-0.007156282663345337,0.11184196919202805,0.5699999928474426,0.8199999928474426,--,--,--,--,0.5699999928474426,0.8199999928474426,0.6985846161842346
4,547,0.1406116485595703,-0.003500069724395871,0.20935648679733276,0.7599999904632568,0.9200000166893005,--,--,--,--,0.7599999904632568,0.9200000166893005,0.8422940373420715
4,548,0.12873575091362,-0.00615379773080349,0.20571106672286987,0.7799999713897705,0.8899999856948853,--,--,--,--,0.7799999713897705,0.8899999856948853,0.833422839641571
4,549,0.14655622839927673,-0.005574555601924658,0.24483747780323029,0.8500000238418579,0.9700000286102295,--,--,--,--,0.8500000238418579,0.9700000286102295,0.908279299736023
4,550,0.04911039024591446,-0.003611047985032201,0.07991094887256622,0.6499999761581421,0.6800000071525574,--,--,--,--,0.6499999761581421,0.6800000071525574,0.6645697951316833
4,551,0.12803632020950317,-0.003999930340796709,0.189792200922966,0.7200000286102295,0.8899999856948853,--,--,--,--,0.7200000286102295,0.8899999856948853,0.8074374198913574
4,552,0.1149967610836029,-0.0032221830915659666,0.1665649712085724,0.7300000190734863,0.7699999809265137,--,--,--,--,0.7300000190734863,0.7699999809265137,0.749426543712616
4,553,0.028666075319051743,-0.020648660138249397,0.055889662355184555,0.5199999809265137,0.8700000047683716,--,--,--,--,0.5199999809265137,0.8700000047683716,0.6899814605712891
4,554,0.051084987819194794,-0.020000088959932327,0.08357998728752136,0.5400000214576721,0.9800000190734863,--,--,--,--,0.5400000214576721,0.9800000190734863,0.7536913752555847
4,555,0.024418283253908157,-0.033037517219781876,0.061859533190727234,0.6499999761581421,0.9900000095367432,--,--,--,--,0.6499999761581421,0.9867200255393982,0.8078435659408569
4,556,0.15749120712280273,-0.3177471160888672,0.04792867973446846,0.5099999904632568,0.5799999833106995,--,--,--,--,0.5099999904632568,0.5793200135231018,0.5424970984458923
4,557,0.06726709753274918,-0.00965445302426815,0.10996686667203903,0.7599999904632568,0.8199999928474426,--,--,--,--,0.7599999904632568,0.8194199800491333,0.7878547310829163
4,558,0.0334191769361496,-0.06099193915724754,0.07553845643997192,0.5799999833106995,0.6200000047683716,--,--,--,--,0.5803899765014648,0.6200000047683716,0.6014299988746643
4,559,0.09428298473358154,-0.0366404689848423,0.1697835475206375,0.5299999713897705,0.8999999761581421,--,--,--,--,0.5335699915885925,0.8999999761581421,0.7282293438911438
4,560,0.04888293147087097,-0.09543514251708984,0.02075210027396679,0.550000011920929,0.8700000047683716,--,--,--,--,0.550000011920929,0.8670700192451477,0.6918044686317444
4,561,0.09199746698141098,-0.008777777664363384,0.14722836017608643,0.6399999856948853,0.8299999833106995,--,--,--,--,0.6417400240898132,0.8299999833106995,0.745803713798523
4,562,0.09235433489084244,-0.00700335344299674,0.14872339367866516,0.6899999976158142,0.8100000023841858,--,--,--,--,0.691100001335144,0.8100000023841858,0.7568234801292419
4,563,0.07066193968057632,-0.021639594808220863,0.13794563710689545,0.8500000238418579,0.9800000190734863,--,--,--,--,0.8500000238418579,0.9788100123405457,0.9076082110404968
4,564,0.08796674013137817,-0.010068662464618683,0.14027869701385498,0.6200000047683716,0.7900000214576721,--,--,--,--,0.6215599775314331,0.7900000214576721,0.7146664261817932
4,565,0.21698428690433502,0.0,0.3495294153690338,0.6899999976158142,0.6899999976158142,0.6708840131759644,0.6708840131759644,0.6220600008964539,0.6220600008964539,0.6899999976158142,0.8433799743652344,0.7564153671264648
4,566,0.39295101165771484,0.0,0.5617249011993408,0.949999988079071,0.949999988079071,0.5244119763374329,0.5244119763374329,0.5174371600151062,0.5174371600151062,0.949999988079071,0.9719099998474121,0.9594880938529968
4,567,0.23281371593475342,0.0,0.39253076910972595,0.6700000166893005,0.6700000166893005,0.7522573471069336,0.7522573471069336,0.6801838278770447,0.6801838278770447,0.6700000166893005,0.8964200019836426,0.7680416703224182
4,568,0.3429463505744934,0.0,0.5069769620895386,0.8500000238418579,0.8500000238418579,0.597648024559021,0.597648024559021,0.56974858045578,0.56974858045578,0.8500000238418579,0.9376500248908997,0.887951672077179
4,569,0.4018592834472656,0.0,0.5716779232025146,0.9700000286102295,0.9700000286102295,0.5162746906280518,0.5162746906280518,0.5116247534751892,0.5116247534751892,0.9700000286102295,0.9846100211143494,0.976325273513794
4,570,0.35367026925086975,0.0,0.5143498778343201,0.8600000143051147,0.8600000143051147,0.5292202234268188,0.5292202234268188,0.5067954063415527,0.5067954063415527,0.8600000143051147,0.8896999955177307,0.8744344115257263
4,571,0.42212149500846863,0.0,0.6050233840942383,0.9800000190734863,0.9800000190734863,0.5,0.5,0.5,0.5,0.9800000190734863,0.9800000190734863,0.9799989461898804
4,572,0.3859490752220154,0.0,0.5826627612113953,0.8899999856948853,0.8899999856948853,0.5681805610656738,0.5681805610656738,0.5158559679985046,0.5158559679985046,0.8899999856948853,0.959309995174408,0.9236801266670227
4,573,0.2546922266483307,0.0,0.42847228050231934,0.6899999976158142,0.6899999976158142,0.6655813455581665,0.6655813455581665,0.5385072827339172,0.5385072827339172,0.6899999976158142,0.8583300113677979,0.7717949151992798
4,574,0.369408518075943,0.0,0.5631879568099976,0.8600000143051147,0.8600000143051147,0.5779206156730652,0.5779206156730652,0.518121063709259,0.518121063709259,0.8600000143051147,0.9392099976539612,0.8984914422035217
4,575,0.27523350715637207,0.0,0.42183706164360046,0.8600000143051147,0.8600000143051147,0.5067573189735413,0.5067573189735413,0.5188239216804504,0.5188239216804504,0.8600000143051147,0.8706700205802917,0.8646491765975952
4,576,0.2899526357650757,0.0,0.4467849135398865,0.8799999952316284,0.8799999952316284,0.5067573189735413,0.5067573189735413,0.5188239216804504,0.5188239216804504,0.8799999952316284,0.8906700015068054,0.8846492171287537
4,577,0.1136937066912651,-0.22762449085712433,0.01601070910692215,0.6100000143051147,0.6100000143051147,0.537165105342865,0.537165105342865,0.6035314202308655,0.6035314202308655,0.6100000143051147,0.6686800122261047,0.6355702877044678
4,578,0.18723653256893158,0.0,0.3040529191493988,0.7200000286102295,0.7200000286102295,0.577708899974823,0.577708899974823,0.7164747714996338,0.7164747714996338,0.7200000286102295,0.8427000045776367,0.7734655141830444
4,579,0.11254696547985077,-0.005258261226117611,0.17701052129268646,0.6800000071525574,0.6800000071525574,0.557437002658844,0.557437002658844,0.6600030660629272,0.6600030660629272,0.6800000071525574,0.7706900238990784,0.7195181250572205
4,580,0.05112920328974724,-0.13995975255966187,0.03592130169272423,0.5400000214576721,0.5400000214576721,0.5,0.5,0.699999988079071,0.699999988079071,0.5406799912452698,0.6850000023841858,0.6054706573486328
4,581,0.20651915669441223,-0.006845439318567514,0.4500371813774109,0.5400000214576721,0.5400000214576721,0.5,0.5,0.8899999856948853,0.8899999856948853,0.5413200259208679,0.8227499723434448,0.6676677465438843
4,582,0.18644480407238007,-0.37484267354011536,0.0032858666963875294,0.6200000047683716,0.6200000047683716,0.5,0.5,0.5099999904632568,0.5099999904632568,0.6200299859046936,0.6272500157356262,0.6232736110687256
4,583,0.29170387983322144,0.0,0.5174862742424011,0.6800000071525574,0.6800000071525574,0.5,0.5,0.7799999713897705,0.7799999713897705,0.6809499859809875,0.8830000162124634,0.7716590166091919
4,584,0.16196410357952118,-0.0013511929428204894,0.29427769780158997,0.6200000047683716,0.6200000047683716,0.5,0.5,0.6899999976158142,0.6899999976158142,0.620639979839325,0.7577499747276306,0.6821970343589783
4,585,3.128178358078003,-5.129368782043457,0.06101669743657112,0.5099999904632568,0.5099999904632568,0.538994312286377,0.538994312286377,0.508912980556488,0.508912980556488,0.5099999904632568,0.5322499871253967,0.5194222927093506
4,586,0.18667778372764587,0.0,0.3482879102230072,0.6700000166893005,0.6700000166893005,0.821703314781189,0.821703314781189,0.5735321640968323,0.5735321640968323,0.6700000166893005,0.8535900115966797,0.747734010219574
4,587,0.39486438035964966,0.0,0.6006350517272949,1.0,1.0,0.5,0.5,0.5,0.5,1.0,1.0,1.0
4,588,0.3555094301700592,0.0,0.545226514339447,0.9200000166893005,0.9200000166893005,0.548742949962616,0.548742949962616,0.5111412405967712,0.5111412405967712,0.9200000166893005,0.9478200078010559,0.9317777156829834
4,589,0.3263080418109894,0.0,0.5025673508644104,0.8700000047683716,0.8700000047683716,0.5779886841773987,0.5779886841773987,0.5178259611129761,0.5178259611129761,0.8700000047683716,0.9145100116729736,0.8888447880744934
4,590,0.3955979347229004,0.0,0.608985960483551,0.9599999785423279,0.9599999785423279,0.5128716826438904,0.5128716826438904,0.5270982980728149,0.5270982980728149,0.9599999785423279,0.9845899939537048,0.9710337519645691
4,591,0.15391981601715088,-0.00953536294400692,0.3777335584163666,0.5600000023841858,0.5600000023841858,0.6630415916442871,0.6630415916442871,0.8432454466819763,0.8432454466819763,0.5600000023841858,0.8714600205421448,0.6997570991516113
4,592,0.2823420763015747,0.0,0.47869089245796204,0.7699999809265137,0.7699999809265137,0.555777370929718,0.555777370929718,0.6174260973930359,0.6174260973930359,0.7699999809265137,0.876550018787384,0.8178117275238037
4,593,0.4093323051929474,0.0,0.6228770613670349,0.9900000095367432,0.9900000095367432,0.5042905807495117,0.5042905807495117,0.5090327858924866,0.5090327858924866,0.9900000095367432,0.998199999332428,0.9936777949333191
4,594,0.07350955158472061,-0.1365964263677597,0.030239330604672432,0.5899999737739563,0.5899999737739563,0.5514867901802063,0.5514867901802063,0.6083933115005493,0.6083933115005493,0.5899999737739563,0.6883599758148193,0.6341336369514465
4,595,0.03082967922091484,-0.07653563469648361,0.06054351478815079,0.6100000143051147,0.8100000023841858,--,--,--,--,0.6100000143051147,0.8100000023841858,0.6959275007247925
4,596,0.04038262739777565,-0.07822147756814957,0.042709168046712875,0.5600000023841858,0.9399999976158142,--,--,--,--,0.5600000023841858,0.9399999976158142,0.7232619524002075
4,597,0.0346631184220314,-0.026530025526881218,0.10925862193107605,0.6600000262260437,0.6800000071525574,--,--,--,--,0.6600000262260437,0.6800000071525574,0.671407163143158
4,598,0.10273381322622299,-0.008640050888061523,0.17518341541290283,0.7099999785423279,1.0,--,--,--,--,0.7099999785423279,1.0,0.8754052519798279
4,599,0.0906338021159172,-0.009439049288630486,0.15328307449817657,0.6499999761581421,0.9100000262260437,--,--,--,--,0.6499999761581421,0.9100000262260437,0.798294186592102
4,600,0.03476274013519287,-0.1195620745420456,0.037318408489227295,0.6299999952316284,0.6399999856948853,--,--,--,--,0.6299999952316284,0.6398900151252747,0.6343984603881836
4,601,0.10901390761137009,-0.008200175128877163,0.21137522161006927,0.9399999976158142,0.9900000095367432,--,--,--,--,0.9399999976158142,0.9894599914550781,0.9619925022125244
4,602,0.05619167909026146,-0.1448553055524826,0.019554005935788155,0.5799999833106995,0.6700000166893005,--,--,--,--,0.5799999833106995,0.6690199971199036,0.6195863485336304
4,603,0.049950335174798965,-0.07013729959726334,0.10937477648258209,0.5199999809265137,0.7300000190734863,--,--,--,--,0.5222899913787842,0.7300000190734863,0.6376315355300903
4,604,0.033431556075811386,-0.052570898085832596,0.04956064745783806,0.5400000214576721,0.8899999856948853,--,--,--,--,0.5400000214576721,0.8861899971961975,0.6939471364021301
4,605,0.3351776897907257,0.0,0.480320543050766,0.8500000238418579,0.8500000238418579,0.5578595399856567,0.5578595399856567,0.5158830285072327,0.5158830285072327,0.8500000238418579,0.908270001411438,0.8786311149597168
4,606,0.18256092071533203,0.0,0.23245474696159363,0.7400000095367432,0.7400000095367432,0.5096432566642761,0.5096432566642761,0.5026471614837646,0.5026471614837646,0.7400000095367432,0.7497100234031677,0.7447717785835266
4,607,0.3667042851448059,0.0,0.5223814845085144,0.9200000166893005,0.9200000166893005,0.5,0.5,0.5,0.5,0.9200000166893005,0.9200000166893005,0.9199984669685364
4,608,0.06341461837291718,-0.018497074022889137,0.10397558659315109,0.6700000166893005,0.6700000166893005,0.5289297699928284,0.5289297699928284,0.507941484451294,0.507941484451294,0.6700000166893005,0.6991400122642517,0.6843158006668091
4,609,0.17667075991630554,0.0,0.22341766953468323,0.699999988079071,0.699999988079071,0.5675028562545776,0.5675028562545776,0.5185301899909973,0.5185301899909973,0.699999988079071,0.767989993095398,0.7334028482437134
4,610,0.145602747797966,-0.014860335737466812,0.36025795340538025,0.6000000238418579,0.6000000238418579,0.5848874449729919,0.5848874449729919,0.8395498991012573,0.8395498991012573,0.6000000238418579,0.817550003528595,0.6913764476776123
4,611,0.22529099881649017,-0.0024501995649188757,0.43233832716941833,0.7099999785423279,0.7099999785423279,0.5582085251808167,0.5582085251808167,0.7328342199325562,0.7328342199325562,0.7099999785423279,0.8591799736022949,0.7726581692695618
4,612,0.3729102313518524,-0.0049111125990748405,0.6178513765335083,0.9800000190734863,0.9800000190734863,0.5024253726005554,0.5024253726005554,0.5097014307975769,0.5097014307975769,0.9800000190734863,0.9862200021743774,0.9826106429100037
4,613,0.08171500265598297,-0.030216660350561142,0.1539468914270401,0.6899999976158142,0.6899999976158142,0.5024253726005554,0.5024253726005554,0.5097014307975769,0.5097014307975769,0.6899999976158142,0.6962199807167053,0.6926108598709106
4,614,0.352171927690506,-0.0031182426027953625,0.5954939126968384,0.9300000071525574,0.9300000071525574,0.514552116394043,0.514552116394043,0.5582085251808167,0.5582085251808167,0.9300000071525574,0.9672999978065491,0.9456644058227539
4,615,0.16832920908927917,0.0,0.25418490171432495,0.6899999976158142,0.6899999976158142,0.608166515827179,0.608166515827179,0.5721110105514526,0.5721110105514526,0.6899999976158142,0.758620023727417,0.7188808917999268
4,616,0.2998124659061432,0.0,0.43090206384658813,0.8199999928474426,0.8199999928474426,0.524961531162262,0.524961531162262,0.5166410207748413,0.5166410207748413,0.8199999928474426,0.8358299732208252,0.8266647458076477
4,617,0.5164039134979248,-0.8975728750228882,0.017153846099972725,0.5699999928474426,0.5699999928474426,0.5499230027198792,0.5499230027198792,0.5332820415496826,0.5332820415496826,0.5699999928474426,0.6016700267791748,0.5833298563957214
4,618,0.13824008405208588,0.0,0.1793067902326584,0.699999988079071,0.699999988079071,0.5416024923324585,0.5416024923324585,0.5277349948883057,0.5277349948883057,0.699999988079071,0.72639000415802,0.7111080884933472
4,619,0.04243722930550575,-0.009387766011059284,0.09212420135736465,0.6100000143051147,0.6100000143051147,0.6747305393218994,0.6747305393218994,0.6164870262145996,0.6164870262145996,0.6100000143051147,0.7208499908447266,0.6566538214683533
4,620,0.07158484309911728,-0.021995851770043373,0.11034545302391052,0.7300000190734863,0.9800000190734863,--,--,--,--,0.7300000190734863,0.9800000190734863,0.8291963338851929
4,621,0.12919318675994873,-0.0042999982833862305,0.21448302268981934,0.9100000262260437,1.0,--,--,--,--,0.9100000262260437,1.0,0.9642893671989441
4,622,0.06001034379005432,-0.018595654517412186,0.09300360828638077,0.6899999976158142,0.9800000190734863,--,--,--,--,0.6899999976158142,0.9800000190734863,0.805067777633667
4,623,0.05515340343117714,-0.05384058132767677,0.0877508595585823,0.699999988079071,0.699999988079071,--,--,--,--,0.699999988079071,0.699999988079071,0.6999984383583069
4,624,0.0911426693201065,-0.01821226067841053,0.15221337974071503,0.699999988079071,0.9700000286102295,--,--,--,--,0.699999988079071,0.9700000286102295,0.8628681302070618
4,625,0.28532618284225464,0.0,0.43855541944503784,0.8100000023841858,0.8100000023841858,0.503969132900238,0.503969132900238,0.5091785788536072,0.5091785788536072,0.8100000023841858,0.8173900246620178,0.8130260109901428
4,626,0.21929609775543213,0.0,0.34054166078567505,0.7400000095367432,0.7400000095367432,0.5158764719963074,0.5158764719963074,0.5367142558097839,0.5367142558097839,0.7400000095367432,0.769540011882782,0.7521036863327026
4,627,0.21612082421779633,-0.0011518321698531508,0.445176899433136,0.6000000238418579,0.6000000238418579,0.6230424642562866,0.6230424642562866,0.7845357060432434,0.7845357060432434,0.6000000238418579,0.8289600014686584,0.6938031315803528
4,628,0.029280241578817368,-0.07360100746154785,0.09260634332895279,0.6100000143051147,0.6100000143051147,0.5396910905838013,0.5396910905838013,0.591785728931427,0.591785728931427,0.6100000143051147,0.6838600039482117,0.6402592062950134
4,629,0.27519217133522034,0.0,0.4654845595359802,0.75,0.75,0.5476293563842773,0.5476293563842773,0.6101428270339966,0.6101428270339966,0.75,0.8386300206184387,0.7863109111785889
4,630,0.08669545501470566,-0.21294018626213074,0.027820033952593803,0.6100000143051147,0.6100000143051147,0.5966666340827942,0.5966666340827942,0.6012697815895081,0.6012697815895081,0.6100000143051147,0.6798099875450134,0.6373069882392883
4,631,0.26638635993003845,0.0,0.458709716796875,0.8299999833106995,0.8299999833106995,0.5897618532180786,0.5897618532180786,0.5940362215042114,0.5940362215042114,0.8299999833106995,0.8948299884796143,0.8553562760353088
4,632,0.0772564709186554,-0.15991149842739105,0.10515429079532623,0.5400000214576721,0.5400000214576721,0.7416664958000183,0.7416664958000183,0.7531744241714478,0.7531744241714478,0.5400000214576721,0.7145299911499023,0.6082673668861389
4,633,0.3420199453830719,0.0,0.5503352880477905,0.9900000095367432,0.9900000095367432,0.5,0.5,0.5,0.5,0.9900000095367432,0.9900000095367432,0.9900019764900208
4,634,0.16281475126743317,-0.012284992262721062,0.35625529289245605,0.6899999976158142,0.6899999976158142,0.6726189255714417,0.6726189255714417,0.6808388829231262,0.6808388829231262,0.6899999976158142,0.8146700263023376,0.738762378692627
4,635,0.3740484416484833,0.0,0.5680235624313354,0.9300000071525574,0.9300000071525574,0.5256139039993286,0.5256139039993286,0.5156182050704956,0.5156182050704956,0.9300000071525574,0.9573699831962585,0.9421986937522888
4,636,0.232005313038826,-0.0018538589356467128,0.4048713743686676,0.7099999785423279,0.7099999785423279,0.610993504524231,0.610993504524231,0.5676789879798889,0.5676789879798889,0.7099999785423279,0.8285899758338928,0.7628607153892517
4,637,0.10587126016616821,-0.2289738655090332,0.04263253137469292,0.6399999856948853,0.6399999856948853,0.5170758962631226,0.5170758962631226,0.5104121565818787,0.5104121565818787,0.6399999856948853,0.658240020275116,0.6481324434280396
4,638,0.29236355423927307,0.0,0.4618840515613556,0.800000011920929,0.800000011920929,0.5597657561302185,0.5597657561302185,0.5364425182342529,0.5364425182342529,0.800000011920929,0.863860011100769,0.8284634351730347
4,639,0.13983315229415894,-0.01305845845490694,0.34395429491996765,0.550000011920929,0.550000011920929,0.7390629053115845,0.7390629053115845,0.6457700729370117,0.6457700729370117,0.550000011920929,0.805429995059967,0.66385418176651
4,640,0.05009274557232857,-0.014083231799304485,0.08385489135980606,0.6800000071525574,0.8100000023841858,--,--,--,--,0.6800000071525574,0.8100000023841858,0.7471067905426025
4,641,0.06143616512417793,-0.009784764610230923,0.10568598657846451,0.8399999737739563,0.8600000143051147,--,--,--,--,0.8399999737739563,0.8600000143051147,0.8503241539001465
4,642,0.025395870208740234,-0.02896704152226448,0.06386014074087143,0.6000000238418579,0.7200000286102295,--,--,--,--,0.6000000238418579,0.7200000286102295,0.6580551862716675
4,643,0.04157263785600662,-0.030596056953072548,0.08481655269861221,0.5799999833106995,0.9200000166893005,--,--,--,--,0.5799999833106995,0.9200000166893005,0.7555100321769714
4,644,0.058154333382844925,-0.021348310634493828,0.10035362094640732,0.7900000214576721,0.9599999785423279,--,--,--,--,0.7900000214576721,0.9599999785423279,0.8777549266815186
4,645,0.08669225871562958,0.0,0.1259051412343979,0.6800000071525574,0.8999999761581421,--,--,--,--,0.681410014629364,0.8999999761581421,0.7874144315719604
4,646,0.15087488293647766,0.0,0.2547651529312134,0.8999999761581421,0.9200000166893005,--,--,--,--,0.9001299738883972,0.9200000166893005,0.9097649455070496
4,647,0.03381387144327164,-0.1046324148774147,0.038751956075429916,0.5899999737739563,0.7200000286102295,--,--,--,--,0.5908399820327759,0.7200000286102295,0.6534724235534668
4,648,0.06958901882171631,0.0,0.10733836144208908,0.6100000143051147,0.9100000262260437,--,--,--,--,0.6119300127029419,0.9100000262260437,0.7564743161201477
4,649,0.09023380279541016,-0.005002382677048445,0.15094299614429474,0.7599999904632568,0.7699999809265137,--,--,--,--,0.7599999904632568,0.7699400186538696,0.7651176452636719
4,650,10.930255889892578,-16.88495635986328,0.4806821048259735,0.5099999904632568,0.5099999904632568,0.5,0.5,0.5,0.5,0.5099999904632568,0.5099999904632568,0.5100006461143494
4,651,0.2753090262413025,0.0,0.43983277678489685,0.699999988079071,0.699999988079071,0.577247142791748,0.577247142791748,0.7059924006462097,0.7059924006462097,0.7011399865150452,0.8803499937057495,0.7864664793014526
4,652,0.3240327537059784,-0.0004762436728924513,0.47479569911956787,0.800000011920929,0.800000011920929,0.5280898809432983,0.5280898809432983,0.5749063491821289,0.5749063491821289,0.8004099726676941,0.8655800223350525,0.8314424157142639
4,653,0.4109446406364441,0.0,0.5839301943778992,0.9399999976158142,0.9399999976158142,0.5035112500190735,0.5035112500190735,0.5093632936477661,0.5093632936477661,0.9400500059127808,0.948199987411499,0.9439303874969482
4,654,0.4222863018512726,0.0,0.6010552644729614,0.9599999785423279,0.9599999785423279,0.5035112500190735,0.5035112500190735,0.5093632936477661,0.5093632936477661,0.9600499868392944,0.9682000279426575,0.9639304280281067
4,655,0.2673470973968506,-0.011655821464955807,0.44886577129364014,0.8100000023841858,0.8100000023841858,0.567659318447113,0.567659318447113,0.5179504156112671,0.5179504156112671,0.8100000023841858,0.8484899997711182,0.8283964395523071
4,656,0.2641823887825012,-0.008927928283810616,0.43156901001930237,0.7799999713897705,0.7799999713897705,0.6643154621124268,0.6643154621124268,0.5435938835144043,0.5435938835144043,0.7799999713897705,0.8734599947929382,0.8246768712997437
4,657,0.17757272720336914,-0.011795377358794212,0.303937703371048,0.699999988079071,0.699999988079071,0.644984245300293,0.644984245300293,0.5384652018547058,0.5384652018547058,0.699999988079071,0.7824699878692627,0.7394208908081055
4,658,1.1771069765090942,-2.1311841011047363,0.13382376730442047,0.550000011920929,0.550000011920929,0.5096656084060669,0.5096656084060669,0.5025643706321716,0.5025643706321716,0.550000011920929,0.5554999709129333,0.5526281595230103
4,659,0.1819409430027008,-0.003144618822261691,0.3274196982383728,0.6600000262260437,0.6600000262260437,0.7803028225898743,0.7803028225898743,0.57436603307724,0.57436603307724,0.6600000262260437,0.8194400072097778,0.7362136840820312
4,660,0.04480908066034317,-0.03933608531951904,0.07970809936523438,0.5600000023841858,0.800000011920929,--,--,--,--,0.5615500211715698,0.800000011920929,0.6819458603858948
4,661,0.04127664491534233,-0.04231635108590126,0.07217760384082794,0.6600000262260437,0.6700000166893005,--,--,--,--,0.6600000262260437,0.6699399948120117,0.6649187803268433
4,662,0.11457709968090057,-0.007068976294249296,0.19460199773311615,0.7699999809265137,0.8299999833106995,--,--,--,--,0.7699999809265137,0.8296099901199341,0.7995133996009827
4,663,0.09097795933485031,-0.0023110457696020603,0.1532299965620041,0.6200000047683716,0.9800000190734863,--,--,--,--,0.6223300099372864,0.9800000190734863,0.8029188513755798
4,664,0.06537723541259766,-0.0034054885618388653,0.10851828008890152,0.6499999761581421,0.7599999904632568,--,--,--,--,0.6507099866867065,0.7599999904632568,0.7058919072151184
4,665,0.25147491693496704,-0.6927583813667297,0.13973471522331238,0.5199999809265137,0.550000011920929,--,--,--,--,0.5199999809265137,0.550000011920929,0.5338432192802429
4,666,0.08703795075416565,-0.010620778426527977,0.15210548043251038,0.7300000190734863,0.8100000023841858,--,--,--,--,0.7300000190734863,0.8100000023841858,0.7669156193733215
4,667,0.08916554600000381,-0.009795849211513996,0.15725494921207428,0.6700000166893005,0.8399999737739563,--,--,--,--,0.6700000166893005,0.8399999737739563,0.7615541219711304
4,668,0.09161938726902008,-0.008749962784349918,0.17240972816944122,0.7900000214576721,0.8999999761581421,--,--,--,--,0.7900000214576721,0.8999999761581421,0.8407590389251709
4,669,0.07363315671682358,-0.013871682807803154,0.13622719049453735,0.7200000286102295,0.8899999856948853,--,--,--,--,0.7200000286102295,0.8899999856948853,0.7984458208084106
4,670,0.0428592823445797,-0.04886481165885925,0.08298322558403015,0.5199999809265137,0.8600000143051147,--,--,--,--,0.5199999809265137,0.8578000068664551,0.6872433423995972
4,671,0.17103616893291473,-0.3479864001274109,0.027406806126236916,0.5299999713897705,0.6100000143051147,--,--,--,--,0.5299999713897705,0.6094800233840942,0.569351315498352
4,672,0.10136863589286804,0.0,0.16787149012088776,0.7099999785423279,0.8700000047683716,--,--,--,--,0.7110300064086914,0.8700000047683716,0.7912973165512085
4,673,0.05501699075102806,-0.15221363306045532,0.03606237843632698,0.5299999713897705,0.6899999976158142,--,--,--,--,0.531029999256134,0.6899999976158142,0.6112974286079407
4,674,0.12162238359451294,0.0,0.20487110316753387,0.7799999713897705,0.8899999856948853,--,--,--,--,0.780709981918335,0.8899999856948853,0.8358920216560364
4,675,0.3845089375972748,0.0,0.5581557154655457,0.8700000047683716,0.8700000047683716,0.5326731204986572,0.5326731204986572,0.5619069337844849,0.5619069337844849,0.8703399896621704,0.9239599704742432,0.896889328956604
4,676,0.3334283232688904,0.0,0.5076667070388794,0.75,0.75,0.5840165615081787,0.5840165615081787,0.6591892838478088,0.6591892838478088,0.7508800029754639,0.8887500166893005,0.8191437721252441
4,677,0.37722986936569214,0.0,0.5699188113212585,0.8100000023841858,0.8100000023841858,0.5840165615081787,0.5840165615081787,0.6591892838478088,0.6591892838478088,0.8108800053596497,0.9487500190734863,0.8791437745094299
4,678,0.3778337240219116,0.0,0.5481751561164856,0.8600000143051147,0.8600000143051147,0.5326731204986572,0.5326731204986572,0.5619069337844849,0.5619069337844849,0.8603399991989136,0.9139599800109863,0.8868894577026367
4,679,0.43790408968925476,0.0,0.6296572685241699,1.0,1.0,0.5,0.5,0.5,0.5,1.0,1.0,1.0
4,680,0.13160523772239685,-0.013258012942969799,0.22586528956890106,0.8600000143051147,0.9300000071525574,--,--,--,--,0.8600000143051147,0.9300000071525574,0.9029160737991333
4,681,0.11122272163629532,-0.2710985541343689,0.10589120537042618,0.5,0.6000000238418579,--,--,--,--,0.5,0.6000000238418579,0.5613083839416504
4,682,0.13839298486709595,-0.23949111998081207,0.03216895833611488,0.5199999809265137,0.6800000071525574,--,--,--,--,0.5199999809265137,0.6800000071525574,0.5819063782691956
4,683,0.133941650390625,-0.012558434158563614,0.23017394542694092,0.8700000047683716,0.949999988079071,--,--,--,--,0.8700000047683716,0.949999988079071,0.9190466403961182
4,684,0.0825747698545456,-0.0010435994481667876,0.1398438811302185,0.6100000143051147,0.7300000190734863,--,--,--,--,0.6100000143051147,0.7300000190734863,0.6835700273513794
4,685,0.052120111882686615,-0.118833027780056,0.07530160993337631,0.5699999928474426,0.5699999928474426,0.5430078506469727,0.5430078506469727,0.654111385345459,0.654111385345459,0.5699999928474426,0.7011799812316895,0.625933051109314
4,686,0.19945776462554932,-0.0013461050111800432,0.30278006196022034,0.7599999904632568,0.7599999904632568,0.5026879906654358,0.5026879906654358,0.5096319913864136,0.5096319913864136,0.7599999904632568,0.7681999802589417,0.763495922088623
4,687,0.19846582412719727,-0.0027755454648286104,0.3403756022453308,0.7099999785423279,0.7099999785423279,0.5322558879852295,0.5322558879852295,0.6155835390090942,0.6155835390090942,0.7099999785423279,0.8083800077438354,0.7519497871398926
4,688,0.3682582974433899,0.0,0.612769365310669,0.9900000095367432,0.9900000095367432,0.5026879906654358,0.5026879906654358,0.5096319913864136,0.5096319913864136,0.9900000095367432,0.998199999332428,0.993495762348175
4,689,0.33543509244918823,0.0,0.576970100402832,0.8999999761581421,0.8999999761581421,0.5268799066543579,0.5268799066543579,0.5963196158409119,0.5963196158409119,0.8999999761581421,0.9819899797439575,0.9349581599235535
4,690,0.18160180747509003,0.0,0.5241332054138184,0.5099999904632568,0.5099999904632568,0.8729124665260315,0.8729124665260315,0.7693256735801697,0.7693256735801697,0.5117200016975403,0.8899099826812744,0.6662828922271729
4,691,0.14379404485225677,0.0,0.2198527753353119,0.7099999785423279,0.7099999785423279,0.516213595867157,0.516213595867157,0.5117098093032837,0.5117098093032837,0.710070013999939,0.7265200018882751,0.716795027256012
4,692,0.37705087661743164,0.0,0.6145679354667664,0.9399999976158142,0.9399999976158142,0.5243203639984131,0.5243203639984131,0.5175647139549255,0.5175647139549255,0.9401100277900696,0.9647799730300903,0.9501925110816956
4,693,0.3803604543209076,0.0,0.6162882447242737,0.949999988079071,0.949999988079071,0.516213595867157,0.516213595867157,0.5117098093032837,0.5117098093032837,0.9500700235366821,0.9665200114250183,0.9567948579788208
4,694,0.03718522936105728,-0.08353573083877563,0.10100429505109787,0.5600000023841858,0.5600000023841858,0.6378154754638672,0.6378154754638672,0.5995333790779114,0.5995333790779114,0.5606300234794617,0.7003999948501587,0.6177568435668945
4,695,0.10441361367702484,-0.007651026826351881,0.19902949035167694,0.6600000262260437,0.6600000262260437,0.6331280469894409,0.6331280469894409,0.588752031326294,0.588752031326294,0.6600000262260437,0.7377399802207947,0.6893577575683594
4,696,0.19541415572166443,0.0,0.3321742117404938,0.7099999785423279,0.7099999785423279,0.6331280469894409,0.6331280469894409,0.588752031326294,0.588752031326294,0.7099999785423279,0.7877399921417236,0.7393578290939331
4,697,0.37260231375694275,0.0,0.5581340193748474,0.9300000071525574,0.9300000071525574,0.5332820415496826,0.5332820415496826,0.5221880078315735,0.5221880078315735,0.9300000071525574,0.949429988861084,0.9373393654823303
4,698,0.03198803588747978,-0.09036765247583389,0.023556610569357872,0.6399999856948853,0.6399999856948853,0.5665640234947205,0.5665640234947205,0.544376015663147,0.544376015663147,0.6399999856948853,0.6788700222969055,0.6546788215637207
4,699,0.4560927748680115,-0.7015129923820496,0.039237622171640396,0.5400000214576721,0.5400000214576721,0.6331280469894409,0.6331280469894409,0.588752031326294,0.588752031326294,0.5400000214576721,0.6177399754524231,0.5693576335906982
4,700,0.38226601481437683,0.0,0.576252818107605,0.8999999761581421,0.8999999761581421,0.543890655040741,0.543890655040741,0.5545307993888855,0.5545307993888855,0.9002299904823303,0.9565600156784058,0.9287378787994385
4,701,0.3385877311229706,0.0,0.517536461353302,0.8199999928474426,0.8199999928474426,0.5501607656478882,0.5501607656478882,0.5623209476470947,0.5623209476470947,0.8202599883079529,0.8846399784088135,0.8528433442115784
4,702,0.3905137777328491,0.0,0.576926589012146,0.9599999785423279,0.9599999785423279,0.5062701106071472,0.5062701106071472,0.5077900886535645,0.5077900886535645,0.9600300192832947,0.9680799841880798,0.964105486869812
4,703,0.26925307512283325,0.0,0.4181745648384094,0.75,0.75,0.543890655040741,0.543890655040741,0.5545307993888855,0.5545307993888855,0.7502300143241882,0.8065599799156189,0.7787380814552307
4,704,0.363849937915802,0.0,0.5597596168518066,0.8299999833106995,0.8299999833106995,0.5752411484718323,0.5752411484718323,0.5934814214706421,0.5934814214706421,0.8303899765014648,0.9269599914550781,0.879264771938324
4,705,0.06979881227016449,-0.021858137100934982,0.13258181512355804,0.7300000190734863,0.9300000071525574,--,--,--,--,0.7300000190734863,0.9291300177574158,0.8213145136833191
4,706,0.09462198615074158,0.0,0.15340617299079895,0.699999988079071,0.9200000166893005,--,--,--,--,0.7009599804878235,0.9200000166893005,0.8195539712905884
4,707,0.0571533627808094,-0.013352681882679462,0.09670629352331161,0.6100000143051147,0.7400000095367432,--,--,--,--,0.6105700135231018,0.7400000095367432,0.6806458234786987
4,708,0.04405469447374344,-0.024880485609173775,0.08789972215890884,0.6600000262260437,0.8399999737739563,--,--,--,--,0.6600000262260437,0.8392199873924255,0.7421831488609314
4,709,0.11062934994697571,0.0,0.18251857161521912,0.8399999737739563,0.949999988079071,--,--,--,--,0.8404800295829773,0.949999988079071,0.8997769355773926
4,710,0.24510306119918823,0.0,0.359866201877594,0.75,0.75,0.5219568014144897,0.5219568014144897,0.520442545413971,0.520442545413971,0.75,0.7720400094985962,0.7600314021110535
4,711,0.43285226821899414,0.0,0.6236176490783691,0.9700000286102295,0.9700000286102295,0.5146378874778748,0.5146378874778748,0.513628363609314,0.513628363609314,0.9700000286102295,0.9847000241279602,0.9766876697540283
4,712,0.4376251995563507,0.0,0.630865216255188,0.9800000190734863,0.9800000190734863,0.5146378874778748,0.5146378874778748,0.513628363609314,0.513628363609314,0.9800000190734863,0.994700014591217,0.9866878390312195
4,713,0.3007667660713196,0.0,0.44006872177124023,0.7900000214576721,0.7900000214576721,0.5219568014144897,0.5219568014144897,0.520442545413971,0.520442545413971,0.7900000214576721,0.8120399713516235,0.8000313639640808
4,714,0.028040312230587006,-0.03247411549091339,0.1443224400281906,0.5799999833106995,0.5799999833106995,0.6463788151741028,0.6463788151741028,0.6362836956977844,0.6362836956977844,0.5799999833106995,0.7269700169563293,0.6468757390975952
4,715,0.2774922251701355,0.0,0.43507224321365356,0.7599999904632568,0.7599999904632568,0.6328096985816956,0.6328096985816956,0.5697250962257385,0.5697250962257385,0.7599999904632568,0.8891699910163879,0.8224506378173828
4,716,0.3113272488117218,-0.0006251364247873425,0.45859143137931824,0.8600000143051147,0.8600000143051147,0.5088539719581604,0.5088539719581604,0.5046483278274536,0.5046483278274536,0.8600000143051147,0.8686100244522095,0.864163339138031
4,717,3.5107579231262207,-5.627413749694824,0.010835506953299046,0.5199999809265137,0.5199999809265137,0.5088539719581604,0.5088539719581604,0.5046483278274536,0.5046483278274536,0.5199999809265137,0.5286099910736084,0.5241633653640747
4,718,0.16480760276317596,-0.012527390383183956,0.22530430555343628,0.7300000190734863,0.7300000190734863,0.5265619158744812,0.5265619158744812,0.5139450430870056,0.5139450430870056,0.7300000190734863,0.7558299899101257,0.7424899935722351
4,719,0.3600293695926666,0.0,0.5490056872367859,0.9100000262260437,0.9100000262260437,0.5619778633117676,0.5619778633117676,0.5325383543968201,0.5325383543968201,0.9100000262260437,0.9702799916267395,0.9391436576843262
4,720,0.24972690641880035,0.0,0.43876439332962036,0.7599999904632568,0.7599999904632568,0.6856953501701355,0.6856953501701355,0.5742781162261963,0.5742781162261963,0.7599999904632568,0.8697299957275391,0.8019578456878662
4,721,0.3584613502025604,0.0,0.5847190022468567,0.9599999785423279,0.9599999785423279,0.527854323387146,0.527854323387146,0.5111417174339294,0.5111417174339294,0.9599999785423279,0.9764599800109863,0.9662936925888062
4,722,0.2759387791156769,0.0,0.46429917216300964,0.8100000023841858,0.8100000023841858,0.6021324396133423,0.6021324396133423,0.540852963924408,0.540852963924408,0.8100000023841858,0.8703500032424927,0.8330768346786499
4,723,0.19795849919319153,0.0,0.360882431268692,0.699999988079071,0.699999988079071,0.7228344082832336,0.7228344082832336,0.5891337394714355,0.5891337394714355,0.699999988079071,0.8316699862480164,0.7503494024276733
4,724,0.36687207221984863,0.0,0.5969757437705994,0.9800000190734863,0.9800000190734863,0.5185695290565491,0.5185695290565491,0.5074278116226196,0.5074278116226196,0.9800000190734863,0.9909700155258179,0.9841957092285156
4,725,0.1773339807987213,0.0,0.38667356967926025,0.6000000238418579,0.6000000238418579,0.5886914134025574,0.5886914134025574,0.807463526725769,0.807463526725769,0.6000000238418579,0.8771100044250488,0.7171242237091064
4,726,0.10590343177318573,0.0,0.2363930344581604,0.5799999833106995,0.5799999833106995,0.5720617771148682,0.5720617771148682,0.7498141527175903,0.7498141527175903,0.5799999833106995,0.8051499724388123,0.6751634478569031
4,727,0.30701979994773865,0.0,0.5060014128684998,0.8799999952316284,0.8799999952316284,0.5194012522697449,0.5194012522697449,0.5672576427459717,0.5672576427459717,0.8799999952316284,0.9406200051307678,0.9056211709976196
4,728,0.28154614567756653,0.0,0.49309247732162476,0.800000011920929,0.800000011920929,0.5498889088630676,0.5498889088630676,0.6729482412338257,0.6729482412338257,0.800000011920929,0.9558799862861633,0.8658823370933533
4,729,0.28125444054603577,0.0,0.4705706834793091,0.8299999833106995,0.8299999833106995,0.5277160406112671,0.5277160406112671,0.596082329750061,0.596082329750061,0.8299999833106995,0.9165999889373779,0.8666011095046997
4,730,0.09215476363897324,-0.021114299073815346,0.1727505922317505,0.6100000143051147,0.9599999785423279,--,--,--,--,0.6100000143051147,0.9599999785423279,0.8218489289283752
4,731,0.028447194024920464,-0.02035096473991871,0.08144677430391312,0.5400000214576721,0.8999999761581421,--,--,--,--,0.5400000214576721,0.8999999761581421,0.6820983290672302
4,732,0.15257959067821503,-0.00016287315520457923,0.2605743110179901,0.9200000166893005,0.9300000071525574,--,--,--,--,0.9200000166893005,0.9300000071525574,0.9239470958709717
4,733,0.08788439631462097,-0.0039000511169433594,0.1423506736755371,0.7200000286102295,1.0,--,--,--,--,0.7200000286102295,1.0,0.8305208086967468
4,734,0.08002185821533203,-0.0032162342686206102,0.12420722097158432,0.699999988079071,0.8700000047683716,--,--,--,--,0.699999988079071,0.8700000047683716,0.7671020030975342
4,735,0.09522856026887894,-0.015399903990328312,0.1625351756811142,0.6499999761581421,0.8999999761581421,--,--,--,--,0.6499999761581421,0.8999999761581421,0.8013208508491516
4,736,0.2570493221282959,-0.5213143229484558,0.014932292513549328,0.5,0.5899999737739563,--,--,--,--,0.5,0.5899999737739563,0.5544754862785339
4,737,0.0393189899623394,-0.019730743020772934,0.07900045812129974,0.5600000023841858,0.7599999904632568,--,--,--,--,0.5600000023841858,0.7599999904632568,0.6810564994812012
4,738,0.07426372915506363,-0.04329397529363632,0.1430782526731491,0.550000011920929,0.9200000166893005,--,--,--,--,0.550000011920929,0.9200000166893005,0.7739546298980713
4,739,0.12814295291900635,-0.31719404458999634,0.12682080268859863,0.5699999928474426,0.6200000047683716,--,--,--,--,0.5699999928474426,0.6200000047683716,0.5897358655929565
4,740,0.0530955046415329,-0.004538396839052439,0.14824005961418152,0.5699999928474426,0.8600000143051147,--,--,--,--,0.5707100033760071,0.8600000143051147,0.7006075382232666
4,741,0.06888587772846222,-0.03400212526321411,0.13255734741687775,0.6100000143051147,0.8600000143051147,--,--,--,--,0.6100000143051147,0.8593900203704834,0.7474075555801392
4,742,0.100944884121418,-0.006441217847168446,0.17503191530704498,0.7799999713897705,0.8500000238418579,--,--,--,--,0.7801700234413147,0.8500000238418579,0.8115260601043701
4,743,0.0706922858953476,-0.035164766013622284,0.14203530550003052,0.6100000143051147,0.8899999856948853,--,--,--,--,0.6100000143051147,0.8893100023269653,0.7638963460922241
4,744,0.046095799654722214,-0.10584396123886108,0.09565049409866333,0.5099999904632568,0.7099999785423279,--,--,--,--,0.5099999904632568,0.7095100283622742,0.6199259161949158
4,745,0.2558867037296295,0.0,0.44948118925094604,0.7799999713897705,0.7799999713897705,0.6305844187736511,0.6305844187736511,0.5738086104393005,0.5738086104393005,0.7799999713897705,0.8562800288200378,0.8081851601600647
4,746,0.2185676544904709,0.0,0.4193134605884552,0.7200000286102295,0.7200000286102295,0.7089350819587708,0.7089350819587708,0.618093729019165,0.618093729019165,0.7200000286102295,0.8420500159263611,0.7650962471961975
4,747,0.29080525040626526,-0.00041217452962882817,0.4730452299118042,0.8399999737739563,0.8399999737739563,0.543528139591217,0.543528139591217,0.5246028900146484,0.5246028900146484,0.8399999737739563,0.8654299974441528,0.8493947982788086
4,748,4.782345294952393,-7.799894332885742,0.042009953409433365,0.5099999904632568,0.5099999904632568,0.5174112319946289,0.5174112319946289,0.5098411440849304,0.5098411440849304,0.5099999904632568,0.5201699733734131,0.5137580037117004
4,749,0.2414550483226776,0.0,0.44496363401412964,0.75,0.75,0.6828181743621826,0.6828181743621826,0.6033320426940918,0.6033320426940918,0.75,0.8567900061607361,0.7894591689109802
4,750,0.3754410743713379,0.0,0.6564448475837708,0.6399999856948853,0.6399999856948853,0.6781872510910034,0.6781872510910034,0.7159845232963562,0.7159845232963562,0.6399999856948853,0.9692400097846985,0.8167822360992432
4,751,0.39273780584335327,0.0,0.6344272494316101,0.7900000214576721,0.7900000214576721,0.5827297568321228,0.5827297568321228,0.6002784967422485,0.6002784967422485,0.7900000214576721,0.9428600072860718,0.8720772862434387
4,752,0.17465409636497498,-0.3131749629974365,0.031097140163183212,0.5799999833106995,0.5799999833106995,0.5318191647529602,0.5318191647529602,0.5385686755180359,0.5385686755180359,0.5799999833106995,0.6387900114059448,0.6115682721138
4,753,0.41832759976387024,0.0,0.6853200197219849,0.7799999713897705,0.7799999713897705,0.627276599407196,0.627276599407196,0.6542746424674988,0.6542746424674988,0.7799999713897705,1.0152000188827515,0.9062731862068176
4,754,0.412952721118927,0.0,0.6308861374855042,0.8899999856948853,0.8899999856948853,0.5254552960395813,0.5254552960395813,0.5308549404144287,0.5308549404144287,0.8899999856948853,0.937030017375946,0.9152547121047974
4,755,0.1503838747739792,-0.01063753291964531,0.30658069252967834,0.9200000166893005,0.9399999976158142,--,--,--,--,0.9200000166893005,0.9399999976158142,0.932222843170166
4,756,0.023271283134818077,-0.041616976261138916,0.048920437693595886,0.5799999833106995,0.9100000262260437,--,--,--,--,0.5799999833106995,0.9100000262260437,0.7083216309547424
4,757,0.0995309054851532,-0.014638392254710197,0.20874369144439697,0.8100000023841858,0.9700000286102295,--,--,--,--,0.8100000023841858,0.9700000286102295,0.8722164630889893
4,758,0.046694476157426834,-0.028938785195350647,0.10413186997175217,0.6600000262260437,0.9900000095367432,--,--,--,--,0.6600000262260437,0.9900000095367432,0.7883217334747314
4,759,0.1086241751909256,-0.008934014476835728,0.19253204762935638,0.699999988079071,0.8299999833106995,--,--,--,--,0.699999988079071,0.8299999833106995,0.7794491648674011
4,760,0.40109771490097046,0.0,0.6088955402374268,0.9399999976158142,0.9399999976158142,0.5017760396003723,0.5017760396003723,0.5399605631828308,0.5399605631828308,0.9401599764823914,0.9725800156593323,0.9548437595367432
4,761,0.2012220323085785,0.0,0.4547978639602661,0.5199999809265137,0.5199999809265137,0.5204243063926697,0.5204243063926697,0.9595463275909424,0.9595463275909424,0.5218200087547302,0.8946899771690369,0.6907026171684265
4,762,0.31201010942459106,0.0,0.5174466371536255,0.7799999713897705,0.7799999713897705,0.5062161087989807,0.5062161087989807,0.6398619413375854,0.6398619413375854,0.7805500030517578,0.8940399885177612,0.8319529294967651
4,763,0.2649397850036621,-0.49744075536727905,0.049902431666851044,0.6100000143051147,0.6100000143051147,0.5004439949989319,0.5004439949989319,0.5099901556968689,0.5099901556968689,0.610040009021759,0.618149995803833,0.613710880279541
4,764,0.3109748363494873,0.0,0.47140124440193176,0.8100000023841858,0.8100000023841858,0.5017760396003723,0.5017760396003723,0.5399605631828308,0.5399605631828308,0.8101599812507629,0.8425800204277039,0.8248435854911804
4,765,0.032371632754802704,-0.030332552269101143,0.06866391003131866,0.6100000143051147,0.8100000023841858,--,--,--,--,0.6100000143051147,0.8089100122451782,0.7071987390518188
4,766,0.05817112326622009,-0.18716487288475037,0.11946873366832733,0.5600000023841858,0.6700000166893005,--,--,--,--,0.5605999827384949,0.6700000166893005,0.6165407299995422
4,767,0.05602094903588295,-0.03402767330408096,0.11000803112983704,0.6299999952316284,0.9700000286102295,--,--,--,--,0.6299999952316284,0.9681500196456909,0.7952377796173096
4,768,0.09823590517044067,-0.020548826083540916,0.18591107428073883,0.7699999809265137,0.9800000190734863,--,--,--,--,0.7699999809265137,0.9788600206375122,0.872058629989624
4,769,0.12837673723697662,0.0,0.23779213428497314,0.8199999928474426,0.8899999856948853,--,--,--,--,0.8203799724578857,0.8899999856948853,0.8559802770614624
4,770,0.17785990238189697,-0.28789156675338745,0.006629211828112602,0.5400000214576721,0.5400000214576721,0.5645245909690857,0.5645245909690857,0.6572786569595337,0.6572786569595337,0.5400000214576721,0.6708599925041199,0.5983992218971252
4,771,0.06761321425437927,-0.03230983018875122,0.22782284021377563,0.5699999928474426,0.5699999928474426,0.5948891043663025,0.5948891043663025,0.7312921285629272,0.7312921285629272,0.5699999928474426,0.7624499797821045,0.6558812856674194
4,772,0.1967211365699768,-0.001141689601354301,0.2902888357639313,0.7200000286102295,0.7200000286102295,0.5265689492225647,0.5265689492225647,0.5647618174552917,0.5647618174552917,0.7200000286102295,0.7738800048828125,0.744046688079834
4,773,0.3502793610095978,0.0,0.4928657114505768,0.8700000047683716,0.8700000047683716,0.5151822566986084,0.5151822566986084,0.5370067358016968,0.5370067358016968,0.8700000047683716,0.9007899761199951,0.8837411999702454
4,774,0.38521185517311096,0.0,0.546230673789978,0.9200000166893005,0.9200000166893005,0.5227733850479126,0.5227733850479126,0.5555101037025452,0.5555101037025452,0.9200000166893005,0.966189980506897,0.9406114220619202
4,775,0.08188831806182861,-0.004140535835176706,0.13687163591384888,0.7699999809265137,0.8600000143051147,--,--,--,--,0.7699999809265137,0.8600000143051147,0.8088954091072083
4,776,0.051193900406360626,-0.029588624835014343,0.09706231206655502,0.5099999904632568,0.8399999737739563,--,--,--,--,0.5099999904632568,0.8399999737739563,0.6973836421966553
4,777,0.05315978452563286,-0.02334449253976345,0.08640135079622269,0.5799999833106995,0.7699999809265137,--,--,--,--,0.5799999833106995,0.7699999809265137,0.6878875494003296
4,778,0.10082190483808517,-0.0018946222262457013,0.16835331916809082,0.8299999833106995,0.8700000047683716,--,--,--,--,0.8299999833106995,0.8700000047683716,0.8472867608070374
4,779,1.1325788497924805,-2.464725971221924,0.22382459044456482,0.5199999809265137,0.5199999809265137,--,--,--,--,0.5199999809265137,0.5199999809265137,0.5199986100196838
4,780,0.2877611517906189,0.0,0.4201446771621704,0.8199999928474426,0.8199999928474426,0.5332820415496826,0.5332820415496826,0.5499230027198792,0.5499230027198792,0.8202400207519531,0.8578100204467773,0.8368704319000244
4,781,0.3825373947620392,0.0,0.5537139177322388,0.9700000286102295,0.9700000286102295,0.5,0.5,0.5,0.5,0.9700000286102295,0.9700000286102295,0.9700010418891907
4,782,0.3893128037452698,0.0,0.5665203928947449,0.9800000190734863,0.9800000190734863,0.5055469870567322,0.5055469870567322,0.5083205103874207,0.5083205103874207,0.9800400137901306,0.986299991607666,0.9828116297721863
4,783,0.10385816544294357,0.0,0.27962565422058105,0.5600000023841858,0.5600000023841858,0.7107861042022705,0.7107861042022705,0.816179096698761,0.816179096698761,0.5615500211715698,0.7994400262832642,0.6668449640274048
4,784,0.13240942358970642,0.0,0.227586567401886,0.6600000262260437,0.6600000262260437,0.5942990183830261,0.5942990183830261,0.6414485573768616,0.6414485573768616,0.6606900095939636,0.7671200037002563,0.7077991366386414
4,785,0.19952929019927979,0.0,0.3105200529098511,0.75,0.75,0.5121616125106812,0.5121616125106812,0.538106381893158,0.538106381893158,0.75,0.7842199802398682,0.7667430639266968
4,786,0.07226638495922089,-0.015285919420421124,0.14688818156719208,0.5600000023841858,0.5600000023841858,0.5729696154594421,0.5729696154594421,0.728638231754303,0.728638231754303,0.5600000023841858,0.7652900218963623,0.6604589819908142
4,787,0.3367515802383423,0.0,0.5388176441192627,0.8600000143051147,0.8600000143051147,0.5334444046020508,0.5334444046020508,0.6047925353050232,0.6047925353050232,0.8600000143051147,0.9540899991989136,0.9060437083244324
4,788,0.026644296944141388,-0.03608960285782814,0.053256209939718246,0.5899999737739563,0.5899999737739563,0.5456060171127319,0.5456060171127319,0.6428988575935364,0.6428988575935364,0.5899999737739563,0.7183099985122681,0.6527868509292603
4,789,0.14155393838882446,-0.0249918382614851,0.28522616624832153,0.5299999713897705,0.5299999713897705,0.6124948859214783,0.6124948859214783,0.8524839282035828,0.8524839282035828,0.5299999713897705,0.8464900255203247,0.684874415397644
4,790,0.0869455337524414,-0.01473977044224739,0.14188404381275177,0.75,0.7599999904632568,--,--,--,--,0.7500699758529663,0.7599999904632568,0.7546870708465576
4,791,0.13039149343967438,-0.002333693904802203,0.2309085726737976,0.9200000166893005,0.9300000071525574,--,--,--,--,0.9200000166893005,0.9299299716949463,0.9253127574920654
4,792,0.055142588913440704,0.0,0.08847964555025101,0.6499999761581421,0.8799999952316284,--,--,--,--,0.6515600085258484,0.8799999952316284,0.757803738117218
4,793,0.11938352137804031,-0.010204878635704517,0.2195231318473816,0.8399999737739563,0.9900000095367432,--,--,--,--,0.8399999737739563,0.9889799952507019,0.9196932315826416
4,794,0.06622069329023361,-0.0457843653857708,0.111515574157238,0.6399999856948853,0.800000011920929,--,--,--,--,0.6399999856948853,0.7989100217819214,0.725006103515625
4,795,0.29539749026298523,0.0,0.49889129400253296,0.8100000023841858,0.8100000023841858,0.6692997217178345,0.6692997217178345,0.56113600730896,0.56113600730896,0.8100000023841858,0.9226400256156921,0.8597399592399597
4,796,0.3799011707305908,0.0,0.5839953422546387,0.9599999785423279,0.9599999785423279,0.5094055533409119,0.5094055533409119,0.5033964514732361,0.5033964514732361,0.9599999785423279,0.9662600159645081,0.9627631902694702
4,797,0.05096816271543503,-0.12812583148479462,0.08443813771009445,0.6899999976158142,0.6899999976158142,0.5,0.5,0.5,0.5,0.6899999976158142,0.6899999976158142,0.6900012493133545
4,798,0.29638656973838806,0.0,0.46263018250465393,0.8399999737739563,0.8399999737739563,0.5282166004180908,0.5282166004180908,0.5101893544197083,0.5101893544197083,0.8399999737739563,0.8587700128555298,0.8482899069786072
4,799,0.2305411845445633,0.0,0.3757467269897461,0.7699999809265137,0.7699999809265137,0.5658387541770935,0.5658387541770935,0.5237751007080078,0.5237751007080078,0.7699999809265137,0.8137999773025513,0.7893433570861816
4,800,0.11955450475215912,-0.024183334782719612,0.16953396797180176,0.6200000047683716,0.8199999928474426,0.5056817531585693,0.508522629737854,0.5191759467124939,0.5287639498710632,0.6307899951934814,0.8096500039100647,0.7293839454650879
4,801,0.18051950633525848,-0.030231401324272156,0.2623792290687561,0.6100000143051147,0.9900000095367432,0.5028408765792847,0.5028408765792847,0.5095880031585693,0.5095880031585693,0.6303200125694275,0.9700800180435181,0.8094773292541504
4,802,0.11725503951311111,-0.039693448692560196,0.1644243746995926,0.5199999809265137,0.949999988079071,0.5028408765792847,0.5142044425010681,0.5095880031585693,0.5479398965835571,0.5430799722671509,0.9275799989700317,0.7498997449874878
4,803,0.1927272528409958,-0.014865470118820667,0.3365307152271271,0.6100000143051147,0.7699999809265137,0.5511358976364136,0.5596585273742676,0.6725836396217346,0.7013475894927979,0.6194199919700623,0.8039399981498718,0.7364538311958313
4,804,0.12901678681373596,-0.025393111631274223,0.19176869094371796,0.6000000238418579,0.8700000047683716,0.5142044425010681,0.5170453190803528,0.5479398965835571,0.5575278997421265,0.6145700216293335,0.8558400273323059,0.742088794708252
4,805,0.18874169886112213,-0.0593557134270668,0.28416815400123596,0.5699999928474426,0.8399999737739563,0.5057312250137329,0.5126086473464966,0.5496704578399658,0.6092749834060669,0.5699999928474426,0.8399999737739563,0.7564175128936768
4,806,0.10551183670759201,-0.05471044406294823,0.15038582682609558,0.5299999713897705,0.949999988079071,0.5,0.5011462569236755,0.5,0.5099340677261353,0.5299999713897705,0.949999988079071,0.7362638711929321
4,807,0.17895178496837616,-0.05258375033736229,0.24990373849868774,0.6000000238418579,0.949999988079071,0.5022924542427063,0.5034387111663818,0.5198681950569153,0.5298022627830505,0.6000000238418579,0.949999988079071,0.795282781124115
4,808,0.07694531232118607,-0.08454511314630508,0.11732868105173111,0.5,0.9100000262260437,0.5011462569236755,0.5034387111663818,0.5099340677261353,0.5298022627830505,0.5,0.9100000262260437,0.7102547287940979
4,809,0.29765909910202026,-0.03657475486397743,0.41420552134513855,0.6600000262260437,0.8999999761581421,0.5091699361801147,0.5103161931037903,0.5794727206230164,0.5894067883491516,0.6600000262260437,0.8999999761581421,0.826119601726532
4,810,0.02529846504330635,-0.06326174736022949,0.039926350116729736,0.5799999833106995,0.8399999737739563,--,--,--,--,0.5849499702453613,0.8399999737739563,0.6927912831306458
4,811,0.07781042158603668,-0.04082219675183296,0.1680292785167694,0.6100000143051147,0.9900000095367432,--,--,--,--,0.6100000143051147,0.9700599908828735,0.777031421661377
4,812,0.01932527869939804,-0.028485501185059547,0.037319038063287735,0.5699999928474426,0.7799999713897705,--,--,--,--,0.5805299878120422,0.7683699727058411,0.65163254737854
4,813,0.1136595830321312,-0.002059084828943014,0.2044648677110672,0.7799999713897705,0.8500000238418579,--,--,--,--,0.7819700241088867,0.8500000238418579,0.8087652921676636
4,814,0.04963209480047226,-0.01579498127102852,0.10322046279907227,0.6299999952316284,0.9800000190734863,--,--,--,--,0.638159990310669,0.9800000190734863,0.7689813375473022
4,815,0.3456205725669861,0.0,0.5413264632225037,0.949999988079071,0.9900000095367432,0.5,0.5089821815490723,0.5,0.5043955445289612,0.9525799751281738,0.9900000095367432,0.9734696745872498
4,816,0.04256318137049675,-0.038888245820999146,0.07042136043310165,0.6399999856948853,0.6499999761581421,0.5628751516342163,0.5808395147323608,0.5307686924934387,0.5395597815513611,0.6399999856948853,0.7140300273895264,0.6740251183509827
4,817,0.1390046775341034,0.0,0.19267040491104126,0.6499999761581421,0.7400000095367432,0.5538930296897888,0.5628751516342163,0.5263731479644775,0.5307686924934387,0.6564099788665771,0.7482699751853943,0.7220941781997681
4,818,0.08514226227998734,-0.18994028866291046,0.07528083026409149,0.5600000023841858,0.6299999952316284,0.5898216962814331,0.6257503628730774,0.5439552664756775,0.5615373849868774,0.5600000023841858,0.687690019607544,0.6356979608535767
4,819,0.2236822247505188,-0.0025064945220947266,0.3252934217453003,0.7200000286102295,1.0,0.5,0.5,0.5,0.5,0.7376000285148621,1.0,0.8707898259162903
4,820,0.09486731886863708,-0.004457454197108746,0.14438603818416595,0.7099999785423279,0.9900000095367432,--,--,--,--,0.7158700227737427,0.9900000095367432,0.85960853099823
4,821,0.05618254467844963,-0.07281079888343811,0.15067937970161438,0.5899999737739563,0.9399999976158142,--,--,--,--,0.5899999737739563,0.9202200174331665,0.7535715103149414
4,822,0.10989659279584885,-0.014925611205399036,0.16852883994579315,0.7200000286102295,0.9900000095367432,--,--,--,--,0.7358800172805786,0.9900000095367432,0.8803650140762329
4,823,0.04725334420800209,-0.06761989742517471,0.10437124967575073,0.5600000023841858,0.8399999737739563,--,--,--,--,0.5621700286865234,0.8399999737739563,0.6580373644828796
4,824,0.05394911393523216,-0.030971789732575417,0.11232489347457886,0.5699999928474426,0.9800000190734863,--,--,--,--,0.5699999928474426,0.9699699878692627,0.7980107069015503
4,825,0.059555478394031525,-0.05108353868126869,0.10628289729356766,0.6299999952316284,0.9800000190734863,--,--,--,--,0.6299999952316284,0.9800000190734863,0.7749351859092712
4,826,0.05063765496015549,-0.05102529749274254,0.1008453443646431,0.5600000023841858,0.9800000190734863,--,--,--,--,0.5600000023841858,0.9800000190734863,0.7990535497665405
4,827,0.035297900438308716,-0.04384099319577217,0.07326049357652664,0.6899999976158142,0.8899999856948853,--,--,--,--,0.6899999976158142,0.8781899809837341,0.7650745511054993
4,828,0.05161377415060997,-0.13788235187530518,0.14013557136058807,0.550000011920929,0.8799999952316284,--,--,--,--,0.5769400000572205,0.8470100164413452,0.6950452923774719
4,829,0.08248437196016312,-0.03735266253352165,0.1637885421514511,0.6800000071525574,0.8799999952316284,--,--,--,--,0.6919999718666077,0.8799999952316284,0.7845354676246643
4,830,0.049409400671720505,-0.08874911814928055,0.10967158526182175,0.5600000023841858,0.6700000166893005,0.5269944071769714,0.787940502166748,0.5130882263183594,0.6396075487136841,0.5623999834060669,0.71110999584198,0.6537756323814392
4,831,0.1793884038925171,-0.03019438125193119,0.34186863899230957,0.5799999833106995,0.8600000143051147,0.5179963111877441,0.6259739995002747,0.5087254643440247,0.5610783100128174,0.5799999833106995,0.8542299866676331,0.7537364959716797
4,832,0.22720807790756226,-0.42076894640922546,0.03508643060922623,0.5,0.6899999976158142,0.5,0.5359925627708435,0.5,0.5174509286880493,0.5039600133895874,0.6899999976158142,0.5916293263435364
4,833,0.21497465670108795,0.0,0.3601963222026825,0.6899999976158142,0.9599999785423279,0.5179963111877441,0.5359925627708435,0.5087254643440247,0.5174509286880493,0.6956300139427185,0.9599999785423279,0.8203210830688477
4,834,0.32621291279792786,-0.007506236433982849,0.5448960065841675,0.7900000214576721,0.8899999856948853,0.5359925627708435,0.5629869699478149,0.5174509286880493,0.5305391550064087,0.7900000214576721,0.8879500031471252,0.8587795495986938
4,835,0.30333319306373596,-0.004816040396690369,0.44538331031799316,0.6899999976158142,0.7599999904632568,0.5999261140823364,0.7098448276519775,0.5038433074951172,0.5080709457397461,0.6899999976158142,0.8566100001335144,0.7964351773262024
4,836,0.06875095516443253,-0.15000829100608826,0.056745536625385284,0.550000011920929,0.5899999737739563,0.5499630570411682,0.6598817706108093,0.5019216537475586,0.5061492919921875,0.550000011920929,0.6852700114250183,0.618699312210083
4,837,0.05735078826546669,-0.08059655129909515,0.1312360167503357,0.550000011920929,0.7599999904632568,0.5099925994873047,0.5299778580665588,0.5003843307495117,0.5011529922485352,0.550000011920929,0.7495700120925903,0.6723417043685913
4,838,0.22270198166370392,-0.008390181697905064,0.323883056640625,0.6000000238418579,0.75,0.6099187135696411,0.669874370098114,0.5042276382446289,0.5065336227416992,0.6098399758338928,0.8105199933052063,0.7314072251319885
4,839,0.12309301644563675,-0.042736366391181946,0.19929197430610657,0.5299999713897705,0.7400000095367432,0.5199851989746094,0.6798670291900635,0.5007686614990234,0.5069179534912109,0.5299999713897705,0.7575700283050537,0.6885281205177307
4,840,0.06819991022348404,-0.026583421975374222,0.11143895238637924,0.6700000166893005,0.9800000190734863,--,--,--,--,0.6700000166893005,0.9800000190734863,0.820239245891571
4,841,0.035646263509988785,-0.0621572807431221,0.07075615972280502,0.6100000143051147,0.9599999785423279,--,--,--,--,0.6100000143051147,0.9599999785423279,0.7349042296409607
4,842,0.04110052436590195,-0.005841387901455164,0.06735854595899582,0.5799999833106995,0.949999988079071,--,--,--,--,0.5877100229263306,0.949999988079071,0.7182331085205078
4,843,0.0784204974770546,-0.004309912212193012,0.12994395196437836,0.5400000214576721,0.9800000190734863,--,--,--,--,0.5499799847602844,0.9800000190734863,0.8150551915168762
4,844,0.05704442411661148,-0.05375461280345917,0.10107573121786118,0.5899999737739563,0.8700000047683716,--,--,--,--,0.5899999737739563,0.8600000143051147,0.7320697903633118
4,845,0.3489205837249756,-0.013365896418690681,0.5038436055183411,0.8700000047683716,1.0,0.5,0.5,0.5,0.5,0.8700000047683716,0.9940900206565857,0.9376814365386963
4,846,0.3449759781360626,-0.005500366911292076,0.5016489028930664,0.8500000238418579,0.9700000286102295,0.5145639777183533,0.5218459963798523,0.5137072801589966,0.5205609202384949,0.8556399941444397,0.9700000286102295,0.9162256121635437
4,847,0.3538001477718353,-0.006038727704435587,0.5165122747421265,0.8299999833106995,0.9300000071525574,0.507282018661499,0.5436919927597046,0.5068536400794983,0.5411219000816345,0.8299999833106995,0.9257299900054932,0.894032895565033
4,848,0.10423342883586884,-0.005342000164091587,0.29844409227371216,0.5299999713897705,0.5299999713897705,0.725741982460022,0.7621520161628723,0.7124630808830261,0.7467312812805176,0.5299999713897705,0.7712000012397766,0.6459833383560181
4,849,0.2904902994632721,0.0,0.4486547112464905,0.7099999785423279,0.8199999928474426,0.5801020264625549,0.5801020264625549,0.575390100479126,0.575390100479126,0.7158200144767761,0.8467699885368347,0.8008691072463989
4,850,0.07185427099466324,-0.16043832898139954,0.0745803490281105,0.5400000214576721,0.7200000286102295,--,--,--,--,0.5400000214576721,0.711899995803833,0.6030005812644958
4,851,0.022042131051421165,-0.05597177892923355,0.04384502023458481,0.5799999833106995,0.7799999713897705,--,--,--,--,0.5799999833106995,0.771340012550354,0.6531094312667847
4,852,0.05643811449408531,-0.17891336977481842,0.07091647386550903,0.550000011920929,0.6600000262260437,--,--,--,--,0.5524500012397766,0.6600000262260437,0.6047623157501221
4,853,0.0478394441306591,-0.012184927240014076,0.09320986270904541,0.5600000023841858,0.9800000190734863,--,--,--,--,0.5600000023841858,0.9800000190734863,0.7857916951179504
4,854,0.03267252817749977,-0.02559887059032917,0.054826077073812485,0.5600000023841858,0.949999988079071,--,--,--,--,0.5600000023841858,0.949999988079071,0.7063750624656677
4,855,0.08468137681484222,-0.001733038225211203,0.14986780285835266,0.6899999976158142,0.949999988079071,--,--,--,--,0.6899999976158142,0.949999988079071,0.8246314525604248
4,856,0.08499772846698761,-0.010888463817536831,0.15740306675434113,0.6700000166893005,0.8600000143051147,--,--,--,--,0.6700000166893005,0.8520399928092957,0.8032598495483398
4,857,0.02491077408194542,-0.03558790683746338,0.04542207717895508,0.5600000023841858,1.0,--,--,--,--,0.5646899938583374,1.0,0.7170259952545166
4,858,0.060350432991981506,-0.012495554983615875,0.09321118146181107,0.5799999833106995,0.9300000071525574,--,--,--,--,0.5890700221061707,0.9215499758720398,0.7422999739646912
4,859,0.03647753223776817,-0.03934089466929436,0.07344740629196167,0.5299999713897705,0.9300000071525574,--,--,--,--,0.5299999713897705,0.910539984703064,0.7007619738578796
4,860,0.19769327342510223,-0.008382735773921013,0.29990312457084656,0.6499999761581421,0.75,0.5281227827072144,0.706233561038971,0.5104455947875977,0.5766010284423828,0.6499999761581421,0.8130000233650208,0.7459768056869507
4,861,0.31047531962394714,0.0,0.4513494372367859,0.7699999809265137,0.8500000238418579,0.5281227827072144,0.6031167507171631,0.5104455947875977,0.5383005142211914,0.7764599919319153,0.8682000041007996,0.8324522972106934
4,862,0.3528992533683777,-0.008630000986158848,0.5209559798240662,0.8199999928474426,0.9399999976158142,0.5468712449073792,0.5468712449073792,0.5174093246459961,0.5174093246459961,0.8199999928474426,0.9325100183486938,0.8999435901641846
4,863,0.2531128525733948,-0.012992575764656067,0.3696417808532715,0.7099999785423279,0.8500000238418579,0.5,0.5843682885169983,0.5,0.531336784362793,0.7099999785423279,0.8410599827766418,0.7990767359733582
4,864,0.2011851966381073,0.0,0.30490797758102417,0.6600000262260437,0.75,0.5,0.7343563437461853,0.5,0.5870466232299805,0.667900025844574,0.8197900056838989,0.7467817664146423
4,865,0.059500109404325485,0.0,0.10309640318155289,0.5600000023841858,0.9100000262260437,--,--,--,--,0.565339982509613,0.9100000262260437,0.7030621767044067
4,866,0.07478170841932297,-0.017992351204156876,0.1400093287229538,0.699999988079071,0.8899999856948853,--,--,--,--,0.699999988079071,0.8899999856948853,0.7603956460952759
4,867,0.04529861733317375,-0.05295670032501221,0.12244902551174164,0.5199999809265137,0.9800000190734863,--,--,--,--,0.5199999809265137,0.9635000228881836,0.7500607967376709
4,868,0.035707373172044754,-0.03571075573563576,0.06556154787540436,0.5400000214576721,0.9100000262260437,--,--,--,--,0.5400000214576721,0.9020799994468689,0.7542577385902405
4,869,0.03056144155561924,-0.05409156531095505,0.05253495275974274,0.6000000238418579,0.9700000286102295,--,--,--,--,0.6000000238418579,0.9616400003433228,0.8051126599311829
4,870,0.038034308701753616,-0.029686862602829933,0.06668385118246078,0.5299999713897705,0.9700000286102295,--,--,--,--,0.5397800207138062,0.9620299935340881,0.7314426302909851
4,871,0.06950481235980988,-0.04585474357008934,0.15497590601444244,0.5799999833106995,0.9200000166893005,--,--,--,--,0.5799999833106995,0.9050499796867371,0.7715009450912476
4,872,0.041983410716056824,-0.030927399173378944,0.08700006455183029,0.5299999713897705,0.8700000047683716,--,--,--,--,0.5527099967002869,0.8700000047683716,0.6825709342956543
4,873,0.10899859666824341,-0.036737505346536636,0.23556698858737946,0.6499999761581421,0.9900000095367432,--,--,--,--,0.6499999761581421,0.975629985332489,0.8704358339309692
4,874,0.07362151145935059,-0.03145940601825714,0.18690995872020721,0.6299999952316284,0.9900000095367432,--,--,--,--,0.6299999952316284,0.9657700061798096,0.7948855757713318
4,875,0.033504217863082886,-0.045711059123277664,0.11344292014837265,0.5199999809265137,0.7300000190734863,0.5180356502532959,0.5521030426025391,0.5881743431091309,0.7547258734703064,0.5199999809265137,0.7300000190734863,0.6693299412727356
4,876,0.2197418212890625,-0.022476227954030037,0.3816983997821808,0.6499999761581421,0.8500000238418579,0.5240475535392761,0.5280554890632629,0.6175658106803894,0.637160062789917,0.6499999761581421,0.8500000238418579,0.7827887535095215
4,877,0.21386098861694336,-0.02069956436753273,0.31887421011924744,0.6700000166893005,0.8700000047683716,0.5,0.5200396180152893,0.5,0.597971498966217,0.6700000166893005,0.8700000047683716,0.7846418619155884
4,878,0.19409500062465668,-0.021161900833249092,0.30832555890083313,0.6700000166893005,0.949999988079071,0.5,0.5080158710479736,0.5,0.5391886234283447,0.6700000166893005,0.949999988079071,0.8133513331413269
4,879,0.3348507881164551,-0.001315194764174521,0.4972221851348877,0.8600000143051147,0.9900000095367432,0.5,0.5020039677619934,0.5,0.5097971558570862,0.8600000143051147,0.9900000095367432,0.9272298216819763
4,880,0.042530402541160583,-0.1274670958518982,0.04332640767097473,0.5699999928474426,0.7799999713897705,--,--,--,--,0.5699999928474426,0.7799999713897705,0.6635005474090576
4,881,0.051841460168361664,-0.054154206067323685,0.07797683030366898,0.6299999952316284,0.9399999976158142,--,--,--,--,0.6299999952316284,0.9399999976158142,0.7471522092819214
4,882,0.025937847793102264,-0.07230720669031143,0.08394014090299606,0.5299999713897705,0.9399999976158142,--,--,--,--,0.5299999713897705,0.9399999976158142,0.6831750869750977
4,883,0.039362844079732895,-0.06502445787191391,0.07546458393335342,0.6299999952316284,0.7699999809265137,--,--,--,--,0.6299999952316284,0.7639300227165222,0.6988868713378906
4,884,0.05943886190652847,-0.15375855565071106,0.174671933054924,0.5099999904632568,0.7300000190734863,--,--,--,--,0.521399974822998,0.7200000286102295,0.6653190851211548
4,885,0.08425314724445343,-0.2842601239681244,0.05420726537704468,0.5099999904632568,0.6700000166893005,--,--,--,--,0.5118299722671509,0.6700000166893005,0.5599961876869202
4,886,0.02285834774374962,-0.061078645288944244,0.05698369815945625,0.5400000214576721,0.800000011920929,--,--,--,--,0.5400000214576721,0.7894099950790405,0.6704092025756836
4,887,0.08213634788990021,-0.011782199144363403,0.12082408368587494,0.7699999809265137,1.0,--,--,--,--,0.7699999809265137,0.9880800247192383,0.8627682328224182
4,888,0.023509597405791283,-0.026835907250642776,0.050664760172367096,0.5299999713897705,0.9399999976158142,--,--,--,--,0.5369099974632263,0.9399999976158142,0.7564892172813416
4,889,0.07004762440919876,-0.017716549336910248,0.12147892266511917,0.6399999856948853,0.8199999928474426,--,--,--,--,0.6493499875068665,0.8199999928474426,0.762105405330658
4,890,0.19193068146705627,-0.059944625943899155,0.30495959520339966,0.5400000214576721,0.8799999952316284,0.5418350696563721,0.5511317253112793,0.5796858072280884,0.5973937511444092,0.5571399927139282,0.8615000247955322,0.7551130056381226
4,891,0.32806396484375,-0.0010128321591764688,0.5183163285255432,0.7300000190734863,0.7799999713897705,0.5650767683982849,0.5836700797080994,0.6239557266235352,0.6593716144561768,0.7338200211524963,0.8948799967765808,0.826218843460083
4,892,0.23397204279899597,-0.001640474540181458,0.4190189242362976,0.5899999737739563,0.6600000262260437,0.5883184671401978,0.6208568215370178,0.6682255864143372,0.7302034497261047,0.5953500270843506,0.8230800032615662,0.7251482605934143
4,893,0.23190586268901825,-0.03179311752319336,0.3816670775413513,0.5400000214576721,0.7599999904632568,0.5836700797080994,0.5883184671401978,0.6593716144561768,0.6682255864143372,0.5542500019073486,0.8102399706840515,0.7318182587623596
4,894,0.20453940331935883,-0.030051596462726593,0.3285790979862213,0.5799999833106995,0.75,0.5278900265693665,0.6069117784500122,0.5531238913536072,0.7036415338516235,0.5894500017166138,0.8024799823760986,0.7298154234886169
4,895,0.21159453690052032,-0.002995404414832592,0.3291497230529785,0.7099999785423279,0.9399999976158142,0.5,0.5134164094924927,0.5,0.5268328189849854,0.7099999785423279,0.9399999976158142,0.8302140235900879
4,896,0.04020177572965622,-0.059443872421979904,0.11747600883245468,0.5600000023841858,0.6899999976158142,0.5491935014724731,0.5581377744674683,0.5983870029449463,0.6162755489349365,0.5600000023841858,0.7083600163459778,0.6621927618980408
4,897,0.1755400151014328,-0.022334691137075424,0.28541550040245056,0.6700000166893005,0.75,0.5313049554824829,0.5357770919799805,0.5626099109649658,0.5715541839599609,0.6700000166893005,0.7604600191116333,0.7332453727722168
4,898,0.29914477467536926,-0.01095899660140276,0.5070616006851196,0.7099999785423279,0.75,0.5983870029449463,0.611803412437439,0.6967740058898926,0.7236068248748779,0.7099999785423279,0.8865900039672852,0.8033158183097839
4,899,0.1947581171989441,-0.01453471276909113,0.3276066184043884,0.6800000071525574,0.7200000286102295,0.5134164094924927,0.6028591394424438,0.5268328189849854,0.7057182788848877,0.6800000071525574,0.799530029296875,0.7404924631118774
4,900,0.24496644735336304,-0.008021185174584389,0.40062373876571655,0.6399999856948853,0.9100000262260437,0.5491003394126892,0.5785605311393738,0.5094423890113831,0.5151078104972839,0.6523299813270569,0.9100000262260437,0.8169682025909424
4,901,0.19171148538589478,-0.01867055892944336,0.29013341665267944,0.6000000238418579,0.949999988079071,0.5098200440406799,0.5392802357673645,0.5018884539604187,0.5075538754463196,0.6158599853515625,0.949999988079071,0.8015397787094116
4,902,0.16023214161396027,-0.0260343998670578,0.28792253136634827,0.5699999928474426,0.9100000262260437,0.5785605311393738,0.5785605311393738,0.5151078104972839,0.5151078104972839,0.5699999928474426,0.8948100209236145,0.7620669603347778
4,903,0.15699052810668945,-0.016928862780332565,0.27525651454925537,0.6200000047683716,0.8500000238418579,0.5491003394126892,0.5589203834533691,0.5094423890113831,0.5113308429718018,0.6200000047683716,0.8397200107574463,0.7504134178161621
4,904,0.04487369582056999,-0.018844973295927048,0.12452393770217896,0.5699999928474426,0.5699999928474426,0.6080207228660583,0.7356815338134766,0.5207732319831848,0.545323371887207,0.5699999928474426,0.7211400270462036,0.649653971195221
4,905,0.180241197347641,-0.02088707871735096,0.27733510732650757,0.6000000238418579,0.8700000047683716,0.5059999823570251,0.5479999780654907,0.5080000162124634,0.5640000104904175,0.6000000238418579,0.8700000047683716,0.7665871977806091
4,906,0.09825190156698227,-0.06468645483255386,0.30695319175720215,0.5099999904632568,0.6399999856948853,0.5299999713897705,0.6980000138282776,0.5400000214576721,0.7639999985694885,0.5099999904632568,0.8047199845314026,0.6673541069030762
4,907,0.08842739462852478,-0.05232095718383789,0.17045390605926514,0.5099999904632568,0.8100000023841858,0.5059999823570251,0.5720000267028809,0.5080000162124634,0.5960000157356262,0.5099999904632568,0.8100000023841858,0.7028145790100098
4,908,0.37279564142227173,0.0,0.5276265740394592,0.8500000238418579,0.9399999976158142,0.5120000243186951,0.5239999890327454,0.515999972820282,0.5320000052452087,0.8500000238418579,0.9399999976158142,0.9125246405601501
4,909,0.10095489025115967,-0.05054697021842003,0.17907892167568207,0.6299999952316284,0.7400000095367432,0.5059999823570251,0.5419999957084656,0.5080000162124634,0.5559999942779541,0.6299999952316284,0.7400000095367432,0.7017943263053894
4,910,0.04301812872290611,-0.04252350330352783,0.08415436744689941,0.5600000023841858,1.0,--,--,--,--,0.5773000121116638,1.0,0.8145266771316528
4,911,0.06874512135982513,-0.045931655913591385,0.12075145542621613,0.5400000214576721,0.8799999952316284,--,--,--,--,0.5400000214576721,0.8788099884986877,0.7707762718200684
4,912,0.04789796471595764,-0.0828416720032692,0.10447262227535248,0.5600000023841858,0.8999999761581421,--,--,--,--,0.5600000023841858,0.8871899843215942,0.7035240530967712
4,913,0.023645728826522827,-0.06467048078775406,0.07621645927429199,0.550000011920929,0.9300000071525574,--,--,--,--,0.5539500117301941,0.9300000071525574,0.6570314764976501
4,914,0.06712868064641953,-0.007917767390608788,0.12681810557842255,0.7200000286102295,0.9200000166893005,--,--,--,--,0.7231799960136414,0.9200000166893005,0.8053942322731018
4,915,0.24426010251045227,-0.021932553499937057,0.3668568432331085,0.7599999904632568,0.9700000286102295,0.5024988055229187,0.5074963569641113,0.5096827745437622,0.5290483236312866,0.7664700150489807,0.962119996547699,0.8775367736816406
4,916,0.08964747190475464,-0.2061365693807602,0.03829269856214523,0.550000011920929,0.6600000262260437,0.5099951028823853,0.5649682879447937,0.5387310981750488,0.7517520785331726,0.5551199913024902,0.6982100009918213,0.6333472728729248
4,917,0.040956828743219376,-0.13100914657115936,0.0432758703827858,0.6499999761581421,0.6899999976158142,0.5024988055229187,0.5049975514411926,0.5096827745437622,0.5193655490875244,0.6512399911880493,0.6885700225830078,0.6748210787773132
4,918,0.1929979771375656,-0.0024098511785268784,0.3097313642501831,0.7200000286102295,0.75,0.5224890112876892,0.5549731850624084,0.5871449708938599,0.7130210399627686,0.7221699953079224,0.8153799772262573,0.7668618559837341
4,919,0.0871485099196434,-0.05019088089466095,0.15918844938278198,0.5,0.9100000262260437,0.5074963569641113,0.512493908405304,0.5290483236312866,0.548413872718811,0.5126299858093262,0.8946200013160706,0.729801595211029
4,920,0.0377088226377964,-0.014332844875752926,0.09608075022697449,0.699999988079071,0.9599999785423279,--,--,--,--,0.7097899913787842,0.9599999785423279,0.8475327491760254
4,921,0.08204454928636551,-0.2028760462999344,0.12233982235193253,0.5,0.7300000190734863,--,--,--,--,0.5032200217247009,0.7300000190734863,0.5833549499511719
4,922,0.08382996171712875,-0.02948622591793537,0.3135617673397064,0.5099999904632568,0.8100000023841858,--,--,--,--,0.5231199860572815,0.8100000023841858,0.7304222583770752
4,923,0.06326600909233093,-0.03887152671813965,0.13791227340698242,0.5400000214576721,1.0,--,--,--,--,0.5400000214576721,1.0,0.8560925126075745
4,924,0.038611702620983124,-0.0242869071662426,0.09533839672803879,0.6800000071525574,0.8899999856948853,--,--,--,--,0.6800000071525574,0.8899999856948853,0.7995837926864624
4,925,0.06600411981344223,-0.01031044963747263,0.10615222156047821,0.5400000214576721,0.8100000023841858,0.5188899636268616,0.5944496989250183,0.5065703988075256,0.532852053642273,0.5526800155639648,0.8100000023841858,0.6873339414596558
4,926,0.25170519948005676,-0.007436418905854225,0.4933410882949829,0.699999988079071,0.800000011920929,0.6133396029472351,0.6605644822120667,0.5394224524497986,0.5558484792709351,0.699999988079071,0.8188300132751465,0.7794696092605591
4,927,0.3190528452396393,0.0,0.5174338817596436,0.8799999952316284,0.9800000190734863,0.5094449520111084,0.5188899636268616,0.5032852292060852,0.5065703988075256,0.8846799731254578,0.9800000190734863,0.9330355525016785
4,928,0.23716135323047638,0.0,0.37445300817489624,0.6899999976158142,0.8799999952316284,0.5850046873092651,0.6038946509361267,0.5295668840408325,0.5361372828483582,0.6994799971580505,0.8799999952316284,0.8053299784660339
4,929,0.1532503068447113,0.0,0.21854126453399658,0.6100000143051147,0.9300000071525574,0.5094449520111084,0.5377798676490784,0.5032852292060852,0.5131407976150513,0.6247699856758118,0.9300000071525574,0.7750542759895325
4,930,0.4040489196777344,-0.018190978094935417,0.5468742847442627,0.8700000047683716,0.9599999785423279,0.504244327545166,0.508488655090332,0.5090546011924744,0.5181092023849487,0.8787599802017212,0.9518700242042542,0.9268905520439148
4,931,0.4078158736228943,-0.007609504275023937,0.5666302442550659,0.8500000238418579,0.9200000166893005,0.5254660248756409,0.5254660248756409,0.5543275475502014,0.5543275475502014,0.8581299781799316,0.9425600171089172,0.9127172231674194
4,932,0.21589761972427368,-0.009611650370061398,0.39024072885513306,0.6200000047683716,0.7099999785423279,0.508488655090332,0.6188414692878723,0.5181092023849487,0.7535284757614136,0.6322600245475769,0.8372200131416321,0.7387282252311707
4,933,0.17060209810733795,-0.052024200558662415,0.22912479937076569,0.5600000023841858,0.8700000047683716,0.504244327545166,0.5551763772964478,0.5090546011924744,0.6177096366882324,0.5910800099372864,0.8415899872779846,0.7365292310714722
4,934,0.28463906049728394,-0.016166280955076218,0.40506991744041443,0.6600000262260437,0.7599999904632568,0.5339547395706177,0.5763980746269226,0.5724366903305054,0.6629825830459595,0.6713899970054626,0.8420699834823608,0.7815229296684265
4,935,0.025332970544695854,-0.060701072216033936,0.051034048199653625,0.6299999952316284,0.9200000166893005,--,--,--,--,0.6299999952316284,0.9081000089645386,0.7368783950805664
4,936,0.06074007973074913,-0.006491095293313265,0.20476476848125458,0.5299999713897705,0.8999999761581421,--,--,--,--,0.5368000268936157,0.8999999761581421,0.695627748966217
4,937,0.018977422267198563,-0.05846012011170387,0.04054896533489227,0.5199999809265137,0.9800000190734863,--,--,--,--,0.5199999809265137,0.9666699767112732,0.7180750966072083
4,938,0.014576835557818413,-0.036012329161167145,0.03859851509332657,0.5199999809265137,0.9300000071525574,--,--,--,--,0.5199999809265137,0.9227799773216248,0.7595323324203491
4,939,0.03657766804099083,-0.022591862827539444,0.11378171294927597,0.5899999737739563,0.9200000166893005,--,--,--,--,0.6038399934768677,0.9200000166893005,0.7794076204299927
4,940,0.1845679134130478,-0.03940143436193466,0.2893581688404083,0.6899999976158142,0.9900000095367432,0.5,0.5050387382507324,0.5,0.5086377859115601,0.7014600038528442,0.9749500155448914,0.8432709574699402
4,941,0.08689916878938675,-0.06719884276390076,0.1633404940366745,0.5099999904632568,0.7900000214576721,0.5302322506904602,0.595735490322113,0.5518267154693604,0.6641179919242859,0.5215200185775757,0.777459979057312,0.6930328607559204
4,942,0.1082296296954155,-0.05448389798402786,0.17184950411319733,0.5400000214576721,0.9900000095367432,0.5,0.5,0.5,0.5,0.5626400113105774,0.9728800058364868,0.762561559677124
4,943,0.3164902627468109,0.0,0.5070065855979919,0.9100000262260437,0.9200000166893005,0.5151161551475525,0.5201548337936401,0.5259133577346802,0.5345511436462402,0.9106400012969971,0.9388599991798401,0.9266523718833923
4,944,0.11662065237760544,-0.0033737525809556246,0.20564883947372437,0.5899999737739563,0.6700000166893005,0.5352709889411926,0.6310064792633057,0.5604645013809204,0.7245824933052063,0.5960800051689148,0.7470399737358093,0.6843857169151306
4,945,0.07684546709060669,-0.01278148777782917,0.1136879175901413,0.7900000214576721,0.949999988079071,--,--,--,--,0.7973399758338928,0.949999988079071,0.8903295397758484
4,946,0.08444148302078247,-0.01882527396082878,0.17141073942184448,0.5600000023841858,0.9200000166893005,--,--,--,--,0.5769299864768982,0.9200000166893005,0.7935769557952881
4,947,0.05160382762551308,-0.05922555550932884,0.11536768078804016,0.5199999809265137,0.8500000238418579,--,--,--,--,0.5320500135421753,0.8500000238418579,0.7206732034683228
4,948,0.03275575116276741,-0.10626690089702606,0.06489336490631104,0.5299999713897705,0.8199999928474426,--,--,--,--,0.5299999713897705,0.8187199831008911,0.7188304662704468
4,949,0.039207324385643005,-0.0661371722817421,0.0795038640499115,0.5299999713897705,0.9300000071525574,--,--,--,--,0.5299999713897705,0.9300000071525574,0.7111380696296692
4,950,0.04497721046209335,-0.07767695933580399,0.08782311528921127,0.6000000238418579,0.8299999833106995,--,--,--,--,0.6000000238418579,0.8299999833106995,0.7197069525718689
4,951,0.045666713267564774,-0.09562785178422928,0.09534570574760437,0.5699999928474426,1.0,--,--,--,--,0.5864099860191345,0.9774399995803833,0.7765852808952332
4,952,0.0457940548658371,-0.10346228629350662,0.09415645897388458,0.550000011920929,0.9599999785423279,--,--,--,--,0.5656899809837341,0.9387999773025513,0.7519478797912598
4,953,0.03858831897377968,-0.012738849967718124,0.07427067309617996,0.6399999856948853,0.9900000095367432,--,--,--,--,0.6399999856948853,0.9900000095367432,0.8289185762405396
4,954,0.03340189903974533,-0.08941368758678436,0.06838274002075195,0.5600000023841858,0.8399999737739563,--,--,--,--,0.5729399919509888,0.8280799984931946,0.6524389386177063
4,955,0.1837046593427658,-0.007689707912504673,0.2927263081073761,0.6299999952316284,0.7799999713897705,0.5687078833580017,0.5889160633087158,0.6554967164993286,0.701231062412262,0.6299999952316284,0.8165599703788757,0.7563599348068237
4,956,0.03556337207555771,-0.06905237585306168,0.09060680866241455,0.5600000023841858,0.800000011920929,0.5080832839012146,0.5121248960494995,0.5182937383651733,0.52744060754776,0.5600000023841858,0.800000011920929,0.6886081695556641
4,957,0.28091272711753845,-0.5537256598472595,0.03707251697778702,0.550000011920929,0.5600000023841858,0.5,0.6212491393089294,0.5,0.7744059562683105,0.550000011920929,0.6653800010681152,0.5940335988998413
4,958,0.2163645625114441,-0.016845548525452614,0.3341448903083801,0.699999988079071,0.9200000166893005,0.5121248960494995,0.5282914638519287,0.52744060754776,0.5640280842781067,0.699999988079071,0.9200000166893005,0.824878454208374
4,959,0.19224651157855988,-0.013548293150961399,0.30058592557907104,0.6899999976158142,0.8799999952316284,0.5161665678024292,0.5161665678024292,0.5365874767303467,0.5365874767303467,0.6899999976158142,0.8799999952316284,0.7969709038734436
4,960,0.05849388241767883,-0.02773829735815525,0.16380859911441803,0.5699999928474426,0.9300000071525574,--,--,--,--,0.5878300070762634,0.9200000166893005,0.7715230584144592
4,961,0.03504826873540878,-0.11418935656547546,0.08126482367515564,0.5,0.8899999856948853,--,--,--,--,0.5,0.8899999856948853,0.779550313949585
4,962,0.05309096723794937,-0.06325353682041168,0.10603980720043182,0.5299999713897705,0.9900000095367432,--,--,--,--,0.5567499995231628,0.9693700075149536,0.8097672462463379
4,963,0.07636506110429764,-0.011933247558772564,0.14318929612636566,0.7400000095367432,0.949999988079071,--,--,--,--,0.7499799728393555,0.949999988079071,0.86257004737854
4,964,0.04694114997982979,-0.046078890562057495,0.1346205621957779,0.5899999737739563,0.9200000166893005,--,--,--,--,0.6042699813842773,0.9004899859428406,0.7099841237068176
4,965,0.1508825719356537,-0.0004554788174573332,0.21638260781764984,0.6299999952316284,0.9800000190734863,0.5,0.5017579197883606,0.5,0.5098443031311035,0.6299999952316284,0.9800000190734863,0.8033129572868347
4,966,0.198360875248909,0.0,0.31259405612945557,0.6600000262260437,0.8100000023841858,0.5035158395767212,0.5228527784347534,0.5196885466575623,0.627975583076477,0.6600000262260437,0.8100000023841858,0.7611468434333801
4,967,0.08143464475870132,-0.023678729310631752,0.12212740629911423,0.550000011920929,0.8799999952316284,0.5,0.5175790786743164,0.5,0.5984427332878113,0.550000011920929,0.8799999952316284,0.7282192707061768
4,968,0.2815651297569275,0.0,0.4201871454715729,0.7900000214576721,0.9800000190734863,0.5,0.5017579197883606,0.5,0.5098443031311035,0.7900000214576721,0.9800000190734863,0.8884384632110596
4,969,0.1342443823814392,-0.017233610153198242,0.23086988925933838,0.5299999713897705,1.0,0.5,0.5,0.5,0.5,0.5299999713897705,1.0,0.7694610953330994
4,970,0.07080874592065811,-0.02322554774582386,0.13442571461200714,0.75,1.0,--,--,--,--,0.75,0.9911999702453613,0.8896418809890747
4,971,0.05414581671357155,-9.040037548402324e-05,0.1308542937040329,0.5699999928474426,0.9800000190734863,--,--,--,--,0.5819299817085266,0.9800000190734863,0.7601339221000671
4,972,0.04703892394900322,-0.03484789654612541,0.16049599647521973,0.5099999904632568,0.7699999809265137,--,--,--,--,0.522849977016449,0.7565600275993347,0.6471922397613525
4,973,0.04705093801021576,-0.04059574380517006,0.09272416681051254,0.6100000143051147,0.949999988079071,--,--,--,--,0.6100000143051147,0.9416800141334534,0.7752399444580078
4,974,0.07638120651245117,-0.0019035168224945664,0.14200706779956818,0.699999988079071,0.9200000166893005,--,--,--,--,0.7083200216293335,0.9200000166893005,0.825807511806488
4,975,0.1146598532795906,-0.06602475792169571,0.1764235496520996,0.5299999713897705,0.9700000286102295,0.5092163681983948,0.5184327363967896,0.5038805603981018,0.5077611207962036,0.5299999713897705,0.95346999168396,0.744475781917572
4,976,0.3061501681804657,-0.01680653542280197,0.4501180648803711,0.7400000095367432,0.8799999952316284,0.5276490449905396,0.5460817813873291,0.5116416811943054,0.5194028615951538,0.7400000095367432,0.874809980392456,0.825912594795227
4,977,0.2409174144268036,-0.01598985679447651,0.44385313987731934,0.6100000143051147,0.75,0.5737308263778687,0.6935434341430664,0.5310445427894592,0.5814919471740723,0.6100000143051147,0.8317499756813049,0.7490215301513672
4,978,0.17261144518852234,0.0,0.3095542788505554,0.5899999737739563,0.5899999737739563,0.5737308263778687,0.8133560419082642,0.5310445427894592,0.6319393515586853,0.5899999737739563,0.7985799908638,0.6950934529304504
4,979,0.2645858824253082,-0.0032787478994578123,0.4888452887535095,0.6399999856948853,0.6800000071525574,0.6198126077651978,0.7580578923225403,0.550447404384613,0.6086559891700745,0.6399999856948853,0.8753799796104431,0.7622120380401611
4,980,0.28062427043914795,-0.011960906907916069,0.45200464129447937,0.7900000214576721,0.8899999856948853,0.5130031704902649,0.5260064005851746,0.5378274917602539,0.575654923915863,0.7933700084686279,0.8861500024795532,0.8601477146148682
4,981,0.02594221942126751,-0.06045724079012871,0.06534150242805481,0.5299999713897705,0.699999988079071,0.5195047855377197,0.5780191421508789,0.5567411780357361,0.7269647717475891,0.5357699990272522,0.7249699831008911,0.6616964936256409
4,982,0.31131666898727417,-0.007239010185003281,0.4871540367603302,0.8799999952316284,0.9399999976158142,0.503250777721405,0.5065016150474548,0.5094568729400635,0.518913745880127,0.8820099830627441,0.9375200271606445,0.9163994193077087
4,983,0.3348054587841034,-0.0021371450275182724,0.5308865308761597,0.9100000262260437,0.9399999976158142,0.5097523927688599,0.5162540078163147,0.5283706188201904,0.5472843050956726,0.9110299944877625,0.9532099962234497,0.936957061290741
4,984,0.21787306666374207,-0.0301070474088192,0.3469274342060089,0.7200000286102295,0.9599999785423279,0.503250777721405,0.5065016150474548,0.5094568729400635,0.518913745880127,0.7279899716377258,0.9496899843215942,0.8535826802253723
4,985,0.03296732157468796,-0.017629349604249,0.059871841222047806,0.5199999809265137,0.8500000238418579,--,--,--,--,0.527239978313446,0.8500000238418579,0.717239260673523
4,986,0.05379413813352585,-0.043535154312849045,0.11407868564128876,0.5099999904632568,0.8500000238418579,--,--,--,--,0.5099999904632568,0.8426799774169922,0.6911484003067017
4,987,0.07863128185272217,-0.06307866424322128,0.17171357572078705,0.5099999904632568,1.0,--,--,--,--,0.5099999904632568,0.9871799945831299,0.8064800500869751
4,988,0.02712061069905758,-0.055184852331876755,0.10401071608066559,0.5099999904632568,0.7900000214576721,--,--,--,--,0.5207099914550781,0.7900000214576721,0.6705712676048279
4,989,0.03789159655570984,-0.021999677643179893,0.06430135667324066,0.550000011920929,0.949999988079071,--,--,--,--,0.5572500228881836,0.949999988079071,0.7486177086830139
4,990,0.14208699762821198,-0.022402705624699593,0.20528510212898254,0.5899999737739563,0.6899999976158142,0.5124448537826538,0.6120039224624634,0.5156564712524414,0.6409081816673279,0.5899999737739563,0.7441499829292297,0.6928402185440063
4,991,0.35059839487075806,0.0,0.510851263999939,0.8299999833106995,0.8899999856948853,0.5124448537826538,0.5248897671699524,0.5156564712524414,0.5313129425048828,0.8299999833106995,0.8899999856948853,0.8735947012901306
4,992,0.21086180210113525,-0.028485195711255074,0.31736087799072266,0.6700000166893005,0.9399999976158142,0.5062224268913269,0.5248897671699524,0.5078282356262207,0.5313129425048828,0.6700000166893005,0.9399999976158142,0.8106870651245117
4,993,0.09455370903015137,-0.04894138500094414,0.16770385205745697,0.5600000023841858,0.6700000166893005,0.5435571074485779,0.5808917284011841,0.5547976493835449,0.6017670035362244,0.5600000023841858,0.7110400199890137,0.6686794757843018
4,994,0.12317631393671036,-0.09487695246934891,0.1890612244606018,0.5,0.8799999952316284,0.5124448537826538,0.5497795343399048,0.5156564712524414,0.5626258850097656,0.5,0.8799999952316284,0.7253966331481934
4,995,0.061913829296827316,-0.01710263453423977,0.12962312996387482,0.6399999856948853,0.9800000190734863,--,--,--,--,0.6421700119972229,0.9775199890136719,0.8019154667854309
4,996,0.09603651612997055,-0.0236656591296196,0.21489551663398743,0.7799999713897705,0.9100000262260437,--,--,--,--,0.7843599915504456,0.9100000262260437,0.866813600063324
4,997,0.07104369252920151,-0.017389770597219467,0.12713393568992615,0.7300000190734863,0.8399999737739563,--,--,--,--,0.7300000190734863,0.8370500206947327,0.7793833613395691
4,998,0.07498622685670853,-0.052913546562194824,0.17995262145996094,0.5600000023841858,1.0,--,--,--,--,0.580079972743988,1.0,0.850220263004303
4,999,0.05613445118069649,-0.060014236718416214,0.12517157196998596,0.550000011920929,0.9599999785423279,--,--,--,--,0.5681899785995483,0.9599999785423279,0.7676531672477722
4,1000,0.050829481333494186,-0.09772882610559464,0.13263824582099915,0.5600000023841858,0.8899999856948853,--,--,--,--,0.5714300274848938,0.8741000294685364,0.7479552626609802
4,1001,0.038464173674583435,-0.06979981809854507,0.0955464243888855,0.6100000143051147,0.8799999952316284,--,--,--,--,0.6157799959182739,0.8679699897766113,0.7215787768363953
4,1002,0.08129527419805527,-0.0013772561214864254,0.17773522436618805,0.7699999809265137,0.9599999785423279,--,--,--,--,0.77360999584198,0.9599999785423279,0.8374676704406738
4,1003,0.03849244862794876,-0.050046395510435104,0.08111126720905304,0.5099999904632568,0.9100000262260437,--,--,--,--,0.5249800086021423,0.9062399864196777,0.7426943778991699
4,1004,0.036161165684461594,-0.0337192565202713,0.08473143726587296,0.5099999904632568,0.9900000095367432,--,--,--,--,0.5099999904632568,0.960349977016449,0.7311704158782959
4,1005,0.3092399835586548,0.0,0.4016421437263489,0.5899999737739563,0.6800000071525574,0.5706130266189575,0.6604841351509094,0.5843433737754822,0.6916894316673279,0.5991700291633606,0.8975800275802612,0.7851688265800476
4,1006,0.22999125719070435,-0.09119359403848648,0.30399173498153687,0.6299999952316284,0.9700000286102295,0.5,0.5128387212753296,0.5,0.5153351426124573,0.6591100096702576,0.9369699954986572,0.8079294562339783
4,1007,0.2947172224521637,-0.006526369135826826,0.4045250117778778,0.5899999737739563,0.6800000071525574,0.5513549447059631,0.6733229160308838,0.5613406300544739,0.7070245742797852,0.6049900054931641,0.8970800042152405,0.7812556624412537
4,1008,0.41809940338134766,0.0,0.5770186185836792,0.7300000190734863,0.7400000095367432,0.6219679713249207,0.6283873319625854,0.6456839442253113,0.6533515453338623,0.7324699759483337,0.9934599995613098,0.8976211547851562
4,1009,0.2480495125055313,-0.07217837870121002,0.31617194414138794,0.6800000071525574,0.9800000190734863,0.5,0.5064193606376648,0.5,0.507667601108551,0.7096199989318848,0.9544299840927124,0.8345254063606262
4,1010,0.19387315213680267,-0.01766134239733219,0.2776675820350647,0.6600000262260437,0.9700000286102295,0.5062469244003296,0.5187408328056335,0.5078086853027344,0.5234260559082031,0.6600000262260437,0.959659993648529,0.8186163306236267
4,1011,0.28843167424201965,-0.5216662883758545,0.03486768901348114,0.5699999928474426,0.5699999928474426,0.574963390827179,0.6624206900596619,0.5937042832374573,0.7030258774757385,0.5699999928474426,0.6538900136947632,0.596912145614624
4,1012,0.20580096542835236,-0.0008491369662806392,0.28584614396095276,0.7099999785423279,0.8899999856948853,0.5062469244003296,0.549975574016571,0.5078086853027344,0.562469482421875,0.7160999774932861,0.8899999856948853,0.805924117565155
4,1013,0.26035836338996887,0.0,0.3647719621658325,0.7799999713897705,0.8299999833106995,0.5249878168106079,0.5437286496162415,0.5312347412109375,0.5546607971191406,0.7799999713897705,0.8292800188064575,0.8129191994667053
4,1014,0.210833340883255,0.0,0.28941255807876587,0.75,0.7699999809265137,0.562469482421875,0.5687164664268494,0.5780868530273438,0.5858955979347229,0.7508500218391418,0.8052399754524231,0.7748255729675293
4,1015,0.33315274119377136,0.0,0.5624997615814209,0.8799999952316284,0.949999988079071,0.5146209597587585,0.5243682861328125,0.5261959433555603,0.5436598658561707,0.8843200206756592,0.949999988079071,0.9228769540786743
4,1016,0.18448904156684875,-0.016997741535305977,0.37326231598854065,0.5799999833106995,0.8399999737739563,0.5194946527481079,0.5682312846183777,0.5349279046058655,0.6222476959228516,0.5799999833106995,0.8278200030326843,0.7520066499710083
4,1017,0.13955993950366974,0.0,0.22124634683132172,0.6299999952316284,0.9399999976158142,0.5,0.5146209597587585,0.5,0.5261959433555603,0.6467099785804749,0.9399999976158142,0.7725564241409302
4,1018,0.226334810256958,0.0,0.4015140235424042,0.699999988079071,0.9100000262260437,0.5146209597587585,0.5438629388809204,0.5261959433555603,0.5785877704620361,0.7121400237083435,0.9100000262260437,0.8125483989715576
4,1019,0.3408210277557373,-0.0030355756171047688,0.5775639414787292,0.9100000262260437,0.9800000190734863,0.5048736333847046,0.509747326374054,0.5087319612503052,0.5174639821052551,0.9100000262260437,0.9765700101852417,0.9533202648162842
4,1020,0.10331229120492935,-0.03909371793270111,0.22132137417793274,0.6200000047683716,0.9700000286102295,--,--,--,--,0.6200000047683716,0.9665399789810181,0.8600245118141174
4,1021,0.06777211278676987,-0.04151797667145729,0.15246576070785522,0.5799999833106995,0.9100000262260437,--,--,--,--,0.5799999833106995,0.9100000262260437,0.7857869267463684
4,1022,0.02899790182709694,-0.08020662516355515,0.06645961105823517,0.5799999833106995,0.9100000262260437,--,--,--,--,0.5899999737739563,0.9100000262260437,0.6738952398300171
4,1023,0.09692779183387756,-0.28847190737724304,0.06526670604944229,0.5099999904632568,0.6600000262260437,--,--,--,--,0.5099999904632568,0.6600000262260437,0.592293381690979
4,1024,0.07423079758882523,-0.023773247376084328,0.16770032048225403,0.5699999928474426,0.9700000286102295,--,--,--,--,0.5699999928474426,0.9700000286102295,0.8194011449813843
4,1025,0.17446684837341309,-0.02371465414762497,0.26684463024139404,0.6000000238418579,0.7699999809265137,0.5481225848197937,0.6684290766716003,0.5358359813690186,0.6254258751869202,0.6000000238418579,0.8111299872398376,0.7460170984268188
4,1026,0.1593812108039856,-0.018152374774217606,0.20398423075675964,0.6399999856948853,0.9100000262260437,0.5080204606056213,0.5401021838188171,0.505972683429718,0.5298632979393005,0.6399999856948853,0.9100000262260437,0.7878139019012451
4,1027,0.08077751845121384,-0.06537548452615738,0.14141182601451874,0.6000000238418579,0.75,0.5,0.6203064918518066,0.5,0.5895898938179016,0.6000000238418579,0.7665500044822693,0.7082641124725342
4,1028,0.28024089336395264,0.0,0.3864128887653351,0.699999988079071,0.8600000143051147,0.5882247686386108,0.5962451696395874,0.5656992793083191,0.5716719627380371,0.699999988079071,0.8824300169944763,0.8312615156173706
4,1029,0.3928007185459137,0.0,0.5394008755683899,0.9700000286102295,0.9900000095367432,0.5080204606056213,0.5080204606056213,0.505972683429718,0.505972683429718,0.9700000286102295,0.9900000095367432,0.9844419956207275
4,1030,0.036088377237319946,-0.042011555284261703,0.11477628350257874,0.5899999737739563,0.7099999785423279,0.5066069960594177,0.5396420359611511,0.5188771486282349,0.6132630109786987,0.5899999737739563,0.7170799970626831,0.6713120937347412
4,1031,0.08308806270360947,-0.009797484613955021,0.1669284999370575,0.6299999952316284,0.6800000071525574,0.5297315120697021,0.5297315120697021,0.5849472284317017,0.5849472284317017,0.6299999952316284,0.731660008430481,0.6874873638153076
4,1032,0.3466581404209137,-0.001845543971285224,0.5595940947532654,0.8600000143051147,0.9200000166893005,0.509910523891449,0.5165175199508667,0.5283157229423523,0.5471929311752319,0.8630300164222717,0.9313200116157532,0.9091418385505676
4,1033,0.32776179909706116,-0.006959032267332077,0.5231357216835022,0.8299999833106995,0.9700000286102295,0.509910523891449,0.509910523891449,0.5283157229423523,0.5283157229423523,0.8367400169372559,0.9700000286102295,0.9195725321769714
4,1034,0.2347366064786911,-0.008174032904207706,0.35354554653167725,0.6499999761581421,0.8199999928474426,0.5,0.5594630837440491,0.5,0.6698945164680481,0.6584299802780151,0.8258699774742126,0.7787382006645203
4,1035,0.07323583960533142,-0.035633884370326996,0.1583949774503708,0.6299999952316284,0.9800000190734863,--,--,--,--,0.6299999952316284,0.9688599705696106,0.8279112577438354
4,1036,0.055803243070840836,-0.04852990806102753,0.1167525127530098,0.6000000238418579,0.8999999761581421,--,--,--,--,0.6000000238418579,0.8919900059700012,0.7400134205818176
4,1037,0.040944911539554596,-0.07722672820091248,0.07758494466543198,0.5199999809265137,0.8600000143051147,--,--,--,--,0.5199999809265137,0.8507599830627441,0.6725057363510132
4,1038,0.03042191080749035,-0.09176834672689438,0.0571436882019043,0.5299999713897705,0.7900000214576721,--,--,--,--,0.5299999713897705,0.7849500179290771,0.6558014750480652
4,1039,0.08528123795986176,-0.01632506586611271,0.16550500690937042,0.7400000095367432,0.9599999785423279,--,--,--,--,0.7400000095367432,0.9599999785423279,0.868347704410553
4,1040,0.09295355528593063,-0.02546018362045288,0.14071111381053925,0.7300000190734863,0.9900000095367432,--,--,--,--,0.7300000190734863,0.9900000095367432,0.8411937355995178
4,1041,0.07887569814920425,-0.0020112309139221907,0.15343725681304932,0.6399999856948853,0.9200000166893005,--,--,--,--,0.6448699831962585,0.9200000166893005,0.7913028597831726
4,1042,0.03495838865637779,-0.039900053292512894,0.05911732837557793,0.6000000238418579,0.9100000262260437,--,--,--,--,0.6000000238418579,0.9019200205802917,0.7290984392166138
4,1043,0.13550890982151031,-0.3450903594493866,0.07170648127794266,0.5,0.6899999976158142,--,--,--,--,0.5109800100326538,0.6798999905586243,0.5582191348075867
4,1044,0.06763631105422974,-0.0004403293423820287,0.09846196323633194,0.6899999976158142,0.8999999761581421,--,--,--,--,0.6899999976158142,0.8999999761581421,0.7533361911773682
4,1045,0.1784893125295639,-0.057740624994039536,0.2887427508831024,0.5400000214576721,0.8600000143051147,0.5215471982955933,0.5933712124824524,0.5208738446235657,0.5904533863067627,0.5606600046157837,0.8444499969482422,0.7271053791046143
4,1046,0.15306246280670166,-0.061801571398973465,0.2047012895345688,0.5400000214576721,0.9200000166893005,0.5215471982955933,0.5430943965911865,0.5208738446235657,0.5417476892471313,0.5639700293540955,0.9011300206184387,0.737999677658081
4,1047,0.09981278330087662,-0.026346959173679352,0.20063281059265137,0.5299999713897705,0.6499999761581421,0.535912036895752,0.6651952266693115,0.5347897410392761,0.6600329279899597,0.5389800071716309,0.7005299925804138,0.6473172903060913
4,1048,0.19746936857700348,-0.0690249502658844,0.27408212423324585,0.5699999928474426,0.9900000095367432,0.5071824193000793,0.5071824193000793,0.5069579482078552,0.5069579482078552,0.5912899971008301,0.9641799926757812,0.7977107167243958
4,1049,0.2511693835258484,-0.002071687486022711,0.4682192802429199,0.6100000143051147,0.6800000071525574,0.5718240141868591,0.6939248442649841,0.569579541683197,0.6878647208213806,0.6164000034332275,0.8364199995994568,0.7280627489089966
4,1050,0.042517971247434616,-0.04303594306111336,0.11388996988534927,0.550000011920929,0.800000011920929,--,--,--,--,0.563319981098175,0.800000011920929,0.672166645526886
4,1051,0.09799093008041382,-0.02600053884088993,0.20553705096244812,0.7900000214576721,0.9800000190734863,--,--,--,--,0.8022599816322327,0.9800000190734863,0.8908549547195435
4,1052,0.07846023142337799,-0.038308244198560715,0.1543704718351364,0.699999988079071,0.9599999785423279,--,--,--,--,0.699999988079071,0.9482300281524658,0.8173424005508423
4,1053,0.06858035176992416,-0.028277767822146416,0.1784582883119583,0.550000011920929,0.8600000143051147,--,--,--,--,0.5616199970245361,0.8600000143051147,0.7488340735435486
4,1054,0.0750938132405281,-0.1597425937652588,0.07378370314836502,0.5299999713897705,0.6899999976158142,--,--,--,--,0.5299999713897705,0.6840299963951111,0.6082817912101746
4,1055,0.07943589240312576,-0.009479374624788761,0.13481558859348297,0.5400000214576721,0.8999999761581421,--,--,--,--,0.5605999827384949,0.8999999761581421,0.7841386795043945
4,1056,0.033082906156778336,-0.046793002635240555,0.06039150804281235,0.6600000262260437,0.8999999761581421,--,--,--,--,0.6662700176239014,0.8879899978637695,0.7729499936103821
4,1057,0.039184559136629105,-0.05494062975049019,0.06642946600914001,0.5899999737739563,0.8500000238418579,--,--,--,--,0.6014299988746643,0.8408600091934204,0.7040964961051941
4,1058,0.026946522295475006,-0.08448895812034607,0.042500097304582596,0.5,0.9800000190734863,--,--,--,--,0.507420003414154,0.9800000190734863,0.6980560421943665
4,1059,0.03369497135281563,-0.07714398950338364,0.06774019449949265,0.5299999713897705,0.9700000286102295,--,--,--,--,0.5299999713897705,0.9525399804115295,0.7008897066116333
4,1060,0.07044002413749695,-0.12916299700737,0.23168404400348663,0.5099999904632568,0.5099999904632568,0.7196203470230103,0.7519174814224243,0.7595513463020325,0.7977206707000732,0.5099999904632568,0.7373899817466736,0.6085630059242249
4,1061,0.17132782936096191,0.0,0.36713433265686035,0.6000000238418579,0.6700000166893005,0.616269588470459,0.7131609320640564,0.637409508228302,0.7519174814224243,0.6041899919509888,0.7990300059318542,0.7045878171920776
4,1062,0.1297796666622162,-0.04524598643183708,0.2165171205997467,0.5899999737739563,0.8600000143051147,0.5064594149589539,0.5775130987167358,0.5076338648796082,0.5916063785552979,0.5899999737739563,0.8488900065422058,0.739435613155365
4,1063,0.11897174268960953,-0.0061332229524850845,0.2820952534675598,0.6200000047683716,0.6700000166893005,0.5258377194404602,0.7067015171051025,0.5305354595184326,0.7442836165428162,0.6200000047683716,0.7763599753379822,0.6932109594345093
4,1064,0.14942680299282074,-0.02403670735657215,0.22249959409236908,0.6100000143051147,0.9200000166893005,0.5064594149589539,0.5452159643173218,0.5076338648796082,0.5534370541572571,0.6233000159263611,0.9200000166893005,0.7793515920639038
4,1065,0.07076475769281387,-0.03243833780288696,0.157870352268219,0.6100000143051147,0.9800000190734863,--,--,--,--,0.6100000143051147,0.9800000190734863,0.8265663981437683
4,1066,0.07810503244400024,-0.03544425964355469,0.12994766235351562,0.6100000143051147,1.0,--,--,--,--,0.6100000143051147,1.0,0.8417559266090393
4,1067,0.05006617307662964,0.0,0.08959531784057617,0.6600000262260437,1.0,--,--,--,--,0.6658300161361694,1.0,0.805203914642334
4,1068,0.09724089503288269,-0.01719663292169571,0.1618083119392395,0.7799999713897705,0.9300000071525574,--,--,--,--,0.7799999713897705,0.9300000071525574,0.8755807876586914
4,1069,0.04177321121096611,-0.05601092055439949,0.078276127576828,0.5899999737739563,0.9900000095367432,--,--,--,--,0.5899999737739563,0.9721800088882446,0.7308230400085449
4,1070,0.053349465131759644,-0.018992891535162926,0.09062238782644272,0.550000011920929,0.9599999785423279,--,--,--,--,0.5658100247383118,0.9599999785423279,0.8216172456741333
4,1071,0.08880901336669922,-0.04975031316280365,0.20297066867351532,0.5600000023841858,0.9599999785423279,--,--,--,--,0.5600000023841858,0.9599999785423279,0.8141986131668091
4,1072,0.048742543905973434,-0.047033119946718216,0.11139512807130814,0.5099999904632568,0.8999999761581421,--,--,--,--,0.5099999904632568,0.8919299840927124,0.7373636364936829
4,1073,0.029851237311959267,-0.06098349764943123,0.07478679716587067,0.5600000023841858,0.9200000166893005,--,--,--,--,0.5600000023841858,0.9200000166893005,0.7319664359092712
4,1074,0.08539440482854843,-0.02049907110631466,0.14814898371696472,0.699999988079071,0.9300000071525574,--,--,--,--,0.699999988079071,0.9243199825286865,0.8294915556907654
4,1075,0.18162231147289276,-0.03403320536017418,0.2673928141593933,0.6800000071525574,0.9700000286102295,0.5059999823570251,0.5059999823570251,0.5080000162124634,0.5080000162124634,0.6800000071525574,0.9588599801063538,0.8202303051948547
4,1076,0.05584728717803955,-0.05059664323925972,0.12210060656070709,0.5299999713897705,0.7400000095367432,0.5120000243186951,0.6200000047683716,0.515999972820282,0.6600000262260437,0.5386000275611877,0.7400000095367432,0.6737192273139954
4,1077,0.11490369588136673,-0.040647223591804504,0.21203294396400452,0.5699999928474426,0.8299999833106995,0.5299999713897705,0.5839999914169312,0.5400000214576721,0.6119999885559082,0.5699999928474426,0.8204500079154968,0.7225775718688965
4,1078,0.26079872250556946,-0.011882893741130829,0.4127863049507141,0.7699999809265137,0.8600000143051147,0.5,0.5600000023841858,0.5,0.5799999833106995,0.7699999809265137,0.8604400157928467,0.828381359577179
4,1079,0.21848268806934357,-0.013515162281692028,0.3247377574443817,0.7099999785423279,0.9700000286102295,0.5,0.5120000243186951,0.5,0.515999972820282,0.7200800180435181,0.9700000286102295,0.8500211238861084
4,1080,0.056472864001989365,-0.02228422649204731,0.11009076237678528,0.6399999856948853,0.7900000214576721,--,--,--,--,0.6399999856948853,0.7869200110435486,0.7308549880981445
4,1081,0.05324548855423927,-0.051292482763528824,0.08628677576780319,0.5799999833106995,0.7599999904632568,--,--,--,--,0.5799999833106995,0.7553300261497498,0.6961972117424011
4,1082,0.04046639800071716,-0.013829238712787628,0.06963610649108887,0.6200000047683716,0.8100000023841858,--,--,--,--,0.6200000047683716,0.8100000023841858,0.6764781475067139
4,1083,0.054400116205215454,-0.002565438160672784,0.1350332349538803,0.5099999904632568,0.9399999976158142,--,--,--,--,0.5179100036621094,0.9399999976158142,0.7529792189598083
4,1084,0.03848318010568619,-0.11996389180421829,0.10982424765825272,0.5099999904632568,0.699999988079071,--,--,--,--,0.5099999904632568,0.699999988079071,0.6026413440704346
4,1085,0.212988018989563,-0.018943283706903458,0.30490729212760925,0.699999988079071,0.949999988079071,0.5248094201087952,0.5248094201087952,0.5313766002655029,0.5313766002655029,0.699999988079071,0.949999988079071,0.8393438458442688
4,1086,0.1935664862394333,-0.018293185159564018,0.2762521207332611,0.7099999785423279,0.9599999785423279,0.5,0.5,0.5,0.5,0.7099999785423279,0.9599999785423279,0.8369806408882141
4,1087,0.34000131487846375,0.0,0.5009945631027222,0.9300000071525574,0.9900000095367432,0.5062023401260376,0.5062023401260376,0.5078441500663757,0.5078441500663757,0.9300000071525574,0.9900000095367432,0.9635659456253052
4,1088,0.2605884075164795,-0.008729899302124977,0.37993568181991577,0.75,0.9100000262260437,0.5248094201087952,0.5496188402175903,0.5313766002655029,0.5627532601356506,0.75,0.9100000262260437,0.8470654487609863
4,1089,0.2902432680130005,0.0,0.4358907639980316,0.8299999833106995,0.949999988079071,0.51240473985672,0.5186070799827576,0.5156883001327515,0.5235324501991272,0.8299999833106995,0.949999988079071,0.8968290090560913
4,1090,0.11210811138153076,-0.012526866048574448,0.1894913911819458,0.7699999809265137,0.9700000286102295,--,--,--,--,0.775160014629364,0.9700000286102295,0.8831188678741455
4,1091,0.04582379013299942,-0.0992041528224945,0.10240384191274643,0.5299999713897705,0.949999988079071,--,--,--,--,0.5451499819755554,0.9299399852752686,0.728285014629364
4,1092,0.09032251685857773,-0.028482934460043907,0.16064530611038208,0.7200000286102295,0.9300000071525574,--,--,--,--,0.7200000286102295,0.9210399985313416,0.8357399106025696
4,1093,0.10228202491998672,-0.005755159538239241,0.167960524559021,0.7599999904632568,0.8700000047683716,--,--,--,--,0.7609000205993652,0.8692899942398071,0.8187925219535828
4,1094,0.04615645110607147,-0.049235228449106216,0.08220166712999344,0.5799999833106995,0.8999999761581421,--,--,--,--,0.5867699980735779,0.8999999761581421,0.7175976037979126
4,1095,0.3170658349990845,-0.030962299555540085,0.5433654189109802,0.6499999761581421,0.8500000238418579,0.579262375831604,0.6109673380851746,0.5609710812568665,0.585359513759613,0.6499999761581421,0.8418599963188171,0.7871542572975159
4,1096,0.1369064450263977,-0.0392024852335453,0.35158994793891907,0.5600000023841858,0.699999988079071,0.5079262256622314,0.6823034882545471,0.5060970783233643,0.6402334570884705,0.5600000023841858,0.7323399782180786,0.6683345437049866
4,1097,0.18115080893039703,-0.04525498300790787,0.28889524936676025,0.5899999737739563,0.8700000047683716,0.5158524513244629,0.5634099245071411,0.5121942162513733,0.5487768650054932,0.5899999737739563,0.8580600023269653,0.7418895959854126
4,1098,0.35777634382247925,-0.008168169297277927,0.5471270084381104,0.8199999928474426,0.9599999785423279,0.5079262256622314,0.5237787365913391,0.5060970783233643,0.5182912945747375,0.826170027256012,0.9599999785423279,0.8993282914161682
4,1099,0.30155208706855774,-0.014803311787545681,0.5447689294815063,0.6600000262260437,0.7699999809265137,0.5871886610984802,0.6585248112678528,0.5670681595802307,0.6219421625137329,0.6600000262260437,0.8347300291061401,0.7656891345977783
4,1100,0.29918426275253296,-0.012829582206904888,0.43896904587745667,0.800000011920929,0.9700000286102295,0.5044721364974976,0.5134164094924927,0.5089442729949951,0.5268328189849854,0.800000011920929,0.9700000286102295,0.8826844096183777
4,1101,0.08923083543777466,-0.18394587934017181,0.04314253851771355,0.5600000023841858,0.6700000166893005,0.5089442729949951,0.5357770919799805,0.5178885459899902,0.5715541839599609,0.5600000023841858,0.6700000166893005,0.6361008882522583
4,1102,0.2705148756504059,-0.0038254258688539267,0.41129636764526367,0.7400000095367432,0.8500000238418579,0.5089442729949951,0.5313049554824829,0.5178885459899902,0.5626099109649658,0.7400000095367432,0.8500000238418579,0.803486168384552
4,1103,0.20520146191120148,-0.03063107840716839,0.2954694628715515,0.6800000071525574,0.9700000286102295,0.5044721364974976,0.5134164094924927,0.5089442729949951,0.5268328189849854,0.6800000071525574,0.9700000286102295,0.8166837692260742
4,1104,0.12202563136816025,-0.032488007098436356,0.19500254094600677,0.5699999928474426,0.8600000143051147,0.5268328189849854,0.540249228477478,0.5536656379699707,0.580498456954956,0.5699999928474426,0.8600000143051147,0.7238726615905762
4,1105,0.030403411015868187,-0.03042217344045639,0.08958938717842102,0.5699999928474426,0.8600000143051147,--,--,--,--,0.5699999928474426,0.8375200033187866,0.6861475110054016
4,1106,0.04895167052745819,-0.054145608097314835,0.16566123068332672,0.5799999833106995,0.75,--,--,--,--,0.5799999833106995,0.7460600137710571,0.6932793259620667
4,1107,0.03703196346759796,-0.05057639256119728,0.12736788392066956,0.5400000214576721,0.8999999761581421,--,--,--,--,0.5400000214576721,0.8934800028800964,0.6903165578842163
4,1108,0.05736204609274864,-0.09906630218029022,0.20246118307113647,0.5699999928474426,0.8700000047683716,--,--,--,--,0.5927000045776367,0.8700000047683716,0.7263234257698059
4,1109,0.03405049443244934,-0.05582606792449951,0.1509544551372528,0.5099999904632568,0.9800000190734863,--,--,--,--,0.5371500253677368,0.968529999256134,0.7261002063751221
4,1110,0.05817187577486038,-0.007495385129004717,0.1519051343202591,0.5699999928474426,0.6100000143051147,0.8055782914161682,0.8844372034072876,0.5521718859672546,0.565635621547699,0.5699999928474426,0.7657300233840942,0.6657075881958008
4,1111,0.13052166998386383,-0.030732402577996254,0.2183813452720642,0.5699999928474426,0.9800000190734863,0.5,0.5098573565483093,0.5,0.5016829371452332,0.5808600187301636,0.9800000190734863,0.7722671031951904
4,1112,0.05263883247971535,-0.09616722911596298,0.04858198016881943,0.5600000023841858,0.5600000023841858,0.8055782914161682,0.8154356479644775,0.5521718859672546,0.5538548827171326,0.5600000023841858,0.7185099720954895,0.6279813647270203
4,1113,0.156727597117424,-0.02719179354608059,0.26998624205589294,0.6399999856948853,0.9399999976158142,0.5,0.5098573565483093,0.5,0.5016829371452332,0.6399999856948853,0.9320799708366394,0.7938734292984009
4,1114,0.1283617466688156,-0.025159573182463646,0.24666959047317505,0.6200000047683716,0.8500000238418579,0.5098573565483093,0.5887162685394287,0.5016829371452332,0.5151466727256775,0.6200000047683716,0.8440899848937988,0.7477405667304993
4,1115,0.06252336502075195,-0.09129435569047928,0.1368667334318161,0.5299999713897705,0.8999999761581421,--,--,--,--,0.5299999713897705,0.8999999761581421,0.723858118057251
4,1116,0.09058450162410736,-0.057065047323703766,0.18839457631111145,0.5099999904632568,0.9100000262260437,--,--,--,--,0.5342400074005127,0.9100000262260437,0.7764416933059692
4,1117,0.03847028687596321,-0.09698887169361115,0.09365315735340118,0.5400000214576721,0.8399999737739563,--,--,--,--,0.5582500100135803,0.8229399919509888,0.6799075603485107
4,1118,0.08462537080049515,-0.03946094959974289,0.17027468979358673,0.6100000143051147,0.949999988079071,--,--,--,--,0.6100000143051147,0.9405199885368347,0.818682074546814
4,1119,0.031382009387016296,-0.036315396428108215,0.05643204599618912,0.5799999833106995,0.7799999713897705,--,--,--,--,0.5799999833106995,0.7787100076675415,0.6791287660598755
4,1120,0.07247702032327652,-0.02024024911224842,0.14021100103855133,0.5600000023841858,0.8999999761581421,--,--,--,--,0.5718899965286255,0.8999999761581421,0.751745879650116
4,1121,0.0998968556523323,-0.029588965699076653,0.1948578804731369,0.5699999928474426,0.9399999976158142,--,--,--,--,0.5868300199508667,0.9399999976158142,0.8208374381065369
4,1122,0.10251916944980621,-0.026755763217806816,0.2044581174850464,0.550000011920929,0.9700000286102295,--,--,--,--,0.5678300261497498,0.9700000286102295,0.8330440521240234
4,1123,0.09758319705724716,-0.0225170087069273,0.18638843297958374,0.7599999904632568,0.9900000095367432,--,--,--,--,0.7599999904632568,0.9837300181388855,0.8828238248825073
4,1124,0.024627676233649254,-0.0598854161798954,0.06542645394802094,0.550000011920929,0.8799999952316284,--,--,--,--,0.5558099746704102,0.8799999952316284,0.6793835759162903
4,1125,0.22449752688407898,-0.009950906969606876,0.3855331540107727,0.699999988079071,0.75,0.6382452845573425,0.6474616527557373,0.5582085251808167,0.5620891451835632,0.699999988079071,0.8299700021743774,0.7715795040130615
4,1126,0.36184027791023254,-0.0013021599734202027,0.555503785610199,0.949999988079071,0.9900000095367432,0.5092163681983948,0.5092163681983948,0.5038805603981018,0.5038805603981018,0.949999988079071,0.9878100156784058,0.9718729257583618
4,1127,0.29615989327430725,-0.003848621156066656,0.45898163318634033,0.8500000238418579,0.9599999785423279,0.5,0.5184327363967896,0.5,0.5077611207962036,0.8500000238418579,0.9538699984550476,0.9047666788101196
4,1128,0.03456559032201767,-0.06084132194519043,0.17761826515197754,0.5600000023841858,0.6600000262260437,0.5276490449905396,0.7580578923225403,0.5116416811943054,0.6086559891700745,0.5600000023841858,0.7385299801826477,0.6557117104530334
4,1129,0.2031978815793991,-0.38568899035453796,0.06728173047304153,0.550000011920929,0.6499999761581421,0.5276490449905396,0.5645144581794739,0.5116416811943054,0.5271639823913574,0.5559200048446655,0.6499999761581421,0.6187179684638977
4,1130,0.2890537977218628,-0.0032194918021559715,0.49669748544692993,0.6800000071525574,0.7300000190734863,0.6379736661911011,0.6456388831138611,0.6155995726585388,0.6220217943191528,0.6800000071525574,0.8471500277519226,0.7752989530563354
4,1131,0.10175617784261703,-0.05293763801455498,0.17474280297756195,0.5199999809265137,0.9900000095367432,0.5,0.50766521692276,0.5,0.506422221660614,0.5199999809265137,0.9708200097084045,0.744904100894928
4,1132,0.27120038866996765,-0.012857232242822647,0.42221203446388245,0.6800000071525574,0.8500000238418579,0.5306608080863953,0.5843172669410706,0.5256887674331665,0.570644199848175,0.6873599886894226,0.8500000238418579,0.7986980080604553
4,1133,0.39105671644210815,-0.0033506324980407953,0.6118027567863464,0.9399999976158142,0.9900000095367432,0.50766521692276,0.50766521692276,0.506422221660614,0.506422221660614,0.9420999884605408,0.9900000095367432,0.9701560139656067
4,1134,0.17368704080581665,-0.041306063532829285,0.30001580715179443,0.6000000238418579,0.9399999976158142,0.5229955911636353,0.5383260250091553,0.5192666053771973,0.5321109890937805,0.6000000238418579,0.9263299703598022,0.7766686081886292
4,1135,0.10657313466072083,-0.0313166044652462,0.22084857523441315,0.5400000214576721,0.6899999976158142,0.5178885459899902,0.6386362314224243,0.5357770919799805,0.7772724032402039,0.5400000214576721,0.7756100296974182,0.6897866129875183
4,1136,0.3640978932380676,0.0,0.5312067866325378,0.8299999833106995,0.8500000238418579,0.5447213649749756,0.5670820474624634,0.5894427299499512,0.6341640949249268,0.8299999833106995,0.9542099833488464,0.894223153591156
4,1137,0.1925428807735443,0.0,0.3831545412540436,0.5799999833106995,0.5799999833106995,0.6296919584274292,0.6386362314224243,0.7593838572502136,0.7772724032402039,0.5799999833106995,0.8399400115013123,0.7097537517547607
4,1138,0.36797747015953064,0.0,0.5032484531402588,0.8700000047683716,0.9700000286102295,0.5044721364974976,0.5089442729949951,0.5089442729949951,0.5178885459899902,0.8700000047683716,0.9700000286102295,0.9275429844856262
4,1139,0.4050641655921936,0.0,0.5485996007919312,0.9200000166893005,0.949999988079071,0.5044721364974976,0.5089442729949951,0.5089442729949951,0.5178885459899902,0.9200000166893005,0.949999988079071,0.9419193863868713
4,1140,0.06595918536186218,-0.052161961793899536,0.12820379436016083,0.6299999952316284,0.9599999785423279,--,--,--,--,0.6299999952316284,0.9375200271606445,0.7690523266792297
4,1141,0.07654295861721039,-0.03641612455248833,0.13676674664020538,0.6299999952316284,0.8399999737739563,--,--,--,--,0.6299999952316284,0.828249990940094,0.7448536157608032
4,1142,0.10573025792837143,-0.018301336094737053,0.19712339341640472,0.5299999713897705,0.9399999976158142,--,--,--,--,0.552649974822998,0.9399999976158142,0.7745354175567627
4,1143,0.03359479457139969,-0.11059127748012543,0.04723270237445831,0.5400000214576721,0.8600000143051147,--,--,--,--,0.5400000214576721,0.8413599729537964,0.6675294041633606
4,1144,0.07907181978225708,-0.05751543864607811,0.14522945880889893,0.6600000262260437,1.0,--,--,--,--,0.6600000262260437,0.9762200117111206,0.8127875328063965
4,1145,0.057041607797145844,-0.08848945796489716,0.12372587621212006,0.5400000214576721,0.7900000214576721,--,--,--,--,0.5545499920845032,0.7900000214576721,0.6594832539558411
4,1146,0.0570807047188282,-0.11352381855249405,0.12455005943775177,0.5400000214576721,0.7900000214576721,--,--,--,--,0.5502499938011169,0.7900000214576721,0.6425782442092896
4,1147,0.058483392000198364,-0.07881619781255722,0.1613997220993042,0.5899999737739563,0.9599999785423279,--,--,--,--,0.6160100102424622,0.9450100064277649,0.7828995585441589
4,1148,0.043348491191864014,-0.0849463939666748,0.08760976791381836,0.550000011920929,0.75,--,--,--,--,0.550000011920929,0.75,0.6262885928153992
4,1149,0.08564545959234238,-0.007877250202000141,0.19615165889263153,0.7699999809265137,0.949999988079071,--,--,--,--,0.7699999809265137,0.940850019454956,0.8529877066612244
4,1150,0.3583269715309143,-0.5390114188194275,0.035537268966436386,0.5199999809265137,0.5799999833106995,0.5268447399139404,0.5686032772064209,0.5859032273292542,0.7195304036140442,0.5199999809265137,0.6403399705886841,0.5853230357170105
4,1151,0.15681679546833038,-0.24495096504688263,0.05820006504654884,0.5199999809265137,0.699999988079071,0.5089482665061951,0.5387757420539856,0.5286344289779663,0.6240823864936829,0.5199999809265137,0.699999988079071,0.6279610395431519
4,1152,0.335871160030365,0.0,0.5036477446556091,0.8199999928474426,0.9100000262260437,0.5208792686462402,0.5238620042800903,0.566813588142395,0.5763583779335022,0.8199999928474426,0.9100000262260437,0.8812133073806763
4,1153,0.2945304811000824,0.0,0.43862026929855347,0.8100000023841858,0.949999988079071,0.5059654712677002,0.5059654712677002,0.5190895795822144,0.5190895795822144,0.8100000023841858,0.949999988079071,0.8847560286521912
4,1154,0.29009371995925903,0.0,0.4297349154949188,0.800000011920929,0.949999988079071,0.5029827356338501,0.5119310021400452,0.5095447897911072,0.5381792187690735,0.800000011920929,0.949999988079071,0.8808616399765015
4,1155,0.22632279992103577,-0.05050456151366234,0.3216891884803772,0.6600000262260437,0.9900000095367432,0.5,0.5,0.5,0.5,0.6845300197601318,0.9618399739265442,0.825311541557312
4,1156,0.39994537830352783,-0.003798697143793106,0.5720394253730774,0.9100000262260437,0.949999988079071,0.5055432319641113,0.5110864043235779,0.5192164778709412,0.5384329557418823,0.9135299921035767,0.9583600163459778,0.9447191953659058
4,1157,0.33388811349868774,0.0,0.5030959844589233,0.7300000190734863,0.7400000095367432,0.5692901611328125,0.5692901611328125,0.7402058839797974,0.7402058839797974,0.7331600189208984,0.958079993724823,0.8566668629646301
4,1158,0.3726106882095337,-0.015409283339977264,0.5346508622169495,0.8799999952316284,0.9900000095367432,0.5027716159820557,0.5027716159820557,0.5096082091331482,0.5096082091331482,0.8883600234985352,0.9807699918746948,0.9399701356887817
4,1159,0.36339107155799866,0.0,0.5254797339439392,0.8299999833106995,0.8500000238418579,0.5277160406112671,0.5332592725753784,0.596082329750061,0.6152988076210022,0.8326600193977356,0.9376000165939331,0.8934658765792847
4,1160,0.07752445340156555,-0.030192725360393524,0.12280083447694778,0.6100000143051147,0.7300000190734863,0.5113461017608643,0.5510574579238892,0.5164701342582703,0.5741156935691833,0.6184599995613098,0.7248899936676025,0.6946344971656799
4,1161,0.12303092330694199,-0.04994663968682289,0.1818704903125763,0.5699999928474426,0.8399999737739563,0.5170191526412964,0.5510574579238892,0.5247052311897278,0.5741156935691833,0.5875700116157532,0.8283500075340271,0.7310570478439331
4,1162,0.2918526232242584,-0.028089357540011406,0.4165304899215698,0.7799999713897705,0.949999988079071,0.5170191526412964,0.5226922035217285,0.5247052311897278,0.5329403281211853,0.7875400185585022,0.9403799772262573,0.8827828168869019
4,1163,0.3318183422088623,-0.0010588589357212186,0.4717216491699219,0.8700000047683716,0.8899999856948853,0.5056730508804321,0.545384407043457,0.5082350969314575,0.5658805966377258,0.8721799850463867,0.925000011920929,0.9007673859596252
4,1164,0.1210906058549881,-0.05896841734647751,0.1940920054912567,0.5400000214576721,0.9100000262260437,0.5170191526412964,0.5397113561630249,0.5247052311897278,0.5576455593109131,0.5635300278663635,0.8939399719238281,0.7453080415725708
4,1165,0.07178232818841934,-0.027512410655617714,0.13281294703483582,0.7200000286102295,0.8999999761581421,--,--,--,--,0.7200000286102295,0.8936399817466736,0.7872373461723328
4,1166,0.08279985189437866,-0.05188649520277977,0.13923819363117218,0.6499999761581421,0.8899999856948853,--,--,--,--,0.6499999761581421,0.8767499923706055,0.7749103903770447
4,1167,0.023990049958229065,-0.03246207907795906,0.06390777975320816,0.5199999809265137,0.9700000286102295,--,--,--,--,0.5286800265312195,0.9658100008964539,0.7546104788780212
4,1168,0.0780782699584961,-0.02593626268208027,0.12851572036743164,0.6700000166893005,0.9700000286102295,--,--,--,--,0.6805999875068665,0.9700000286102295,0.8270830512046814
4,1169,0.10078076273202896,-0.04379655420780182,0.19306102395057678,0.6200000047683716,0.9200000166893005,--,--,--,--,0.6397299766540527,0.9071099758148193,0.8060523867607117
4,1170,0.06354379653930664,-0.02855568751692772,0.11930274218320847,0.5899999737739563,0.9599999785423279,--,--,--,--,0.5899999737739563,0.953499972820282,0.7920751571655273
4,1171,0.037871427834033966,-0.005111975129693747,0.07179783284664154,0.5899999737739563,0.8399999737739563,--,--,--,--,0.5924500226974487,0.8399999737739563,0.7178179025650024
4,1172,0.07236181944608688,-0.017034433782100677,0.14695782959461212,0.550000011920929,0.9800000190734863,--,--,--,--,0.550000011920929,0.9750300049781799,0.8414278626441956
4,1173,0.070413738489151,-0.018952427431941032,0.11008913815021515,0.6899999976158142,0.9800000190734863,--,--,--,--,0.7003600001335144,0.9676399827003479,0.8353179097175598
4,1174,0.08922265470027924,-0.018753962591290474,0.17407222092151642,0.7400000095367432,0.949999988079071,--,--,--,--,0.7400000095367432,0.9452400207519531,0.8540614247322083
4,1175,0.24320237338542938,-0.03650315850973129,0.4313841462135315,0.5699999928474426,0.8199999928474426,0.6169005632400513,0.6348852515220642,0.5568705201148987,0.5656198859214783,0.5814300179481506,0.8114799857139587,0.7513229846954346
4,1176,0.1395101249217987,-0.026847073808312416,0.20056964457035065,0.5799999833106995,0.9800000190734863,0.5089923739433289,0.5179846882820129,0.5043746829032898,0.5087493062019348,0.5941399931907654,0.9628599882125854,0.7692965269088745
4,1177,0.2774192988872528,-0.0274202860891819,0.40946832299232483,0.7400000095367432,0.9800000190734863,0.5,0.5089923739433289,0.5,0.5043746829032898,0.7503499984741211,0.9715499877929688,0.8710107207298279
4,1178,0.2804468274116516,-0.02265910618007183,0.41002148389816284,0.75,0.9300000071525574,0.5,0.5179846882820129,0.5,0.5087493062019348,0.7577900290489197,0.9236699938774109,0.8502868413925171
4,1179,0.16609348356723785,0.0,0.4180254638195038,0.5400000214576721,0.6299999952316284,0.6978316903114319,0.823724627494812,0.5962424874305725,0.6574876308441162,0.5437800288200378,0.8151000142097473,0.6782529950141907
4,1180,0.04862762987613678,-0.15273407101631165,0.035996969789266586,0.5899999737739563,0.8100000023841858,--,--,--,--,0.5899999737739563,0.7921900153160095,0.6540955901145935
4,1181,0.04352780058979988,-0.11052313446998596,0.0747174322605133,0.5199999809265137,0.9900000095367432,--,--,--,--,0.5199999809265137,0.9652799963951111,0.7024447321891785
4,1182,0.07260052859783173,-0.039823733270168304,0.16116328537464142,0.5400000214576721,0.8500000238418579,--,--,--,--,0.5400000214576721,0.8500000238418579,0.7555407285690308
4,1183,0.0697813481092453,-0.03286856412887573,0.1679372787475586,0.5600000023841858,0.9700000286102295,--,--,--,--,0.5799999833106995,0.957360029220581,0.753135621547699
4,1184,0.05889692157506943,-0.06084441766142845,0.16946730017662048,0.5099999904632568,0.7900000214576721,--,--,--,--,0.5337200164794922,0.7900000214576721,0.6838940978050232
4,1185,0.1278783082962036,-0.049232110381126404,0.2711264491081238,0.5299999713897705,0.8600000143051147,0.5174545645713806,0.522214949131012,0.6086063385009766,0.6382262706756592,0.5299999713897705,0.8600000143051147,0.7280605435371399
4,1186,0.14834894239902496,-0.4248231053352356,0.027506209909915924,0.5699999928474426,0.6200000047683716,0.5079339146614075,0.5190413594245911,0.5493665337562561,0.6184796690940857,0.5699999928474426,0.6556500196456909,0.6180657744407654
4,1187,0.1669597327709198,0.0,0.282136470079422,0.699999988079071,0.7599999904632568,0.5095207095146179,0.5158678293228149,0.5592398047447205,0.5987330079078674,0.699999988079071,0.7837600111961365,0.7517263889312744
4,1188,0.11771849542856216,-0.006783393211662769,0.19174160063266754,0.6299999952316284,0.8100000023841858,0.5095207095146179,0.5095207095146179,0.5592398047447205,0.5592398047447205,0.6299999952316284,0.8100000023841858,0.7366628050804138
4,1189,0.21797709167003632,0.0,0.40145763754844666,0.699999988079071,0.8600000143051147,0.5095207095146179,0.5158678293228149,0.5592398047447205,0.5987330079078674,0.699999988079071,0.8600000143051147,0.8013995885848999
4,1190,0.059892937541007996,-0.08913736045360565,0.1860506683588028,0.5299999713897705,0.7200000286102295,0.515313982963562,0.5200995802879333,0.6592654585838318,0.7090358734130859,0.5410799980163574,0.731689989566803,0.6703731417655945
4,1191,0.26744991540908813,-0.001783685409463942,0.4147021174430847,0.8500000238418579,0.8899999856948853,0.5038285255432129,0.507656991481781,0.5398163795471191,0.5796326994895935,0.8526099920272827,0.9001299738883972,0.8846999406814575
4,1192,0.05072450265288353,-0.07024436444044113,0.16570235788822174,0.5099999904632568,0.8399999737739563,0.5028713941574097,0.5066998600959778,0.5298622846603394,0.5696786046028137,0.5260000228881836,0.8218399882316589,0.6878759264945984
4,1193,0.04149771109223366,-0.11765576899051666,0.12549443542957306,0.550000011920929,0.7699999809265137,0.5038285255432129,0.5038285255432129,0.5398163795471191,0.5398163795471191,0.5633599758148193,0.760129988193512,0.6691372990608215
4,1194,0.24760398268699646,-0.010449972003698349,0.3805612027645111,0.8100000023841858,0.9399999976158142,0.5038285255432129,0.5047855973243713,0.5398163795471191,0.5497704744338989,0.8166300058364868,0.933210015296936,0.8862435221672058
4,1195,0.356613427400589,0.0,0.5367922186851501,0.7900000214576721,0.8799999952316284,0.5098057985305786,0.5784464478492737,0.5019611716270447,0.5156893134117126,0.7929400205612183,0.8799999952316284,0.8541890382766724
4,1196,0.35864004492759705,0.0,0.5403656363487244,0.8100000023841858,0.8399999737739563,0.5392232537269592,0.5882522463798523,0.5078446269035339,0.5176504254341125,0.811020016670227,0.8808599710464478,0.8511950969696045
4,1197,0.2974793314933777,-0.016309501603245735,0.4335281252861023,0.75,0.9399999976158142,0.5098057985305786,0.5294173955917358,0.5019611716270447,0.5058834552764893,0.75,0.9338700175285339,0.8499932289123535
4,1198,0.1589013636112213,-0.022495323792099953,0.24290244281291962,0.550000011920929,0.949999988079071,0.5098057985305786,0.5392232537269592,0.5019611716270447,0.5078446269035339,0.5629500150680542,0.949999988079071,0.7660478353500366
4,1199,0.1833239197731018,0.0,0.26646924018859863,0.6200000047683716,0.8399999737739563,0.5,0.5784464478492737,0.5,0.5156893134117126,0.6271399855613708,0.8399999737739563,0.7492561936378479
4,1200,0.1724419891834259,-0.03269796445965767,0.31921830773353577,0.6100000143051147,0.7699999809265137,0.5130707621574402,0.5418264865875244,0.5482613444328308,0.6544362306594849,0.6100000143051147,0.8082699775695801,0.7448338270187378
4,1201,0.051022619009017944,-0.06131993234157562,0.12423014640808105,0.5099999904632568,0.8600000143051147,0.5,0.5104566216468811,0.5,0.5386090278625488,0.5099999904632568,0.8600000143051147,0.6819315552711487
4,1202,0.29535871744155884,-0.0024897356051951647,0.4521040618419647,0.8100000023841858,0.9800000190734863,0.5,0.5052282810211182,0.5,0.5193045139312744,0.8100000023841858,0.9800000190734863,0.9058127403259277
4,1203,0.09225746989250183,-0.07086174935102463,0.1606862097978592,0.5099999904632568,0.7099999785423279,0.5235273838043213,0.5601255297660828,0.5868703722953796,0.7220020890235901,0.5099999904632568,0.7608399987220764,0.6903154253959656
4,1204,0.282792866230011,0.0,0.4144522249698639,0.800000011920929,0.8199999928474426,0.5026141405105591,0.5130707621574402,0.5096522569656372,0.5482613444328308,0.800000011920929,0.8381500244140625,0.8243580460548401
4,1205,0.07212860882282257,0.0,0.11214816570281982,0.6399999856948853,1.0,--,--,--,--,0.6467199921607971,1.0,0.8117449879646301
4,1206,0.06953766942024231,-0.013185959309339523,0.12571661174297333,0.6800000071525574,0.8399999737739563,--,--,--,--,0.6800000071525574,0.8357099890708923,0.7573179006576538
4,1207,0.07072652876377106,-0.032230548560619354,0.12249920517206192,0.5899999737739563,0.9900000095367432,--,--,--,--,0.6125500202178955,0.9685699939727783,0.8015093207359314
4,1208,0.03339439257979393,-0.017634781077504158,0.06216869130730629,0.5299999713897705,0.8999999761581421,--,--,--,--,0.535860002040863,0.8999999761581421,0.7147960662841797
4,1209,0.04599304869771004,-0.03276635706424713,0.07645563781261444,0.6000000238418579,0.9599999785423279,--,--,--,--,0.6000000238418579,0.9416000247001648,0.731116533279419
4,1210,0.2844204902648926,-0.48158612847328186,0.050080474466085434,0.5099999904632568,0.6000000238418579,0.5741385817527771,0.5926732420921326,0.5943582057952881,0.6179477572441101,0.5161499977111816,0.6431699991226196,0.5889543890953064
4,1211,0.25015535950660706,-0.0033873440697789192,0.45242446660995483,0.6899999976158142,0.75,0.611207902431488,0.6297425031661987,0.6415373086929321,0.6651268601417542,0.6947900056838989,0.8440600037574768,0.7718232274055481
4,1212,0.3183024823665619,-0.004272849299013615,0.5204017162322998,0.800000011920929,0.8600000143051147,0.5432475209236145,0.586495041847229,0.5550422668457031,0.610084593296051,0.8042100071907043,0.8921099901199341,0.8566069006919861
4,1213,0.24774934351444244,-0.030660010874271393,0.41333162784576416,0.6899999976158142,0.9200000166893005,0.5123564600944519,0.5494257211685181,0.5157263875007629,0.562905490398407,0.7026299834251404,0.9083499908447266,0.8288045525550842
4,1214,0.16792280972003937,-0.03705830127000809,0.30202361941337585,0.5799999833106995,0.7900000214576721,0.5679603815078735,0.5741385817527771,0.586495041847229,0.5943582057952881,0.5917400121688843,0.7800999879837036,0.7259349226951599
4,1215,0.036134131252765656,-0.026145385578274727,0.08120942115783691,0.6000000238418579,0.9700000286102295,--,--,--,--,0.6000000238418579,0.9700000286102295,0.8017825484275818
4,1216,0.06859816610813141,-0.00788013357669115,0.10995404422283173,0.6600000262260437,0.8799999952316284,--,--,--,--,0.6600000262260437,0.8736799955368042,0.7328888773918152
4,1217,0.04832570254802704,-0.07823275774717331,0.10154011100530624,0.6700000166893005,0.9300000071525574,--,--,--,--,0.6724200248718262,0.9300000071525574,0.7526746988296509
4,1218,0.08886319398880005,-0.011326927691698074,0.15358488261699677,0.5400000214576721,0.9900000095367432,--,--,--,--,0.5476599931716919,0.9835600256919861,0.7672972679138184
4,1219,0.08984815329313278,-0.007375531364232302,0.17442429065704346,0.7300000190734863,0.8899999856948853,--,--,--,--,0.7300000190734863,0.8849899768829346,0.8283603191375732
4,1220,0.034162696450948715,-0.031133431941270828,0.08266720175743103,0.550000011920929,0.9399999976158142,--,--,--,--,0.550000011920929,0.9309899806976318,0.8032841086387634
4,1221,0.06326262652873993,-0.060976799577474594,0.1385740041732788,0.6100000143051147,0.9300000071525574,--,--,--,--,0.6316099762916565,0.9300000071525574,0.8003898859024048
4,1222,0.06673674285411835,-0.004380941390991211,0.11141908168792725,0.6499999761581421,0.9900000095367432,--,--,--,--,0.6603099703788757,0.9900000095367432,0.8139320611953735
4,1223,0.0342225655913353,-0.11520099639892578,0.05684079974889755,0.5199999809265137,0.7300000190734863,--,--,--,--,0.531029999256134,0.7300000190734863,0.6245800852775574
4,1224,0.026932958513498306,-0.08369538187980652,0.05891979858279228,0.5799999833106995,0.7300000190734863,--,--,--,--,0.5897700190544128,0.7188900113105774,0.6524524092674255
4,1225,0.3314569294452667,0.0,0.559386670589447,0.800000011920929,0.8500000238418579,0.5619874596595764,0.5826499462127686,0.5652499198913574,0.5869999527931213,0.8041300177574158,0.9263399839401245,0.8696960806846619
4,1226,0.16134870052337646,-0.01665918342769146,0.3821541368961334,0.5199999809265137,0.6700000166893005,0.6170874238014221,0.6721873879432678,0.623249888420105,0.6812498569488525,0.5339499711990356,0.799239993095398,0.675525963306427
4,1227,0.2085494101047516,-0.033052630722522736,0.33178356289863586,0.699999988079071,0.9900000095367432,0.5,0.5068874955177307,0.5,0.5072500109672546,0.7194399833679199,0.9709600210189819,0.8362877368927002
4,1228,0.21600866317749023,-0.045319974422454834,0.31994950771331787,0.6499999761581421,0.8899999856948853,0.5206624865531921,0.5275499820709229,0.5217499732971191,0.5289999842643738,0.6660699844360352,0.8748900294303894,0.7930610775947571
4,1229,0.29950225353240967,-0.005546270404011011,0.5339616537094116,0.7300000190734863,0.8199999928474426,0.5757624506950378,0.6101999282836914,0.5797499418258667,0.6159999370574951,0.738510012626648,0.9060999751091003,0.8269823789596558
4,1230,0.09123199433088303,-0.0384226068854332,0.16630937159061432,0.6899999976158142,0.8299999833106995,--,--,--,--,0.6961100101470947,0.8209900259971619,0.761138379573822
4,1231,0.11261917650699615,-0.04273899272084236,0.23787137866020203,0.5199999809265137,0.9300000071525574,--,--,--,--,0.5199999809265137,0.9243800044059753,0.8020689487457275
4,1232,0.06953762471675873,-0.04222286865115166,0.11975742876529694,0.550000011920929,0.8100000023841858,--,--,--,--,0.550000011920929,0.803380012512207,0.6840382218360901
4,1233,0.043073397129774094,-0.05420059710741043,0.12057052552700043,0.5799999833106995,0.8700000047683716,--,--,--,--,0.600849986076355,0.8700000047683716,0.6812216639518738
4,1234,0.019761964678764343,-0.052440740168094635,0.03136937692761421,0.5699999928474426,0.8600000143051147,--,--,--,--,0.5699999928474426,0.8478400111198425,0.6984428763389587
4,1235,0.19549822807312012,-0.08483290672302246,0.2772299647331238,0.6000000238418579,1.0,0.5,0.5,0.5,0.5,0.6000000238418579,0.9694300293922424,0.8131818175315857
4,1236,0.3287980556488037,-0.0090262982994318,0.4331216812133789,0.8299999833106995,0.9700000286102295,0.5,0.5094475746154785,0.5,0.5032777190208435,0.8408200144767761,0.9700000286102295,0.8982435464859009
4,1237,0.05046205595135689,-0.10667234659194946,0.13935504853725433,0.5299999713897705,0.7599999904632568,0.5094475746154785,0.5661329627037048,0.5032777190208435,0.5229440927505493,0.5299999713897705,0.7435399889945984,0.6759949922561646
4,1238,0.07138213515281677,-0.0277936439961195,0.1641036719083786,0.550000011920929,0.8600000143051147,0.5094475746154785,0.5094475746154785,0.5032777190208435,0.5032777190208435,0.57396000623703,0.8600000143051147,0.7005782127380371
4,1239,0.11438994854688644,-0.031580228358507156,0.19947563111782074,0.5,0.9599999785423279,0.5377902388572693,0.5377902388572693,0.5131109356880188,0.5131109356880188,0.5362200140953064,0.9599999785423279,0.7380177974700928
4,1240,0.185700461268425,0.0,0.28896990418434143,0.7300000190734863,0.7599999904632568,0.539668083190918,0.6090872883796692,0.5051421523094177,0.5141409635543823,0.7333800196647644,0.7965899705886841,0.7691641449928284
4,1241,0.27543529868125916,0.0,0.42338672280311584,0.8199999928474426,0.9700000286102295,0.519834041595459,0.5297510623931885,0.5025711059570312,0.5038565993309021,0.8299000263214111,0.9700000286102295,0.9033929705619812
4,1242,0.24710433185100555,0.0,0.376471608877182,0.7900000214576721,0.9800000190734863,0.5,0.5099170207977295,0.5,0.5012855529785156,0.802049994468689,0.9800000190734863,0.8870004415512085
4,1243,0.11543649435043335,-0.02003738470375538,0.21958467364311218,0.6100000143051147,0.8899999856948853,0.5,0.5495851039886475,0.5,0.5064277052879333,0.6100000143051147,0.8728899955749512,0.7574450373649597
4,1244,0.1330823004245758,-0.024021664634346962,0.19530875980854034,0.5899999737739563,0.9800000190734863,0.5099170207977295,0.519834041595459,0.5012855529785156,0.5025711059570312,0.614870011806488,0.9800000190734863,0.7905729413032532
4,1245,0.04597843065857887,-0.024974163621664047,0.12015313655138016,0.5,0.8199999928474426,--,--,--,--,0.5,0.8026800155639648,0.7186200618743896
4,1246,0.06664106994867325,-0.009979695081710815,0.1227918490767479,0.7200000286102295,0.8799999952316284,--,--,--,--,0.7200000286102295,0.8774200081825256,0.8074544072151184
4,1247,0.028203453868627548,-0.026026714593172073,0.06959354877471924,0.5299999713897705,0.9300000071525574,--,--,--,--,0.5299999713897705,0.9300000071525574,0.7746378779411316
4,1248,0.04726176708936691,-0.013981565833091736,0.10389582812786102,0.5600000023841858,0.9599999785423279,--,--,--,--,0.5600000023841858,0.9599999785423279,0.7554417252540588
4,1249,0.06959743052721024,-0.02670912817120552,0.1668013483285904,0.5899999737739563,0.7099999785423279,--,--,--,--,0.5977699756622314,0.7099999785423279,0.6637657880783081
4,1250,0.3255009651184082,0.0,0.5051525831222534,0.8299999833106995,0.9200000166893005,0.5099804997444153,0.5698636770248413,0.5006237626075745,0.5043664574623108,0.8321599960327148,0.9200000166893005,0.8854727745056152
4,1251,0.24489030241966248,-0.0025578907225281,0.39710959792137146,0.7300000190734863,0.9900000095367432,0.5,0.5,0.5,0.5,0.7360000014305115,0.9900000095367432,0.8589915633201599
4,1252,0.32160940766334534,0.0,0.49346721172332764,0.8600000143051147,0.8600000143051147,0.5199610590934753,0.5998052358627319,0.5012475848197937,0.506237804889679,0.8600000143051147,0.9021499752998352,0.8765236139297485
4,1253,0.2858981192111969,-0.009165016002953053,0.4683777689933777,0.7699999809265137,0.8999999761581421,0.5299415588378906,0.5798441767692566,0.5018713474273682,0.50499027967453,0.7699999809265137,0.8971099853515625,0.8504400253295898
4,1254,0.26452791690826416,0.0,0.40524381399154663,0.75,0.8399999737739563,0.5099804997444153,0.609785795211792,0.5006237626075745,0.5068616271018982,0.7521700263023376,0.8446499705314636,0.8112086653709412
4,1255,0.14454500377178192,-0.008480513468384743,0.26163002848625183,0.8199999928474426,0.9300000071525574,--,--,--,--,0.8199999928474426,0.9255499839782715,0.8845219016075134
4,1256,0.07763427495956421,-0.038638390600681305,0.14203773438930511,0.6399999856948853,0.9700000286102295,--,--,--,--,0.6399999856948853,0.9700000286102295,0.794481098651886
4,1257,0.1037561222910881,-0.03131789341568947,0.20449630916118622,0.7300000190734863,0.9599999785423279,--,--,--,--,0.7300000190734863,0.9407899975776672,0.8222894072532654
4,1258,0.13424405455589294,-0.004687195643782616,0.24669907987117767,0.8199999928474426,0.9200000166893005,--,--,--,--,0.8240200281143188,0.9200000166893005,0.8616147041320801
4,1259,0.10189568996429443,-0.040870778262615204,0.22430071234703064,0.6100000143051147,0.9599999785423279,--,--,--,--,0.6358299851417542,0.9599999785423279,0.8196359872817993
4,1260,0.08623333275318146,-0.027173278853297234,0.15699641406536102,0.6499999761581421,0.9700000286102295,--,--,--,--,0.6709700226783752,0.953499972820282,0.7814319133758545
4,1261,0.11308515071868896,-0.03402700275182724,0.2035619467496872,0.7099999785423279,0.8799999952316284,--,--,--,--,0.71875,0.8700000047683716,0.8058865070343018
4,1262,0.09291604906320572,-0.05233154818415642,0.19205257296562195,0.6700000166893005,0.9800000190734863,--,--,--,--,0.6854199767112732,0.9561300277709961,0.8109373450279236
4,1263,0.037827201187610626,-0.02209010161459446,0.0802067369222641,0.5699999928474426,0.9800000190734863,--,--,--,--,0.574400007724762,0.9800000190734863,0.7143965363502502
4,1264,0.03598978370428085,-0.05064326524734497,0.1068972572684288,0.5699999928474426,0.8399999737739563,--,--,--,--,0.5699999928474426,0.8399999737739563,0.673151433467865
4,1265,0.07137595117092133,-0.15415562689304352,0.07749949395656586,0.5699999928474426,0.7200000286102295,0.5,0.5302322506904602,0.5,0.5518267154693604,0.5808899998664856,0.7124500274658203,0.6452810168266296
4,1266,0.3182642161846161,-0.008589532226324081,0.48719102144241333,0.8299999833106995,0.9399999976158142,0.5100774168968201,0.5251935720443726,0.5172755718231201,0.5431889295578003,0.838379979133606,0.9345200061798096,0.8890763521194458
4,1267,0.1531885415315628,-0.004887244198471308,0.2959422767162323,0.5899999737739563,0.6600000262260437,0.5906968116760254,0.6108516454696655,0.6554802060127258,0.6900313496589661,0.598609983921051,0.7729700207710266,0.6819511651992798
4,1268,0.36116260290145874,-0.00972641073167324,0.5481877326965332,0.9200000166893005,0.9900000095367432,0.5,0.5,0.5,0.5,0.9235799908638,0.9852799773216248,0.9593302011489868
4,1269,0.34042856097221375,-0.006120462901890278,0.5120948553085327,0.8799999952316284,0.9599999785423279,0.5050387382507324,0.5151161551475525,0.5086377859115601,0.5259133577346802,0.8859800100326538,0.9559800028800964,0.9210159778594971
4,1270,0.10084496438503265,-0.006465024780482054,0.20198114216327667,0.699999988079071,0.9300000071525574,--,--,--,--,0.7073100209236145,0.9300000071525574,0.825402557849884
4,1271,0.08978353440761566,-0.009756635874509811,0.15851742029190063,0.6399999856948853,0.8700000047683716,--,--,--,--,0.6474300026893616,0.8700000047683716,0.7710511684417725
4,1272,0.07838084548711777,-0.022935228422284126,0.1415228396654129,0.6100000143051147,0.9100000262260437,--,--,--,--,0.6100000143051147,0.8995199799537659,0.7489224672317505
4,1273,0.10186527669429779,-0.03424510359764099,0.20204773545265198,0.6700000166893005,0.8600000143051147,--,--,--,--,0.6797900199890137,0.8480799794197083,0.7826301455497742
4,1274,0.05855473503470421,-0.045485664159059525,0.1302342712879181,0.550000011920929,0.8500000238418579,--,--,--,--,0.5644000172615051,0.8500000238418579,0.7179796099662781
4,1275,0.07995583117008209,-0.00801406241953373,0.12726619839668274,0.7200000286102295,0.8399999737739563,--,--,--,--,0.7200000286102295,0.835319995880127,0.7609947323799133
4,1276,0.09746899455785751,-0.05206763744354248,0.24358589947223663,0.5199999809265137,0.9399999976158142,--,--,--,--,0.539359986782074,0.9399999976158142,0.7890585064888
4,1277,0.08082631975412369,-0.24603351950645447,0.05729040503501892,0.5099999904632568,0.6600000262260437,--,--,--,--,0.5099999904632568,0.653219997882843,0.582245409488678
4,1278,0.07579604536294937,-0.0742107629776001,0.1785554438829422,0.5199999809265137,0.8799999952316284,--,--,--,--,0.5336700081825256,0.8799999952316284,0.7088820338249207
4,1279,0.08584614843130112,-0.009083453565835953,0.14044742286205292,0.6600000262260437,0.8799999952316284,--,--,--,--,0.6600000262260437,0.8743100166320801,0.7713228464126587
4,1280,0.10355308651924133,-0.21453917026519775,0.07935093343257904,0.5099999904632568,0.6000000238418579,0.5852890610694885,0.6177801489830017,0.6919004321098328,0.765005350112915,0.5099999904632568,0.7030199766159058,0.607154905796051
4,1281,0.176758274435997,-0.0412234403192997,0.2997017204761505,0.6499999761581421,0.9100000262260437,0.5,0.5121841430664062,0.5,0.5274143218994141,0.658810019493103,0.9100000262260437,0.796139121055603
4,1282,0.18456552922725677,-0.0448603555560112,0.31787219643592834,0.6299999952316284,0.9700000286102295,0.5040614008903503,0.5081227421760559,0.5091381072998047,0.5182762145996094,0.641510009765625,0.9700000286102295,0.8201625943183899
4,1283,0.1740187108516693,-0.017081113532185555,0.3303905427455902,0.6499999761581421,0.75,0.5365524888038635,0.5690435171127319,0.582243025302887,0.6553479433059692,0.6535599827766418,0.7806400060653687,0.7341102957725525
4,1284,0.28762856125831604,-0.010529723018407822,0.4645470976829529,0.8600000143051147,0.9599999785423279,0.5,0.5081227421760559,0.5,0.5182762145996094,0.8600000143051147,0.9566299915313721,0.9072883725166321
4,1285,0.34405794739723206,0.0,0.5027948617935181,0.7799999713897705,0.8700000047683716,0.5319063663482666,0.5797659158706665,0.5241243243217468,0.5603108406066895,0.7799999713897705,0.8882700204849243,0.8579189777374268
4,1286,0.23060736060142517,-0.045117974281311035,0.3386186361312866,0.6700000166893005,1.0,0.5,0.5,0.5,0.5,0.6700000166893005,1.0,0.8514194488525391
4,1287,0.3094877302646637,-0.029610009863972664,0.4974782466888428,0.699999988079071,0.8600000143051147,0.5398829579353333,0.5957190990447998,0.5301554203033447,0.5723729729652405,0.699999988079071,0.8930000066757202,0.835964024066925
4,1288,0.3814226984977722,0.0,0.5820167064666748,0.8399999737739563,0.8700000047683716,0.5877425074577332,0.5877425074577332,0.5663419365882874,0.5663419365882874,0.8399999737739563,0.9753299951553345,0.9139847159385681
4,1289,0.08502093702554703,-0.05480845645070076,0.13136279582977295,0.5400000214576721,0.9800000190734863,0.5,0.5079765915870667,0.5,0.5060310959815979,0.5400000214576721,0.9800000190734863,0.7406747341156006
4,1290,0.07949506491422653,-0.027821708470582962,0.12507960200309753,0.6499999761581421,0.9800000190734863,--,--,--,--,0.6499999761581421,0.9800000190734863,0.855536699295044
4,1291,0.03525368869304657,-0.07318820804357529,0.10368989408016205,0.5199999809265137,0.8600000143051147,--,--,--,--,0.5199999809265137,0.8600000143051147,0.700067400932312
4,1292,0.062851682305336,0.0,0.12757404148578644,0.6399999856948853,0.9300000071525574,--,--,--,--,0.6438699960708618,0.9300000071525574,0.7765581607818604
4,1293,0.059059612452983856,-0.040344927459955215,0.12296253442764282,0.6000000238418579,0.949999988079071,--,--,--,--,0.6000000238418579,0.949999988079071,0.7830483317375183
4,1294,0.0833556056022644,-0.021979860961437225,0.1479046642780304,0.6899999976158142,0.9599999785423279,--,--,--,--,0.6899999976158142,0.9599999785423279,0.8568267226219177
4,1295,0.0700739249587059,-0.11560598015785217,0.11492867767810822,0.5199999809265137,0.7599999904632568,0.530219316482544,0.584614098072052,0.5398345589637756,0.6115368008613586,0.5199999809265137,0.7534499764442444,0.6509231328964233
4,1296,0.12421435862779617,-0.027784744277596474,0.18206824362277985,0.6299999952316284,0.9800000190734863,0.5,0.5060438513755798,0.5,0.507966935634613,0.6299999952316284,0.9702900052070618,0.7918234467506409
4,1297,0.1832282543182373,-0.02007814683020115,0.2824418246746063,0.7200000286102295,0.9700000286102295,0.5,0.5181316137313843,0.5,0.5239007472991943,0.7200000286102295,0.9630799889564514,0.8381755948066711
4,1298,0.07378435879945755,-0.030095167458057404,0.1320032924413681,0.5799999833106995,0.8899999856948853,0.5181316137313843,0.5241754651069641,0.5239007472991943,0.5318676233291626,0.5799999833106995,0.8814299702644348,0.72994065284729
4,1299,0.270659476518631,-0.003574341768398881,0.442018985748291,0.8100000023841858,0.8999999761581421,0.5241754651069641,0.5483509302139282,0.5318676233291626,0.56373530626297,0.8125699758529663,0.8999999761581421,0.8716400265693665
4,1300,0.18787714838981628,-0.013815585523843765,0.3058752119541168,0.8299999833106995,1.0,--,--,--,--,0.84757000207901,0.995169997215271,0.9376121163368225
4,1301,0.08401563763618469,-0.004556030035018921,0.12861452996730804,0.5299999713897705,0.9800000190734863,--,--,--,--,0.5402600169181824,0.9800000190734863,0.7523412704467773
4,1302,0.10805001109838486,-0.050319183617830276,0.21322551369667053,0.6299999952316284,0.8799999952316284,--,--,--,--,0.6299999952316284,0.865909993648529,0.7786151766777039
4,1303,0.08897911012172699,-0.006158572621643543,0.1298205852508545,0.5899999737739563,0.8700000047683716,--,--,--,--,0.5972399711608887,0.8670600056648254,0.7322292923927307
4,1304,0.0829005017876625,-0.06542294472455978,0.1672346591949463,0.5799999833106995,0.9599999785423279,--,--,--,--,0.6000000238418579,0.9385700225830078,0.7707616686820984
4,1305,0.08732520788908005,-0.04878600314259529,0.18447402119636536,0.5600000023841858,0.9399999976158142,0.5055374503135681,0.5083061456680298,0.5192181468009949,0.5288271903991699,0.5773000121116638,0.9258300065994263,0.7557441592216492
4,1306,0.049256447702646255,-0.07099010050296783,0.09127011895179749,0.5799999833106995,0.6299999952316284,0.527687132358551,0.5553743243217468,0.5960906744003296,0.692181408405304,0.5835199952125549,0.6873400211334229,0.6426447033882141
4,1307,0.20028814673423767,0.0,0.32105252146720886,0.7400000095367432,0.7599999904632568,0.5055374503135681,0.5664491653442383,0.5192181468009949,0.7306176424026489,0.7417899966239929,0.8303099870681763,0.7810840606689453
4,1308,0.07445435225963593,-0.04578736424446106,0.14461588859558105,0.550000011920929,0.8700000047683716,0.5138435959815979,0.5166122913360596,0.5480453372001648,0.5576544404029846,0.5649200081825256,0.8584100008010864,0.7238616347312927
4,1309,0.12472333014011383,-0.039368823170661926,0.2788240313529968,0.5899999737739563,0.8600000143051147,0.5055374503135681,0.5249184370040894,0.5192181468009949,0.5864816308021545,0.6007699966430664,0.8485000133514404,0.7405387759208679
4,1310,0.019001273438334465,-0.037678081542253494,0.05642544478178024,0.6200000047683716,0.9200000166893005,--,--,--,--,0.6200000047683716,0.9200000166893005,0.8096774816513062
4,1311,0.040600694715976715,-0.040949463844299316,0.12623465061187744,0.6499999761581421,1.0,--,--,--,--,0.6668400168418884,1.0,0.8344889879226685
4,1312,0.02108927257359028,-0.03796364367008209,0.062382765114307404,0.5699999928474426,0.8299999833106995,--,--,--,--,0.5699999928474426,0.8299999833106995,0.7399763464927673
4,1313,0.020910190418362617,-0.050733376294374466,0.026482556015253067,0.6399999856948853,0.8399999737739563,--,--,--,--,0.6399999856948853,0.8360900282859802,0.7352217435836792
4,1314,0.03639068454504013,-0.03939032927155495,0.06955058127641678,0.6399999856948853,0.8999999761581421,--,--,--,--,0.6399999856948853,0.8999999761581421,0.7229151129722595
4,1315,0.031394727528095245,-0.0669051855802536,0.07105385512113571,0.550000011920929,0.9800000190734863,--,--,--,--,0.5682399868965149,0.9589300155639648,0.7507839202880859
4,1316,0.0541827417910099,-0.011352152563631535,0.11959061771631241,0.6100000143051147,0.8999999761581421,--,--,--,--,0.6204500198364258,0.8999999761581421,0.764406144618988
4,1317,0.046140559017658234,-0.01917165145277977,0.0926191657781601,0.8399999737739563,0.9900000095367432,--,--,--,--,0.8429800271987915,0.9900000095367432,0.899013340473175
4,1318,0.02183825522661209,-0.052246175706386566,0.018979093059897423,0.6600000262260437,0.9300000071525574,--,--,--,--,0.6600000262260437,0.9225599765777588,0.7939086556434631
4,1319,0.03380366042256355,-0.042798519134521484,0.09131646156311035,0.5,1.0,--,--,--,--,0.5136299729347229,1.0,0.737683117389679
4,1320,0.027856336906552315,-0.04525856673717499,0.08311796188354492,0.550000011920929,0.7300000190734863,--,--,--,--,0.550000011920929,0.722599983215332,0.6421859860420227
4,1321,0.047751929610967636,-0.03061705268919468,0.10286172479391098,0.5099999904632568,0.949999988079071,--,--,--,--,0.521399974822998,0.949999988079071,0.8052752017974854
4,1322,0.04770168662071228,-0.01569429226219654,0.08154784142971039,0.6000000238418579,0.9599999785423279,--,--,--,--,0.6035500168800354,0.9599999785423279,0.7705299258232117
4,1323,0.05506893992424011,-0.04537811130285263,0.13132594525814056,0.5099999904632568,0.9900000095367432,--,--,--,--,0.5197299718856812,0.9900000095367432,0.7354961633682251
4,1324,0.055252864956855774,-0.055294666439294815,0.13930200040340424,0.5199999809265137,0.9300000071525574,--,--,--,--,0.5323399901390076,0.911620020866394,0.7249911427497864
4,1325,0.03283175081014633,-0.04259195923805237,0.07716146856546402,0.5099999904632568,0.9100000262260437,--,--,--,--,0.5099999904632568,0.9031000137329102,0.6770732402801514
4,1326,0.04038042202591896,-0.059645384550094604,0.10193842649459839,0.550000011920929,0.8500000238418579,--,--,--,--,0.550000011920929,0.8409199714660645,0.699776828289032
4,1327,0.048159126192331314,-0.05893435329198837,0.1215081661939621,0.5400000214576721,0.9900000095367432,--,--,--,--,0.5534899830818176,0.9685400128364563,0.7322701215744019
4,1328,0.051122456789016724,-0.02274036966264248,0.10015097260475159,0.6499999761581421,0.800000011920929,--,--,--,--,0.6570500135421753,0.7955099940299988,0.7350391149520874
4,1329,0.057340577244758606,-0.01986231841146946,0.1023864895105362,0.6600000262260437,0.7799999713897705,--,--,--,--,0.665690004825592,0.7764000296592712,0.7275592684745789
4,1330,0.24049752950668335,-0.025512950494885445,0.3558838963508606,0.6100000143051147,0.8399999737739563,0.5485548973083496,0.5763005614280701,0.5504224300384521,0.5792351961135864,0.6100000143051147,0.832069993019104,0.7580795884132385
4,1331,0.23855407536029816,-0.006506924517452717,0.3234149217605591,0.6499999761581421,0.9700000286102295,0.5138728618621826,0.5208092331886292,0.5144063830375671,0.5216096043586731,0.6610299944877625,0.9700000286102295,0.8187827467918396
4,1332,0.32663458585739136,0.0,0.442099004983902,0.75,0.9599999785423279,0.5208092331886292,0.5208092331886292,0.5216096043586731,0.5216096043586731,0.75,0.9527599811553955,0.8661662936210632
4,1333,0.1955396682024002,0.0,0.2469789683818817,0.7200000286102295,0.7300000190734863,0.5,0.5069364309310913,0.5,0.507203221321106,0.7200000286102295,0.7296900153160095,0.726835310459137
4,1334,0.3385632336139679,0.0,0.45791372656822205,0.7699999809265137,0.9200000166893005,0.5138728618621826,0.5277456641197205,0.5144063830375671,0.528812825679779,0.7699999809265137,0.9148300290107727,0.856101930141449
4,1335,0.04931219294667244,-0.13133855164051056,0.07172942906618118,0.5099999904632568,0.699999988079071,--,--,--,--,0.5104900002479553,0.699999988079071,0.6029954552650452
4,1336,0.02972348965704441,-0.058290958404541016,0.07496929168701172,0.5600000023841858,0.75,--,--,--,--,0.5600799918174744,0.75,0.6350663304328918
4,1337,0.145656555891037,-0.028113199397921562,0.2397254854440689,0.7099999785423279,1.0,--,--,--,--,0.7267500162124634,0.996209979057312,0.8948534727096558
4,1338,0.027352534234523773,-0.06882774084806442,0.09661193192005157,0.5,0.7900000214576721,--,--,--,--,0.5086399912834167,0.7900000214576721,0.6250856518745422
4,1339,0.09242666512727737,-0.01415869127959013,0.1330592781305313,0.6499999761581421,0.9300000071525574,--,--,--,--,0.6499999761581421,0.9203400015830994,0.7754771113395691
4,1340,0.04222874343395233,-0.05759667232632637,0.12094437330961227,0.5899999737739563,0.8399999737739563,--,--,--,--,0.6049799919128418,0.824150025844574,0.6908230185508728
4,1341,0.02842993475496769,-0.03664514049887657,0.05513763055205345,0.6000000238418579,0.9100000262260437,--,--,--,--,0.6000000238418579,0.9023399949073792,0.7597617506980896
4,1342,0.08524993062019348,-0.0035813453141599894,0.14027626812458038,0.7900000214576721,0.8999999761581421,--,--,--,--,0.7909700274467468,0.8999999761581421,0.8435817956924438
4,1343,0.04682166501879692,-0.018062442541122437,0.08718706667423248,0.5899999737739563,0.8199999928474426,--,--,--,--,0.5899999737739563,0.8199999928474426,0.7142036557197571
4,1344,0.06932159513235092,-0.010799509473145008,0.11586944013834,0.7699999809265137,0.9200000166893005,--,--,--,--,0.7731900215148926,0.9200000166893005,0.822549045085907
4,1345,0.04367360472679138,-0.038104478269815445,0.08334498107433319,0.5600000023841858,0.8100000023841858,--,--,--,--,0.5735899806022644,0.8100000023841858,0.690335750579834
4,1346,0.03485403209924698,-0.09128754585981369,0.03911434859037399,0.5199999809265137,0.9200000166893005,--,--,--,--,0.5199999809265137,0.8996099829673767,0.6561003923416138
4,1347,0.051924481987953186,-0.015118170529603958,0.0906258225440979,0.6100000143051147,0.9900000095367432,--,--,--,--,0.6100000143051147,0.9900000095367432,0.8509690761566162
4,1348,0.039525844156742096,-0.03466668725013733,0.06565879285335541,0.6299999952316284,0.8999999761581421,--,--,--,--,0.6299999952316284,0.8913099765777588,0.7695735692977905
4,1349,0.06830472499132156,-0.025832783430814743,0.11739134043455124,0.6399999856948853,0.8100000023841858,--,--,--,--,0.6510300040245056,0.8001300096511841,0.7491486072540283
4,1350,0.11215407401323318,-0.030336443334817886,0.2071516066789627,0.550000011920929,0.75,0.5633821487426758,0.5905458927154541,0.5297103524208069,0.5424433946609497,0.550000011920929,0.7372499704360962,0.6878054141998291
4,1351,0.3405413329601288,-0.012285398319363594,0.4950563907623291,0.7400000095367432,0.8899999856948853,0.5362183451652527,0.5724366903305054,0.5169773697853088,0.5339547395706177,0.7400000095367432,0.8803899884223938,0.8418266773223877
4,1352,0.2010859251022339,0.0,0.4549195468425751,0.5799999833106995,0.6100000143051147,0.807856023311615,0.807856023311615,0.6443074941635132,0.6443074941635132,0.5844500064849854,0.8724499940872192,0.7238771915435791
4,1353,0.18082208931446075,-0.03134885057806969,0.2553029954433441,0.550000011920929,0.9800000190734863,0.5090546011924744,0.5090546011924744,0.504244327545166,0.504244327545166,0.550000011920929,0.9501199722290039,0.780293345451355
4,1354,0.2230192869901657,0.0,0.39784279465675354,0.6000000238418579,0.7699999809265137,0.6448734402656555,0.6448734402656555,0.5679094195365906,0.5679094195365906,0.6141600012779236,0.8112800121307373,0.741486668586731
4,1355,0.07817161083221436,-0.024435756728053093,0.16025421023368835,0.5699999928474426,0.9599999785423279,--,--,--,--,0.5699999928474426,0.952530026435852,0.7917344570159912
4,1356,0.0951840803027153,-0.031256914138793945,0.16881239414215088,0.5199999809265137,1.0,--,--,--,--,0.5199999809265137,1.0,0.7980955243110657
4,1357,0.08246242254972458,-0.035296883434057236,0.16007570922374725,0.5400000214576721,0.9900000095367432,--,--,--,--,0.5706300139427185,0.9778299927711487,0.8083978891372681
4,1358,0.10205098241567612,-0.049488186836242676,0.22119148075580597,0.5799999833106995,0.9300000071525574,--,--,--,--,0.5799999833106995,0.9134899973869324,0.8097286224365234
4,1359,0.09100745618343353,-0.03421782702207565,0.16428311169147491,0.5099999904632568,0.9599999785423279,--,--,--,--,0.5099999904632568,0.9290099740028381,0.7661612033843994
4,1360,0.13303832709789276,-0.055948395282030106,0.21684791147708893,0.5600000023841858,0.9900000095367432,0.5,0.5050932168960571,0.5,0.5086057782173157,0.5861700177192688,0.9728099703788757,0.7728880047798157
4,1361,0.2552269995212555,-0.005501401145011187,0.46090206503868103,0.5400000214576721,0.699999988079071,0.6375166177749634,0.6477030515670776,0.7323557138442993,0.7495672106742859,0.5541099905967712,0.8482300043106079,0.7236651182174683
4,1362,0.28989270329475403,0.0,0.4563206732273102,0.6899999976158142,0.7200000286102295,0.5763981342315674,0.6171438097953796,0.6290864944458008,0.6979326605796814,0.6948500275611877,0.8454700112342834,0.7750853300094604
4,1363,0.2206587940454483,-0.03363519534468651,0.3404585123062134,0.7200000286102295,0.9700000286102295,0.5,0.5,0.5,0.5,0.7351700067520142,0.9599800109863281,0.8425878882408142
4,1364,0.1717861443758011,-0.009838552214205265,0.29080677032470703,0.5899999737739563,0.6800000071525574,0.561118483543396,0.5865845680236816,0.6032692193984985,0.6462980508804321,0.594730019569397,0.7551199793815613,0.6912758350372314
4,1365,0.2657288908958435,-0.014136743731796741,0.3783283829689026,0.6899999976158142,0.8600000143051147,0.5081373453140259,0.6139227151870728,0.505812406539917,0.5813733339309692,0.6899999976158142,0.8506100177764893,0.8062794208526611
4,1366,0.26154598593711853,-0.015150478109717369,0.37594735622406006,0.7300000190734863,0.9399999976158142,0.5081373453140259,0.5162746906280518,0.505812406539917,0.5116247534751892,0.7300000190734863,0.9274600148200989,0.8487699031829834
4,1367,0.36372271180152893,-0.0016856614965945482,0.5265007615089417,0.8799999952316284,0.9100000262260437,0.5325493216514587,0.5406866669654846,0.5232495069503784,0.5290619134902954,0.8799999952316284,0.9284899830818176,0.9104976058006287
4,1368,0.13023261725902557,-0.030261557549238205,0.23617582023143768,0.5199999809265137,0.8799999952316284,0.5325493216514587,0.5895106792449951,0.5232495069503784,0.563936173915863,0.5199999809265137,0.8591300249099731,0.739011824131012
4,1369,0.07938282936811447,-0.01049111783504486,0.2372504323720932,0.5899999737739563,0.5899999737739563,0.597648024559021,0.8254933953285217,0.56974858045578,0.7324952483177185,0.5899999737739563,0.8031899929046631,0.672809362411499
4,1370,0.1289932131767273,-0.010687485337257385,0.21306772530078888,0.7699999809265137,0.9800000190734863,--,--,--,--,0.7833499908447266,0.9800000190734863,0.9124462008476257
4,1371,0.06832721084356308,-0.03898365795612335,0.14542774856090546,0.5600000023841858,0.9599999785423279,--,--,--,--,0.5600000023841858,0.947950005531311,0.7930499911308289
4,1372,0.05226020887494087,-0.025320405140519142,0.13198117911815643,0.5400000214576721,0.8399999737739563,--,--,--,--,0.5568900108337402,0.8399999737739563,0.7291897535324097
4,1373,0.1145225465297699,-0.015271169133484364,0.19212663173675537,0.7200000286102295,0.9200000166893005,--,--,--,--,0.7200000286102295,0.9078800082206726,0.8314393758773804
4,1374,0.12775911390781403,-0.0032679017167538404,0.19628289341926575,0.75,0.8500000238418579,--,--,--,--,0.7544000148773193,0.8479899764060974,0.8100157380104065
4,1375,0.26232072710990906,0.0,0.4067618250846863,0.8199999928474426,0.9599999785423279,0.5,0.5101359486579895,0.5,0.5282358527183533,0.8199999928474426,0.9599999785423279,0.8909431099891663
4,1376,0.09758204966783524,-0.06670680642127991,0.14524392783641815,0.550000011920929,0.9399999976158142,0.5033786296844482,0.5101359486579895,0.5094119310379028,0.5282358527183533,0.550000011920929,0.9399999976158142,0.7426915764808655
4,1377,0.07576615363359451,-0.051577527076005936,0.10796262323856354,0.5799999833106995,0.8299999833106995,0.5135145783424377,0.520271897315979,0.5376477837562561,0.5564717054367065,0.5799999833106995,0.8299999833106995,0.7122294306755066
4,1378,0.2519141733646393,0.0,0.381012886762619,0.8299999833106995,0.8999999761581421,0.5,0.5033786296844482,0.5,0.5094119310379028,0.8299999833106995,0.8999999761581421,0.8673835396766663
4,1379,0.26232120394706726,-0.4969348609447479,0.0031623828690499067,0.5600000023841858,0.5899999737739563,0.5236505270004272,0.5540583729743958,0.5658836364746094,0.6505911350250244,0.5600000023841858,0.6403800249099731,0.6020827889442444
4,1380,0.055408865213394165,-0.06309764087200165,0.12087003886699677,0.5199999809265137,0.9399999976158142,--,--,--,--,0.540090024471283,0.922249972820282,0.7451606392860413
4,1381,0.05054088681936264,-0.05186888948082924,0.09896810352802277,0.5400000214576721,0.9200000166893005,--,--,--,--,0.5568000078201294,0.9022899866104126,0.7517023086547852
4,1382,0.055642444640398026,-0.04968862235546112,0.10469501465559006,0.5699999928474426,0.9900000095367432,--,--,--,--,0.5881900191307068,0.9702000021934509,0.7865692377090454
4,1383,0.02980414777994156,-0.027067022398114204,0.07047916203737259,0.6100000143051147,0.9300000071525574,--,--,--,--,0.6175199747085571,0.9300000071525574,0.729317307472229
4,1384,0.05318719148635864,-0.04494783654808998,0.12434416264295578,0.550000011920929,0.9599999785423279,--,--,--,--,0.550000011920929,0.9483399987220764,0.7833589315414429
4,1385,0.12128772586584091,-0.053592000156641006,0.1820320338010788,0.5600000023841858,0.9599999785423279,0.5,0.5,0.5099999904632568,0.5299999713897705,0.577019989490509,0.9409099817276001,0.7490233778953552
4,1386,0.2283206284046173,-0.029575854539871216,0.34965139627456665,0.699999988079071,0.9100000262260437,0.5,0.5,0.5199999809265137,0.5400000214576721,0.709119975566864,0.9000499844551086,0.805594265460968
4,1387,0.2649359107017517,-0.02240670844912529,0.4217139184474945,0.6800000071525574,0.8199999928474426,0.5,0.5,0.5299999713897705,0.6600000262260437,0.6868000030517578,0.8136500120162964,0.7746248841285706
4,1388,0.10575036704540253,-0.048643361777067184,0.16620470583438873,0.5799999833106995,0.8100000023841858,0.5,0.5,0.5299999713897705,0.5799999833106995,0.5902000069618225,0.7991899847984314,0.7028220891952515
4,1389,0.16386868059635162,-0.008497648872435093,0.37241026759147644,0.5400000214576721,0.550000011920929,0.5,0.5,0.8399999737739563,0.8399999737739563,0.5418199896812439,0.7918699979782104,0.6567368507385254
4,1390,0.32575851678848267,-0.0079096220433712,0.49104034900665283,0.75,0.8600000143051147,0.5979876518249512,0.6273839473724365,0.5199604630470276,0.5259485840797424,0.75,0.915149986743927,0.8599820137023926
4,1391,0.34839847683906555,0.0,0.5153697729110718,0.8600000143051147,0.9700000286102295,0.5097987651824951,0.5195975303649902,0.5019960403442383,0.5039920806884766,0.8685100078582764,0.9700000286102295,0.9224629402160645
4,1392,0.11833541840314865,-0.10283295810222626,0.19281932711601257,0.5199999809265137,0.9599999785423279,0.5097987651824951,0.5293962955474854,0.5019960403442383,0.5059881210327148,0.5199999809265137,0.9277499914169312,0.7485817670822144
4,1393,0.32850539684295654,-0.003289114683866501,0.49405282735824585,0.75,0.800000011920929,0.6469814777374268,0.6567802429199219,0.529940664768219,0.5319367051124573,0.75,0.9127600193023682,0.849327802658081
4,1394,0.18457116186618805,-0.013508729636669159,0.2626155614852905,0.5199999809265137,0.8600000143051147,0.6077864170074463,0.6077864170074463,0.5219565033912659,0.5219565033912659,0.5476499795913696,0.8600000143051147,0.7436266541481018
4,1395,0.03964543342590332,-0.12139617651700974,0.04786800220608711,0.550000011920929,0.9700000286102295,--,--,--,--,0.5537400245666504,0.93954998254776,0.6943535804748535
4,1396,0.06121616065502167,-0.045082103461027145,0.12872815132141113,0.5799999833106995,0.9599999785423279,--,--,--,--,0.5890499949455261,0.9599999785423279,0.7546169757843018
4,1397,0.050960786640644073,-0.12553755939006805,0.05189455300569534,0.5,0.7400000095367432,--,--,--,--,0.5,0.7307699918746948,0.6377999782562256
4,1398,0.054384421557188034,-0.16651250422000885,0.040758054703474045,0.5400000214576721,0.9100000262260437,--,--,--,--,0.5400000214576721,0.880649983882904,0.6753285527229309
4,1399,0.09226027131080627,-0.005299095995724201,0.15124228596687317,0.8100000023841858,0.9900000095367432,--,--,--,--,0.8100000023841858,0.9900000095367432,0.912052571773529
4,1400,0.0574263259768486,-0.07474981993436813,0.15631791949272156,0.550000011920929,0.9900000095367432,--,--,--,--,0.583899974822998,0.9900000095367432,0.7835010290145874
4,1401,0.06378912925720215,-0.03861137852072716,0.10062632709741592,0.6399999856948853,0.9700000286102295,--,--,--,--,0.6499999761581421,0.9700000286102295,0.7617748975753784
4,1402,0.05601179599761963,-0.04770581051707268,0.14950835704803467,0.5799999833106995,0.9100000262260437,--,--,--,--,0.5799999833106995,0.9100000262260437,0.7499480843544006
4,1403,0.10900505632162094,-0.027925770729780197,0.17199145257472992,0.7300000190734863,0.9900000095367432,--,--,--,--,0.7514700293540955,0.9720600247383118,0.9030647277832031
4,1404,0.0479850172996521,-0.12721386551856995,0.11367878317832947,0.5199999809265137,0.9700000286102295,--,--,--,--,0.5511400103569031,0.9369500279426575,0.71283358335495
4,1405,0.35833296179771423,-0.011615495197474957,0.517602801322937,0.8600000143051147,0.9399999976158142,0.5096432566642761,0.5482162833213806,0.5026471614837646,0.513235867023468,0.8600000143051147,0.9359599947929382,0.916688859462738
4,1406,0.08066456764936447,-0.2277221530675888,0.0655074417591095,0.5699999928474426,0.5899999737739563,0.5096432566642761,0.7217950224876404,0.5026471614837646,0.5608848929405212,0.5699999928474426,0.6974300146102905,0.6362404823303223
4,1407,0.2751827836036682,-0.00310576893389225,0.393117755651474,0.7200000286102295,0.7699999809265137,0.5482162833213806,0.7121517658233643,0.513235867023468,0.5582377314567566,0.7200000286102295,0.8715299963951111,0.8095340728759766
4,1408,0.21519416570663452,-0.01916642114520073,0.29595324397087097,0.6899999976158142,0.9900000095367432,0.5096432566642761,0.5096432566642761,0.5026471614837646,0.5026471614837646,0.7073900103569031,0.9900000095367432,0.8369250893592834
4,1409,0.13503128290176392,-0.026554111391305923,0.17751382291316986,0.5799999833106995,0.9900000095367432,0.5,0.5096432566642761,0.5,0.5026471614837646,0.6036099791526794,0.9900000095367432,0.7765915989875793
4,1410,0.05191617086529732,-0.057288918644189835,0.10882814973592758,0.5199999809265137,0.8299999833106995,--,--,--,--,0.5368000268936157,0.8299999833106995,0.6955138444900513
4,1411,0.038828734308481216,-0.01979253627359867,0.06725607812404633,0.6100000143051147,0.8299999833106995,--,--,--,--,0.6100000143051147,0.8299999833106995,0.7189589142799377
4,1412,0.036602817475795746,-0.0441594198346138,0.06314404308795929,0.5,0.9700000286102295,--,--,--,--,0.5,0.9460499882698059,0.7213724851608276
4,1413,0.03136230632662773,-0.074578657746315,0.060967378318309784,0.6000000238418579,0.9399999976158142,--,--,--,--,0.6034500002861023,0.9197199940681458,0.7017688155174255
4,1414,0.09379591792821884,-0.008294285275042057,0.14874295890331268,0.6200000047683716,0.8999999761581421,--,--,--,--,0.6341300010681152,0.8999999761581421,0.7662868499755859
4,1415,0.2172570675611496,-0.003123679431155324,0.4132053554058075,0.699999988079071,0.75,0.5388057231903076,0.5412310361862183,0.6552227735519409,0.6649242043495178,0.699999988079071,0.8299199938774109,0.7699586153030396
4,1416,0.2481006681919098,-0.00036038862890563905,0.4652421474456787,0.7300000190734863,0.7400000095367432,0.5582085251808167,0.5582085251808167,0.7328342199325562,0.7328342199325562,0.7300000190734863,0.883870005607605,0.7972871661186218
4,1417,0.20092307031154633,-0.030254198238253593,0.3530692160129547,0.6800000071525574,0.9800000190734863,0.5024253726005554,0.5024253726005554,0.5097014307975769,0.5097014307975769,0.6800000071525574,0.9800000190734863,0.8437419533729553
4,1418,0.2168116718530655,-0.008463995531201363,0.36169737577438354,0.7099999785423279,0.9399999976158142,0.5048506855964661,0.5072760581970215,0.5194028615951538,0.5291042923927307,0.7099999785423279,0.9399999976158142,0.8230189085006714
4,1419,0.173040971159935,-0.03978125751018524,0.30309781432151794,0.6200000047683716,0.8199999928474426,0.5169774889945984,0.5388057231903076,0.5679099559783936,0.6552227735519409,0.6200000047683716,0.8199999928474426,0.742371141910553
4,1420,0.16120335459709167,-0.012997053563594818,0.3253421187400818,0.5699999928474426,0.6399999856948853,0.5912895798683167,0.5952586531639099,0.7111071348190308,0.7202857136726379,0.5699999928474426,0.7732300162315369,0.6721176505088806
4,1421,0.1910099983215332,-0.015228986740112305,0.3015027940273285,0.5699999928474426,0.8100000023841858,0.5238146781921387,0.5595366954803467,0.5550714135169983,0.6376785635948181,0.5788599848747253,0.8100000023841858,0.734740674495697
4,1422,0.22363848984241486,-0.021062234416604042,0.3717193901538849,0.6399999856948853,0.7699999809265137,0.5238146781921387,0.571444034576416,0.5550714135169983,0.6652142405509949,0.6399999856948853,0.7724599838256836,0.733315110206604
4,1423,0.20514154434204102,-0.018781153485178947,0.32067081332206726,0.6399999856948853,0.9399999976158142,0.503969132900238,0.5079382061958313,0.5091785788536072,0.5183571577072144,0.6508200168609619,0.9399999976158142,0.8113394379615784
4,1424,0.26703062653541565,-0.012430819682776928,0.4150531589984894,0.7300000190734863,0.9399999976158142,0.5,0.5198455452919006,0.5,0.5458928346633911,0.7376000285148621,0.9399999976158142,0.8540777564048767
4,1425,0.31199517846107483,0.0,0.47230592370033264,0.8399999737739563,0.8600000143051147,0.5,0.5256139039993286,0.5,0.5156182050704956,0.8399999737739563,0.8689500093460083,0.8574819564819336
4,1426,0.2515746057033539,-0.012770384550094604,0.44448477029800415,0.6299999952316284,0.8199999928474426,0.5597657561302185,0.6280694007873535,0.5364425182342529,0.5780910849571228,0.6299999952316284,0.8464199900627136,0.780971884727478
4,1427,0.35630500316619873,0.0,0.5264179706573486,0.9100000262260437,0.9900000095367432,0.5,0.5,0.5,0.5,0.9100000262260437,0.9900000095367432,0.9544231295585632
4,1428,0.3723888397216797,0.0,0.5683532357215881,0.8899999856948853,0.9599999785423279,0.5170758962631226,0.5341518521308899,0.5104121565818787,0.5208243131637573,0.8899999856948853,0.9599999785423279,0.9412534236907959
4,1429,0.12635913491249084,-0.2404133677482605,0.061276987195014954,0.5199999809265137,0.7099999785423279,0.5085379481315613,0.5768416523933411,0.5052060484886169,0.5468546748161316,0.5199999809265137,0.7099999785423279,0.6255649328231812
4,1430,0.09975776076316833,-0.013782382011413574,0.1846027374267578,0.7200000286102295,1.0,--,--,--,--,0.7200000286102295,1.0,0.879266083240509
4,1431,0.02587045356631279,-0.06911009550094604,0.07791932672262192,0.5400000214576721,0.8600000143051147,--,--,--,--,0.5400000214576721,0.8600000143051147,0.630179762840271
4,1432,0.06529127806425095,-0.05415501445531845,0.10140487551689148,0.5899999737739563,0.9800000190734863,--,--,--,--,0.5899999737739563,0.9699900150299072,0.7938668727874756
4,1433,0.06310102343559265,-0.02704603783786297,0.10686499625444412,0.6700000166893005,0.949999988079071,--,--,--,--,0.6700000166893005,0.942080020904541,0.7722235918045044
4,1434,0.06950140744447708,-0.02059858851134777,0.12797389924526215,0.75,0.9599999785423279,--,--,--,--,0.7511299848556519,0.9599999785423279,0.8030660152435303
4,1435,0.06755319237709045,-0.025247201323509216,0.1300199180841446,0.6899999976158142,0.8600000143051147,--,--,--,--,0.6899999976158142,0.8600000143051147,0.7587859034538269
4,1436,0.024269262328743935,-0.053321462124586105,0.0831374078989029,0.5699999928474426,0.9900000095367432,--,--,--,--,0.5699999928474426,0.9900000095367432,0.65479576587677
4,1437,0.09671414643526077,-0.01884937286376953,0.17199093103408813,0.699999988079071,0.949999988079071,--,--,--,--,0.699999988079071,0.949999988079071,0.8625452518463135
4,1438,0.0837600901722908,-0.026026839390397072,0.16859744489192963,0.6499999761581421,1.0,--,--,--,--,0.6499999761581421,0.9911900162696838,0.8308234214782715
4,1439,0.09313305467367172,-0.013439481146633625,0.17459751665592194,0.75,0.9800000190734863,--,--,--,--,0.7572699785232544,0.9800000190734863,0.8645188212394714
4,1440,0.04705681651830673,-0.006455571856349707,0.08118127286434174,0.6600000262260437,0.9599999785423279,--,--,--,--,0.6650300025939941,0.9599999785423279,0.813096821308136
4,1441,0.04951579496264458,-0.04001162573695183,0.11617078632116318,0.5899999737739563,0.9900000095367432,--,--,--,--,0.5899999737739563,0.9900000095367432,0.8474670052528381
4,1442,0.025739111006259918,-0.021253477782011032,0.04476635530591011,0.5299999713897705,0.8100000023841858,--,--,--,--,0.5415099859237671,0.8100000023841858,0.6391874551773071
4,1443,0.03476376459002495,-0.03420606255531311,0.0646669939160347,0.7400000095367432,0.9900000095367432,--,--,--,--,0.7400000095367432,0.9825500249862671,0.8204407095909119
4,1444,0.03361367806792259,-0.057952363044023514,0.06524515897035599,0.5099999904632568,0.8299999833106995,--,--,--,--,0.5099999904632568,0.8200500011444092,0.6412853598594666
4,1445,0.08269741386175156,-0.022702543064951897,0.18577873706817627,0.6800000071525574,0.6899999976158142,0.5096656084060669,0.5579937100410461,0.5025643706321716,0.5153861045837402,0.6800000071525574,0.7071200013160706,0.6940652132034302
4,1446,0.165937602519989,-0.013484707102179527,0.2861440181732178,0.6499999761581421,0.8299999833106995,0.5289968252182007,0.6353186368942261,0.5076930522918701,0.5359008312225342,0.6499999761581421,0.8226500153541565,0.760769784450531
4,1447,0.3207772970199585,-0.010339800268411636,0.5359662771224976,0.8999999761581421,0.9700000286102295,0.5193312168121338,0.5289968252182007,0.5051286816596985,0.5076930522918701,0.8999999761581421,0.9671099781990051,0.940994381904602
4,1448,0.39948737621307373,-0.7799136638641357,0.04723630100488663,0.5099999904632568,0.5600000023841858,0.5483281016349792,0.6933122873306274,0.5128217339515686,0.5512869358062744,0.5128399729728699,0.6204299926757812,0.5680977702140808
4,1449,0.22863276302814484,-0.012730862013995647,0.36536890268325806,0.7599999904632568,0.9599999785423279,0.5096656084060669,0.5193312168121338,0.5025643706321716,0.5051286816596985,0.7599999904632568,0.9513400197029114,0.8623371720314026
4,1450,0.235858753323555,-0.035774797201156616,0.3362289369106293,0.699999988079071,0.8899999856948853,0.5035112500190735,0.5070224404335022,0.5093632936477661,0.5187265872955322,0.7130900025367737,0.8770800232887268,0.8043308854103088
4,1451,0.04809488728642464,-0.029865792021155357,0.14303094148635864,0.5600000023841858,0.6299999952316284,0.5210673809051514,0.584269642829895,0.5561797618865967,0.7247189879417419,0.5655800104141235,0.7329099774360657,0.6553449630737305
4,1452,0.10188325494527817,-0.09572659432888031,0.1920769363641739,0.5199999809265137,0.7400000095367432,0.5245786309242249,0.5596910119056702,0.5655430555343628,0.6591759324073792,0.5357000231742859,0.7394700050354004,0.6812171936035156
4,1453,0.11241190135478973,-0.028385931625962257,0.16120122373104095,0.6600000262260437,0.699999988079071,0.5140449404716492,0.5175561904907227,0.5374531745910645,0.5468164682388306,0.6629700064659119,0.718280017375946,0.6984176635742188
4,1454,0.3938242495059967,-0.007850267924368382,0.5571014285087585,0.8999999761581421,0.9700000286102295,0.5035112500190735,0.5070224404335022,0.5093632936477661,0.5187265872955322,0.9050099849700928,0.9652799963951111,0.9396340847015381
4,1455,0.044591356068849564,-0.008563576266169548,0.07951614260673523,0.6700000166893005,0.8700000047683716,--,--,--,--,0.6762999892234802,0.8700000047683716,0.7855165600776672
4,1456,0.04388042166829109,-0.057218633592128754,0.09844361245632172,0.6100000143051147,0.9800000190734863,--,--,--,--,0.6100000143051147,0.9640200138092041,0.7724788784980774
4,1457,0.024078844115138054,-0.024255158379673958,0.05790066346526146,0.6399999856948853,0.8799999952316284,--,--,--,--,0.6399999856948853,0.8779900074005127,0.7589406371116638
4,1458,0.03179502114653587,-0.03863540291786194,0.07960821688175201,0.5299999713897705,0.8999999761581421,--,--,--,--,0.5299999713897705,0.8938000202178955,0.7319159507751465
4,1459,0.03699941188097,-0.04837273433804512,0.08867856860160828,0.5899999737739563,0.699999988079071,--,--,--,--,0.5899999737739563,0.695330023765564,0.6422955989837646
4,1460,0.048257339745759964,-0.07147425413131714,0.10015963762998581,0.5299999713897705,0.7300000190734863,0.5566991567611694,0.6039484739303589,0.5196266174316406,0.5359821915626526,0.5384500026702881,0.7300000190734863,0.6627025604248047
4,1461,0.34840264916419983,-0.0003534380521159619,0.5142016410827637,0.8999999761581421,0.9200000166893005,0.5188997387886047,0.5283495783805847,0.5065422058105469,0.5098133087158203,0.9009699821472168,0.9310500025749207,0.919613778591156
4,1462,0.13179688155651093,-0.039067693054676056,0.21217215061187744,0.5799999833106995,0.9100000262260437,0.50944983959198,0.5755988955497742,0.5032711029052734,0.5261688232421875,0.5799999833106995,0.8975499868392944,0.7621003985404968
4,1463,0.29614391922950745,-0.0005981180584058166,0.4395734965801239,0.8299999833106995,0.8399999737739563,0.5188997387886047,0.5377994179725647,0.5065422058105469,0.5130844116210938,0.8299999833106995,0.8596500158309937,0.846484899520874
4,1464,0.06205204874277115,-0.12493851780891418,0.10333149880170822,0.5099999904632568,0.6800000071525574,0.5944986343383789,0.6700974702835083,0.5327110290527344,0.5588799118995667,0.5177500247955322,0.698989987373352,0.6487562656402588
4,1465,0.07132472842931747,-0.04408426210284233,0.1637873649597168,0.5400000214576721,1.0,--,--,--,--,0.5400000214576721,0.9814800024032593,0.7850074172019958
4,1466,0.045038145035505295,-0.10968928039073944,0.05252567306160927,0.5,0.7599999904632568,--,--,--,--,0.5,0.7494999766349792,0.6165866851806641
4,1467,0.05276082456111908,-0.09461982548236847,0.13019146025180817,0.5299999713897705,0.7799999713897705,--,--,--,--,0.545710027217865,0.7799999713897705,0.6741382479667664
4,1468,0.10173045098781586,-0.01497623696923256,0.17649391293525696,0.6399999856948853,0.9700000286102295,--,--,--,--,0.6578500270843506,0.9700000286102295,0.835594117641449
4,1469,0.059220604598522186,-0.04862687364220619,0.1203058511018753,0.6299999952316284,0.8399999737739563,--,--,--,--,0.6299999952316284,0.8399999737739563,0.7196491956710815
4,1470,0.0759015902876854,-0.01604161411523819,0.1403389871120453,0.7099999785423279,0.9900000095367432,--,--,--,--,0.7099999785423279,0.9767000079154968,0.8267520666122437
4,1471,0.03636283054947853,-0.0798516720533371,0.08445706218481064,0.5799999833106995,0.8999999761581421,--,--,--,--,0.5799999833106995,0.8868600130081177,0.701778769493103
4,1472,0.0660850927233696,-0.019347205758094788,0.1319684535264969,0.6899999976158142,0.9300000071525574,--,--,--,--,0.6899999976158142,0.918749988079071,0.7708067893981934
4,1473,0.060993775725364685,-0.03429790586233139,0.11245404928922653,0.550000011920929,0.9700000286102295,--,--,--,--,0.5663899779319763,0.9700000286102295,0.7578310966491699
4,1474,0.0705278143286705,-0.014181757345795631,0.13561955094337463,0.6499999761581421,0.8399999737739563,--,--,--,--,0.6499999761581421,0.8319500088691711,0.7585754990577698
4,1475,0.14968241751194,-0.04319409281015396,0.22185572981834412,0.550000011920929,0.8299999833106995,0.5326731204986572,0.5513434410095215,0.5619069337844849,0.597282350063324,0.5704500079154968,0.8123199939727783,0.7169776558876038
4,1476,0.05864955112338066,-0.06712167710065842,0.10315711051225662,0.5,0.7799999713897705,0.5280055403709412,0.5606786012649536,0.5530630946159363,0.6149700284004211,0.5204499959945679,0.7623400092124939,0.6681212782859802
4,1477,0.2682252824306488,-0.016687242314219475,0.4265459179878235,0.5899999737739563,0.75,0.5933517217636108,0.607354462146759,0.676876962184906,0.7034084796905518,0.6042199730873108,0.8303800225257874,0.748299241065979
4,1478,0.20412665605545044,-0.060177117586135864,0.3418768346309662,0.5099999904632568,0.7900000214576721,0.5560110211372375,0.5886841416358948,0.6061261892318726,0.6680331230163574,0.5288800001144409,0.7846599817276001,0.7179118394851685
4,1479,0.21568039059638977,-0.03221231326460838,0.3354574143886566,0.5799999833106995,0.75,0.5466758608818054,0.5933517217636108,0.5884384512901306,0.676876962184906,0.591729998588562,0.7896400094032288,0.7266959547996521
4,1480,0.09561017900705338,-0.04024479165673256,0.14517532289028168,0.550000011920929,0.9200000166893005,0.5081067681312561,0.5486407279968262,0.5058549046516418,0.5351294279098511,0.5728099942207336,0.8976699709892273,0.7243019938468933
4,1481,0.31645023822784424,-0.005686475429683924,0.5175352692604065,0.800000011920929,0.8600000143051147,0.532427191734314,0.5648543238639832,0.5234196186065674,0.5468392372131348,0.8044999837875366,0.8702600002288818,0.8462425470352173
4,1482,0.2062426209449768,-0.05075417831540108,0.33448082208633423,0.6399999856948853,0.9700000286102295,0.5,0.5,0.5,0.5,0.660040020942688,0.9502099752426147,0.8244770765304565
4,1483,0.05541938543319702,-0.047665614634752274,0.12801845371723175,0.5099999904632568,0.699999988079071,0.5648543238639832,0.6297086477279663,0.5468392372131348,0.5936784744262695,0.5220100283622742,0.7041299939155579,0.6557819843292236
4,1484,0.18789176642894745,-0.035403694957494736,0.3786775469779968,0.5400000214576721,0.8299999833106995,0.6297086477279663,0.6297086477279663,0.5936784744262695,0.5936784744262695,0.5601999759674072,0.8130499720573425,0.722243070602417
4,1485,0.3338654637336731,-0.019626056775450706,0.4690529406070709,0.8399999737739563,0.9399999976158142,0.5082404017448425,0.5082404017448425,0.5056653022766113,0.5056653022766113,0.8399999737739563,0.9333699941635132,0.8953946828842163
4,1486,0.1329258382320404,-0.034143876284360886,0.208634153008461,0.5199999809265137,0.9599999785423279,0.5164808630943298,0.5329616665840149,0.5113306045532227,0.5226611495018005,0.550819993019104,0.9599999785423279,0.7597547173500061
4,1487,0.2781905233860016,-0.01259122509509325,0.41555947065353394,0.6800000071525574,0.8500000238418579,0.5082404017448425,0.5906445980072021,0.5056653022766113,0.5623181462287903,0.6930400133132935,0.8500000238418579,0.8010261058807373
4,1488,0.15934473276138306,-0.06677433848381042,0.2368689626455307,0.6000000238418579,0.8899999856948853,0.5,0.5412020683288574,0.5,0.5283264517784119,0.6000000238418579,0.8707200288772583,0.7582563161849976
4,1489,0.3723635673522949,-0.017114797607064247,0.5283176898956299,0.8799999952316284,0.9800000190734863,0.5164808630943298,0.5164808630943298,0.5113306045532227,0.5113306045532227,0.8799999952316284,0.9735900163650513,0.9412733316421509
4,1490,0.047202471643686295,-0.08969270437955856,0.08362015336751938,0.5400000214576721,0.9700000286102295,--,--,--,--,0.5400000214576721,0.9589200019836426,0.761559009552002
4,1491,0.02915104106068611,-0.07736966013908386,0.092524453997612,0.5600000023841858,0.75,--,--,--,--,0.5714499950408936,0.7371199727058411,0.6554669737815857
4,1492,0.03571821004152298,-0.08000419288873672,0.09568244963884354,0.5199999809265137,0.8999999761581421,--,--,--,--,0.5199999809265137,0.8999999761581421,0.7084758281707764
4,1493,0.04090357944369316,-0.029172195121645927,0.06816575676202774,0.6700000166893005,0.8799999952316284,--,--,--,--,0.6700000166893005,0.8667299747467041,0.7193050980567932
4,1494,0.05577244237065315,-0.06214947625994682,0.12469081580638885,0.6200000047683716,1.0,--,--,--,--,0.6200000047683716,0.9826300144195557,0.8140561580657959
4,1495,0.048525456339120865,-0.03204720467329025,0.11680332571268082,0.5299999713897705,0.9900000095367432,--,--,--,--,0.5299999713897705,0.9751099944114685,0.7911773324012756
4,1496,0.039640333503484726,-0.06687995046377182,0.09490884840488434,0.5799999833106995,0.8199999928474426,--,--,--,--,0.5916600227355957,0.8199999928474426,0.7006188631057739
4,1497,0.052911434322595596,-0.06426388770341873,0.12321946769952774,0.5299999713897705,0.9599999785423279,--,--,--,--,0.5299999713897705,0.9454699754714966,0.7702957391738892
4,1498,0.04143214598298073,-0.02285822480916977,0.11551788449287415,0.5199999809265137,0.8799999952316284,--,--,--,--,0.5397199988365173,0.8799999952316284,0.7219142913818359
4,1499,0.0476265586912632,-0.0330907367169857,0.10876628756523132,0.6100000143051147,0.9399999976158142,--,--,--,--,0.6100000143051147,0.9399999976158142,0.7572519779205322
4,1500,0.41542649269104004,-0.00043157910113222897,0.6132590770721436,0.9100000262260437,0.9200000166893005,0.5292757749557495,0.5512325763702393,0.5272567272186279,0.5476992726325989,0.9100000262260437,0.9541000127792358,0.9335780739784241
4,1501,0.27999362349510193,0.0,0.4042107164859772,0.7699999809265137,0.9900000095367432,0.5,0.507318913936615,0.5,0.506814181804657,0.7805600166320801,0.9900000095367432,0.8760591149330139
4,1502,0.11186858266592026,0.0,0.2091204822063446,0.5199999809265137,0.8700000047683716,0.5512325763702393,0.5805083513259888,0.5476992726325989,0.5749560594558716,0.5373799800872803,0.8700000047683716,0.7162200808525085
4,1503,0.19250760972499847,-0.01565553992986679,0.3374658226966858,0.5699999928474426,0.7799999713897705,0.5951462388038635,0.6024651527404785,0.5885844230651855,0.5953986048698425,0.5699999928474426,0.7781999707221985,0.7254975438117981
4,1504,0.2617073357105255,-0.013154612854123116,0.37940555810928345,0.6600000262260437,0.9100000262260437,0.5219568014144897,0.5512325763702393,0.520442545413971,0.5476992726325989,0.6600000262260437,0.8984000086784363,0.8080313801765442
4,1505,0.15377481281757355,-0.06971292197704315,0.23845507204532623,0.5600000023841858,0.949999988079071,0.5354158878326416,0.5442699193954468,0.5185933709144592,0.5232416987419128,0.5600000023841858,0.9281299710273743,0.7828813791275024
4,1506,0.2725192606449127,0.0,0.4530494511127472,0.75,0.7599999904632568,0.6062477231025696,0.6947875618934631,0.5557800531387329,0.6022634506225586,0.7531399726867676,0.9127900004386902,0.8258783221244812
4,1507,0.1981266736984253,-0.005744065623730421,0.340317040681839,0.6600000262260437,0.800000011920929,0.5,0.6593716144561768,0.5,0.5836700797080994,0.6695500016212463,0.8266699910163879,0.7648012042045593
4,1508,0.18954770267009735,-0.0070089735090732574,0.262865275144577,0.5799999833106995,0.7599999904632568,0.5796858072280884,0.7036415338516235,0.5418350696563721,0.6069117784500122,0.5931800007820129,0.7910000085830688,0.7319400310516357
4,1509,0.23783069849014282,0.0,0.3991413414478302,0.6000000238418579,0.7200000286102295,0.7390574216842651,0.7479113936424255,0.6255051493644714,0.630153477191925,0.6115599870681763,0.8966400027275085,0.7717224359512329
4,1510,0.034962307661771774,-0.05962372198700905,0.07599086314439774,0.5099999904632568,0.8999999761581421,0.5,0.5106434226036072,0.5,0.5169327259063721,0.5099999904632568,0.8999999761581421,0.7119930982589722
4,1511,0.06177971139550209,-0.030965277925133705,0.12722700834274292,0.5299999713897705,0.7699999809265137,0.5425737500190735,0.5585388541221619,0.5677309036254883,0.5931299924850464,0.5299999713897705,0.7699999809265137,0.6716678738594055
4,1512,0.10801416635513306,-0.025777116417884827,0.15960682928562164,0.5199999809265137,0.9100000262260437,0.5266085863113403,0.5319302678108215,0.5423318147659302,0.5507981777191162,0.5199999809265137,0.9100000262260437,0.7248042821884155
4,1513,0.3349839746952057,0.0,0.5134947896003723,0.9100000262260437,0.9599999785423279,0.5,0.5159651637077332,0.5,0.5253990888595581,0.9100000262260437,0.9599999785423279,0.9381588101387024
4,1514,0.12879346311092377,-0.022447824478149414,0.2259049415588379,0.5699999928474426,0.75,0.5372520089149475,0.6117560267448425,0.5592645406723022,0.6777936816215515,0.5699999928474426,0.75,0.6947904825210571
4,1515,0.02803998440504074,-0.025120608508586884,0.05544126406311989,0.5400000214576721,0.7599999904632568,--,--,--,--,0.5499100089073181,0.7599999904632568,0.6860516667366028
4,1516,0.09544064104557037,0.0,0.15596607327461243,0.6100000143051147,0.9700000286102295,--,--,--,--,0.6209800243377686,0.9700000286102295,0.783393383026123
4,1517,0.04219885915517807,-0.0678790956735611,0.1057385727763176,0.5699999928474426,0.8299999833106995,--,--,--,--,0.5699999928474426,0.8146399855613708,0.7012624740600586
4,1518,0.05205187201499939,-0.026932252570986748,0.1054823100566864,0.5799999833106995,0.9599999785423279,--,--,--,--,0.5799999833106995,0.9550399780273438,0.7968672513961792
4,1519,0.05859540030360222,-0.011546134948730469,0.09010505676269531,0.6499999761581421,1.0,--,--,--,--,0.6566699743270874,1.0,0.8084607720375061
4,1520,0.06605847179889679,-0.06724998354911804,0.11604341864585876,0.5199999809265137,0.9100000262260437,--,--,--,--,0.5199999809265137,0.9052000045776367,0.768989086151123
4,1521,0.032161157578229904,-0.09447677433490753,0.046839334070682526,0.5,0.8299999833106995,--,--,--,--,0.5,0.8207600116729736,0.6577441692352295
4,1522,0.031026789918541908,-0.045637454837560654,0.05400495231151581,0.5199999809265137,0.8600000143051147,--,--,--,--,0.5199999809265137,0.8600000143051147,0.6627287864685059
4,1523,0.044098999351263046,-0.03906809538602829,0.07357536256313324,0.5699999928474426,0.8899999856948853,--,--,--,--,0.5823299884796143,0.8899999856948853,0.6934778094291687
4,1524,0.06465352326631546,-0.04854460060596466,0.13678383827209473,0.6100000143051147,0.9800000190734863,--,--,--,--,0.6100000143051147,0.9644399881362915,0.7863558530807495
4,1525,0.05584443360567093,-0.022333703935146332,0.09288647025823593,0.6600000262260437,0.8799999952316284,--,--,--,--,0.6600000262260437,0.8799999952316284,0.7322947978973389
4,1526,0.06195438653230667,-0.09557133167982101,0.12513385713100433,0.5199999809265137,0.9300000071525574,--,--,--,--,0.5398399829864502,0.9300000071525574,0.7436018586158752
4,1527,0.07881727814674377,-0.04114100709557533,0.15534070134162903,0.6399999856948853,0.8799999952316284,--,--,--,--,0.6399999856948853,0.8688399791717529,0.8022418022155762
4,1528,0.08422064036130905,-0.03355639427900314,0.1739603579044342,0.7599999904632568,0.9100000262260437,--,--,--,--,0.7599999904632568,0.9100000262260437,0.8582848906517029
4,1529,0.02208731882274151,-0.05498571693897247,0.05621336027979851,0.5099999904632568,0.7799999713897705,--,--,--,--,0.5099999904632568,0.7799999713897705,0.6693722009658813
4,1530,0.13252754509449005,0.0,0.19472111761569977,0.6399999856948853,0.8199999928474426,0.5143797397613525,0.5287595391273499,0.5139004588127136,0.5278008580207825,0.6399999856948853,0.8199999928474426,0.7298372387886047
4,1531,0.08501607924699783,-0.008862602524459362,0.13315896689891815,0.5299999713897705,0.9900000095367432,0.5,0.5071898698806763,0.5,0.5069501996040344,0.5299999713897705,0.9900000095367432,0.7421010136604309
4,1532,0.1315901130437851,-0.00962601788341999,0.21032823622226715,0.6000000238418579,0.949999988079071,0.5143797397613525,0.5215696692466736,0.5139004588127136,0.520850658416748,0.6000000238418579,0.949999988079071,0.7666702270507812
4,1533,0.1638174057006836,-0.027963588014245033,0.25568687915802,0.550000011920929,0.9300000071525574,0.5215696692466736,0.5287595391273499,0.520850658416748,0.5278008580207825,0.550000011920929,0.9300000071525574,0.7645149230957031
4,1534,0.2737887501716614,-0.000268485804554075,0.4394838809967041,0.800000011920929,0.949999988079071,0.5,0.5287595391273499,0.5,0.5278008580207825,0.800000011920929,0.949999988079071,0.8739477396011353
4,1535,0.03749261051416397,-0.12246128916740417,0.0907130166888237,0.5299999713897705,0.9200000166893005,--,--,--,--,0.5400000214576721,0.9200000166893005,0.7229892611503601
4,1536,0.029167484492063522,-0.05189138650894165,0.057512857019901276,0.6499999761581421,0.9300000071525574,--,--,--,--,0.6499999761581421,0.9154800176620483,0.7437290549278259
4,1537,0.025886772200465202,-0.05536261573433876,0.032213304191827774,0.5400000214576721,0.9399999976158142,--,--,--,--,0.5400000214576721,0.9266300201416016,0.6974440813064575
4,1538,0.05634145066142082,-0.04412253201007843,0.11764974147081375,0.7099999785423279,0.9700000286102295,--,--,--,--,0.7099999785423279,0.9666200280189514,0.8584986329078674
4,1539,0.04494934156537056,-0.030916644260287285,0.09134142100811005,0.5899999737739563,0.9200000166893005,--,--,--,--,0.5899999737739563,0.9200000166893005,0.7221876978874207
4,1540,0.324592649936676,-0.03989427536725998,0.5047274827957153,0.7200000286102295,0.9200000166893005,0.5254552960395813,0.5318191647529602,0.5308549404144287,0.5385686755180359,0.7200000286102295,0.907069981098175,0.841383695602417
4,1541,0.24317486584186554,-0.033204335719347,0.5108501315116882,0.5299999713897705,0.7099999785423279,0.5572744607925415,0.6527318954467773,0.5694236159324646,0.6851295828819275,0.5299999713897705,0.8324499726295471,0.7189235687255859
4,1542,0.16669918596744537,-0.05156829580664635,0.3273313641548157,0.5199999809265137,0.699999988079071,0.5636382699012756,0.5890936255455017,0.5771373510360718,0.6079922318458557,0.5199999809265137,0.7402399778366089,0.6792294383049011
4,1543,0.3438079059123993,-0.013912220485508442,0.5105553865432739,0.8199999928474426,0.9800000190734863,0.5,0.5063638091087341,0.5,0.5077137351036072,0.8309400081634521,0.9800000190734863,0.9086576104164124
4,1544,0.3615647554397583,-0.02731437049806118,0.5479879379272461,0.8199999928474426,0.9700000286102295,0.512727677822113,0.512727677822113,0.5154274702072144,0.5154274702072144,0.8199999928474426,0.960099995136261,0.902407169342041
4,1545,0.054740797728300095,-0.019231844693422318,0.09544763714075089,0.6000000238418579,0.7200000286102295,0.5082039833068848,0.6476716995239258,0.505717933177948,0.6029226779937744,0.6035199761390686,0.7303500175476074,0.6869555115699768
4,1546,0.13196279108524323,-0.05869793891906738,0.2178715467453003,0.5799999833106995,0.9599999785423279,0.5082039833068848,0.5246119499206543,0.505717933177948,0.517153799533844,0.5908200144767761,0.9441900253295898,0.7921249866485596
4,1547,0.11320295184850693,-0.04325409233570099,0.17003661394119263,0.6000000238418579,0.8199999928474426,0.5246119499206543,0.5902438163757324,0.517153799533844,0.5628972053527832,0.6063399910926819,0.8113700151443481,0.7361062169075012
4,1548,0.2923017740249634,-0.5146514773368835,0.056771039962768555,0.5,0.5600000023841858,0.5082039833068848,0.7379154562950134,0.505717933177948,0.6658198833465576,0.5019299983978271,0.6483799815177917,0.5698579549789429
4,1549,0.09936648607254028,-0.07712351530790329,0.16605812311172485,0.5099999904632568,0.9900000095367432,0.5082039833068848,0.5082039833068848,0.505717933177948,0.505717933177948,0.5236499905586243,0.9699100255966187,0.7741879820823669
4,1550,0.05487596616148949,-0.06746186316013336,0.1123715415596962,0.5,0.7699999809265137,0.529253363609314,0.5459696054458618,0.5635943412780762,0.599933922290802,0.5,0.7699999809265137,0.6790244579315186
4,1551,0.04364299029111862,-0.0688774511218071,0.14062462747097015,0.5099999904632568,0.6700000166893005,0.504179060459137,0.6337298154830933,0.5090848803520203,0.7907169461250305,0.5099999904632568,0.7926300168037415,0.6645424365997314
4,1552,0.21054327487945557,-0.01643146574497223,0.3468016982078552,0.6100000143051147,0.8100000023841858,0.5543277263641357,0.5752230286598206,0.6181037425994873,0.6635282635688782,0.6100000143051147,0.8555899858474731,0.7637638449668884
4,1553,0.051629215478897095,-0.06443101167678833,0.10744211822748184,0.5699999928474426,0.6899999976158142,0.5125371813774109,0.5752230286598206,0.5272547006607056,0.6635282635688782,0.5699999928474426,0.6969299912452698,0.6641672849655151
4,1554,0.14812995493412018,-0.039020709693431854,0.23589415848255157,0.5699999928474426,0.8399999737739563,0.5334324240684509,0.5543277263641357,0.5726792216300964,0.6181037425994873,0.5699999928474426,0.8399999737739563,0.7368382811546326
4,1555,0.24420124292373657,-0.0050943586975336075,0.39258426427841187,0.7799999713897705,0.8100000023841858,0.5174112319946289,0.5522337555885315,0.5098411440849304,0.5295234322547913,0.7799999713897705,0.8123700022697449,0.8011488318443298
4,1556,0.33933499455451965,-0.00032305900822393596,0.53932124376297,0.9100000262260437,0.9599999785423279,0.5,0.5348225235939026,0.5,0.5196822881698608,0.9100000262260437,0.958299994468689,0.9368297457695007
4,1557,0.10814868658781052,-0.21163983643054962,0.02078864723443985,0.5400000214576721,0.6899999976158142,0.5174112319946289,0.6915238499641418,0.5098411440849304,0.6082525849342346,0.5400000214576721,0.6849899888038635,0.6320261359214783
4,1558,0.32884347438812256,-0.004368404392153025,0.5235733389854431,0.8700000047683716,0.9200000166893005,0.5261169075965881,0.560939371585846,0.514761745929718,0.5344440340995789,0.8700000047683716,0.9183400273323059,0.9022040367126465
4,1559,0.07236284017562866,-0.0584416389465332,0.13929271697998047,0.550000011920929,0.75,0.5522337555885315,0.6654069423675537,0.5295234322547913,0.5934908986091614,0.5570600032806396,0.75,0.6812987923622131
4,1560,0.2113604098558426,-0.0036867766175419092,0.3404502868652344,0.6600000262260437,0.8899999856948853,0.5099049210548401,0.5792393684387207,0.501375675201416,0.5110054612159729,0.6657299995422363,0.8899999856948853,0.7845888733863831
4,1561,0.1011773943901062,-0.02215334214270115,0.21483653783798218,0.5099999904632568,0.7200000286102295,0.7179083228111267,0.7575280070304871,0.5302650332450867,0.5357677936553955,0.5099999904632568,0.7564899921417236,0.6733129620552063
4,1562,0.28172534704208374,-0.0011318069882690907,0.4403684437274933,0.7200000286102295,0.8500000238418579,0.5594295263290405,0.6386688947677612,0.5082541108131409,0.5192595720291138,0.723360002040863,0.8500000238418579,0.8082339763641357
4,1563,0.2119654268026352,-0.002201718743890524,0.3393057882785797,0.6600000262260437,0.8100000023841858,0.5495246052742004,0.608954131603241,0.5068784356117249,0.5151325464248657,0.6638299822807312,0.8100000023841858,0.7532656192779541
4,1564,0.08085871487855911,-0.03227438032627106,0.1373540610074997,0.5099999904632568,0.8500000238418579,0.5495246052742004,0.5693344473838806,0.5068784356117249,0.5096297860145569,0.5099999904632568,0.841729998588562,0.6960623264312744
4,1565,0.02295013889670372,-0.06107489392161369,0.053753916174173355,0.5099999904632568,0.8899999856948853,--,--,--,--,0.5099999904632568,0.8899999856948853,0.6904735565185547
4,1566,0.03545171767473221,-0.05508168414235115,0.09627289324998856,0.5600000023841858,0.7300000190734863,--,--,--,--,0.5627899765968323,0.7300000190734863,0.6574335694313049
4,1567,0.0705379769206047,-0.008531479164958,0.1236233115196228,0.6700000166893005,0.7900000214576721,--,--,--,--,0.672980010509491,0.7900000214576721,0.7342004179954529
4,1568,0.06197410449385643,-0.03741179779171944,0.1790212243795395,0.5099999904632568,0.9399999976158142,--,--,--,--,0.5099999904632568,0.9100000262260437,0.7387067079544067
4,1569,0.09146285802125931,-0.01197152677923441,0.1432400345802307,0.6700000166893005,0.949999988079071,--,--,--,--,0.6700000166893005,0.949999988079071,0.8307782411575317
4,1570,0.049308981746435165,-0.02942741848528385,0.12070997059345245,0.6100000143051147,0.9200000166893005,--,--,--,--,0.6100000143051147,0.8936499953269958,0.7279951572418213
4,1571,0.09065715223550797,-0.02244296297430992,0.17806966602802277,0.5400000214576721,0.9200000166893005,--,--,--,--,0.5400000214576721,0.9188399910926819,0.7997477650642395
4,1572,0.036153022199869156,-0.08045339584350586,0.06820201873779297,0.5799999833106995,0.75,--,--,--,--,0.5823500156402588,0.75,0.6508702039718628
4,1573,0.05589933320879936,-0.020673856139183044,0.09520303457975388,0.6399999856948853,0.8299999833106995,--,--,--,--,0.6399999856948853,0.8252099752426147,0.7244256138801575
4,1574,0.0328051820397377,-0.04648220166563988,0.05938463658094406,0.5099999904632568,0.9700000286102295,--,--,--,--,0.5099999904632568,0.9581300020217896,0.6605324149131775
4,1575,0.13348445296287537,-0.016111135482788086,0.2792935073375702,0.699999988079071,0.9599999785423279,--,--,--,--,0.7122499942779541,0.9599999785423279,0.8813811540603638
4,1576,0.03431085869669914,-0.11204607039690018,0.05525131896138191,0.5299999713897705,0.9700000286102295,--,--,--,--,0.5299999713897705,0.9547299742698669,0.6832375526428223
4,1577,0.030492275953292847,-0.03892694041132927,0.0727793350815773,0.5,0.9900000095367432,--,--,--,--,0.5068699717521667,0.9900000095367432,0.6667515635490417
4,1578,0.027095451951026917,-0.04284479096531868,0.09084807336330414,0.5199999809265137,0.9399999976158142,--,--,--,--,0.5199999809265137,0.9271299839019775,0.7127124667167664
4,1579,0.09843738377094269,-0.03904532268643379,0.20364642143249512,0.6399999856948853,0.9900000095367432,--,--,--,--,0.6399999856948853,0.9780300259590149,0.8308096528053284
4,1580,0.048955030739307404,-0.10604514181613922,0.08861330151557922,0.5299999713897705,0.949999988079071,--,--,--,--,0.5408400297164917,0.949999988079071,0.7213717699050903
4,1581,0.056071825325489044,-0.030122332274913788,0.09227360039949417,0.6499999761581421,0.8299999833106995,--,--,--,--,0.6499999761581421,0.8237199783325195,0.71675705909729
4,1582,0.05891072377562523,-0.06729539483785629,0.1279555857181549,0.6399999856948853,1.0,--,--,--,--,0.6399999856948853,0.98444002866745,0.7865411043167114
4,1583,0.05401131138205528,-0.09732216596603394,0.1402767151594162,0.5099999904632568,0.9300000071525574,--,--,--,--,0.5099999904632568,0.9122899770736694,0.73686683177948
4,1584,0.041601333767175674,-0.09891551733016968,0.08423936367034912,0.5600000023841858,0.9800000190734863,--,--,--,--,0.5600000023841858,0.9800000190734863,0.734287440776825
4,1585,0.22346751391887665,0.0,0.36672061681747437,0.699999988079071,0.75,0.5334444046020508,0.5364848375320435,0.6047925353050232,0.6143190860748291,0.699999988079071,0.8222399950027466,0.7742536664009094
4,1586,0.03318272903561592,-0.08400334417819977,0.09997828304767609,0.5400000214576721,0.6399999856948853,0.5030403733253479,0.5820908546447754,0.5095266103744507,0.7572180032730103,0.5400000214576721,0.7412700057029724,0.6474233269691467
4,1587,0.22821751236915588,-8.546152093913406e-05,0.40540918707847595,0.6700000166893005,0.8399999737739563,0.5060808062553406,0.5456060171127319,0.5190531611442566,0.6428988575935364,0.6700000166893005,0.8438400030136108,0.7950998544692993
4,1588,0.22839361429214478,0.0,0.3986963927745819,0.6899999976158142,0.7200000286102295,0.5395252108573914,0.5668888092041016,0.6238456964492798,0.7095850110054016,0.6899999976158142,0.8657100200653076,0.7793443202972412
4,1589,0.16536563634872437,-0.0002638538717292249,0.30690476298332214,0.6100000143051147,0.6299999952316284,0.5608080625534058,0.5851312279701233,0.690531849861145,0.7667445540428162,0.6100000143051147,0.8350099921226501,0.7203468084335327
4,1590,0.19691039621829987,-0.027943873777985573,0.2745341360569,0.6600000262260437,0.9900000095367432,0.5084689259529114,0.5084689259529114,0.5053176879882812,0.5053176879882812,0.6740800142288208,0.9900000095367432,0.8352300524711609
4,1591,0.2330126315355301,-0.022456597536802292,0.325605571269989,0.7300000190734863,0.9900000095367432,0.5,0.5,0.5,0.5,0.7410399913787842,0.9900000095367432,0.8648451566696167
4,1592,0.08977936953306198,-0.06631087511777878,0.1447039395570755,0.550000011920929,0.8700000047683716,0.516937792301178,0.5592823028564453,0.5106353759765625,0.537223756313324,0.550000011920929,0.8567000031471252,0.7224912047386169
4,1593,0.21454137563705444,-0.030661223456263542,0.3118768632411957,0.6800000071525574,0.9300000071525574,0.5254067182540894,0.5423445105552673,0.5159530639648438,0.5265883803367615,0.6800000071525574,0.9196400046348572,0.81670081615448
4,1594,0.08843497931957245,-0.08265234529972076,0.15216411650180817,0.5099999904632568,0.9100000262260437,0.5423445105552673,0.5508133769035339,0.5265883803367615,0.5319060683250427,0.5099999904632568,0.8933600187301636,0.7250081300735474
4,1595,0.09957614541053772,0.0,0.2260749638080597,0.6100000143051147,0.7300000190734863,0.5564332604408264,0.6692997217178345,0.5203786492347717,0.56113600730896,0.6148300170898438,0.7551000118255615,0.7061473727226257
4,1596,0.16406597197055817,0.0,0.3013609051704407,0.6299999952316284,0.7799999713897705,0.5940554141998291,0.6316775679588318,0.5339644551277161,0.5475502014160156,0.6359599828720093,0.7839999794960022,0.7417363524436951
4,1597,0.32677626609802246,-0.0018550216918811202,0.5038321614265442,0.8700000047683716,0.9100000262260437,0.5094055533409119,0.5188111066818237,0.5033964514732361,0.5067929029464722,0.8700000047683716,0.908519983291626,0.8931923508644104
4,1598,0.2606886923313141,0.0,0.4088413119316101,0.7699999809265137,0.8700000047683716,0.5282166004180908,0.5376221537590027,0.5101893544197083,0.5135858058929443,0.773859977722168,0.8700000047683716,0.8320319056510925
4,1599,0.20016427338123322,0.0,0.3059009313583374,0.7400000095367432,0.7400000095367432,0.5188111066818237,0.735138475894928,0.5067929029464722,0.5849111080169678,0.7400000095367432,0.8329600095748901,0.7769747376441956
4,1600,0.1471557468175888,-0.07772231847047806,0.2790433466434479,0.6200000047683716,1.0101113319396973,--,--,--,--,0.6660299897193909,1.0062999725341797,0.8777173161506653
4,1601,0.1256166696548462,-0.1607963591814041,0.2688685357570648,0.5099999904632568,0.874863862991333,--,--,--,--,0.5099999904632568,0.8676699995994568,0.7826874256134033
4,1602,0.10057156533002853,-0.05045511573553085,0.18485552072525024,0.5400000214576721,0.9797815680503845,--,--,--,--,0.5400000214576721,0.9732199907302856,0.7607664465904236
4,1603,0.13851843774318695,-0.08696708083152771,0.29099565744400024,0.5099999904632568,0.9305610060691833,--,--,--,--,0.5669299960136414,0.9219899773597717,0.8362696766853333
4,1604,0.14170025289058685,-0.03493991866707802,0.2623414993286133,0.5199999809265137,0.9812490344047546,--,--,--,--,0.5753600001335144,0.9779999852180481,0.8813468813896179
4,1605,0.33893436193466187,-0.012640812434256077,0.5532495975494385,0.7900000214576721,0.9011111259460449,0.5399605631828308,0.5915092825889587,0.5017760396003723,0.504067063331604,0.8039600253105164,0.9261599779129028,0.8949320316314697
4,1606,0.20252516865730286,-0.017604000866413116,0.36244723200798035,0.5199999809265137,0.7533793449401855,0.5099901556968689,0.7649402022361755,0.5004439949989319,0.5117751359939575,0.5455800294876099,0.8517500162124634,0.7614250779151917
4,1607,0.2855239808559418,-0.03627316653728485,0.43763718008995056,0.6800000071525574,0.9201053380966187,0.5099901556968689,0.5303847193717957,0.5004439949989319,0.5013504028320312,0.699999988079071,0.9184399843215942,0.8538069128990173
4,1608,0.2643103301525116,-0.052317094057798386,0.39565354585647583,0.5299999713897705,0.9314217567443848,0.519980251789093,0.5536954402923584,0.5008879899978638,0.5023864507675171,0.5816100239753723,0.9283900260925293,0.8322296738624573
4,1609,0.31202584505081177,-0.024979325011372566,0.479619562625885,0.6100000143051147,0.9318936467170715,0.5099901556968689,0.5605572462081909,0.5004439949989319,0.5026914477348328,0.6464300155639648,0.9298999905586243,0.8740640878677368
4,1610,0.23851709067821503,-0.026123812422156334,0.3649519085884094,0.6200000047683716,0.7900000214576721,0.5170453190803528,0.5405641794204712,0.5575278997421265,0.6369041204452515,0.6483100056648254,0.8091300129890442,0.7660593390464783
4,1611,0.32793116569519043,-0.009710713289678097,0.5045901536941528,0.75,0.8702210783958435,0.5227270722389221,0.5316044092178345,0.5767038464546204,0.6066648960113525,0.7695299983024597,0.8952400088310242,0.8596087098121643
4,1612,0.29552677273750305,-0.010836824774742126,0.4653356671333313,0.6399999856948853,0.8445112109184265,0.5,0.5494416952133179,0.5,0.6668658256530762,0.6670699715614319,0.8674899935722351,0.8224619626998901
4,1613,0.2922125458717346,-5.0812450353987515e-05,0.4595741927623749,0.7599999904632568,0.8133285045623779,0.5113635063171387,0.5398394465446472,0.5383519530296326,0.6344581246376038,0.7676900029182434,0.8636400103569031,0.8247000575065613
4,1614,0.28016623854637146,-0.03524855524301529,0.41686174273490906,0.550000011920929,0.9378854632377625,0.5028408765792847,0.5188187956809998,0.5095880031585693,0.563513457775116,0.6064299941062927,0.9324600100517273,0.852370023727417
4,1615,0.09458383172750473,-0.03992211073637009,0.15308700501918793,0.6399999856948853,0.944505512714386,--,--,--,--,0.6696699857711792,0.9423499703407288,0.8480784296989441
4,1616,0.07422929257154465,-0.014585915952920914,0.13968035578727722,0.5799999833106995,0.9946878552436829,--,--,--,--,0.6081699728965759,0.9930099844932556,0.8743151426315308
4,1617,0.1166621670126915,-0.0748685896396637,0.23182788491249084,0.5299999713897705,1.0034595727920532,--,--,--,--,0.5299999713897705,1.0020999908447266,0.8866199254989624
4,1618,0.08096655458211899,-0.051648229360580444,0.1347334235906601,0.5899999737739563,1.0155657529830933,--,--,--,--,0.5899999737739563,1.0113999843597412,0.8701630234718323
4,1619,0.0970955565571785,-0.05455322563648224,0.17057882249355316,0.5699999928474426,0.809071958065033,--,--,--,--,0.5699999928474426,0.807449996471405,0.7335529923439026
4,1620,0.11455830931663513,-0.04752971976995468,0.2400846630334854,0.5699999928474426,0.94517582654953,--,--,--,--,0.588919997215271,0.9412500262260437,0.8239826560020447
4,1621,0.11350146681070328,-0.05406109616160393,0.2415546476840973,0.6299999952316284,0.9441344738006592,--,--,--,--,0.6299999952316284,0.9406200051307678,0.8382382988929749
4,1622,0.1317060887813568,-0.05188198387622833,0.2901567220687866,0.550000011920929,0.975267767906189,--,--,--,--,0.550000011920929,0.9740099906921387,0.8572893142700195
4,1623,0.10153960436582565,-0.04352448135614395,0.18858137726783752,0.5600000023841858,0.9762740731239319,--,--,--,--,0.5799999833106995,0.9744600057601929,0.7702863812446594
4,1624,0.10554933547973633,-0.029720483347773552,0.20392434298992157,0.5899999737739563,0.847990095615387,--,--,--,--,0.6069499850273132,0.8466699719429016,0.759172260761261
4,1625,0.14422765374183655,-0.07983215153217316,0.3090794086456299,0.5400000214576721,0.9739372134208679,--,--,--,--,0.5400000214576721,0.971809983253479,0.8660943508148193
4,1626,0.13063044846057892,-0.06455587595701218,0.2621603310108185,0.5899999737739563,0.9168810844421387,--,--,--,--,0.5899999737739563,0.9156000018119812,0.814067006111145
4,1627,0.12777124345302582,-0.03298477828502655,0.2304833084344864,0.5199999809265137,0.9311543107032776,--,--,--,--,0.5431600213050842,0.9290099740028381,0.8412935733795166
4,1628,0.10806532949209213,-0.06902685761451721,0.22848592698574066,0.5199999809265137,0.9784656167030334,--,--,--,--,0.538640022277832,0.9732900261878967,0.8122058510780334
4,1629,0.10898452252149582,-0.06228848174214363,0.2497115284204483,0.550000011920929,1.020310878753662,--,--,--,--,0.550000011920929,1.014799952507019,0.8404064774513245
4,1630,0.27255305647850037,-0.0334802009165287,0.3798210322856903,0.5299999713897705,0.8660222291946411,0.5036509037017822,0.5299338102340698,0.509309709072113,0.5763311982154846,0.5981500148773193,0.8551599979400635,0.8004814386367798
4,1631,0.2643934190273285,-0.03997877240180969,0.3594432473182678,0.5699999928474426,0.8917708396911621,0.5,0.5146680474281311,0.5,0.5374035239219666,0.6378800272941589,0.8776199817657471,0.8116654753684998
4,1632,0.3436098098754883,-0.025113699957728386,0.4795795977115631,0.7799999713897705,0.9714056253433228,0.5,0.5041071176528931,0.5,0.5104731321334839,0.8223900198936462,0.9666799902915955,0.9138153195381165
4,1633,0.31096887588500977,-0.014194570481777191,0.4417063593864441,0.6100000143051147,0.7839540243148804,0.5146034955978394,0.5593212246894836,0.5372389554977417,0.6512691378593445,0.6526200175285339,0.8505799770355225,0.7991816997528076
4,1634,0.30187442898750305,-0.04649272933602333,0.4084252417087555,0.6600000262260437,0.9598925113677979,0.5036509037017822,0.5111038088798523,0.509309709072113,0.5283147692680359,0.7291399836540222,0.9525200128555298,0.8646287322044373
4,1635,0.12526538968086243,-0.0707785040140152,0.27484971284866333,0.5600000023841858,0.9414131045341492,--,--,--,--,0.6278600096702576,0.9406499862670898,0.8414491415023804
4,1636,0.11182034015655518,-0.08877002447843552,0.1962156891822815,0.5699999928474426,0.8344961404800415,--,--,--,--,0.5699999928474426,0.8338000178337097,0.76376873254776
4,1637,0.12199864536523819,-0.14724546670913696,0.21781514585018158,0.5,0.9456390738487244,--,--,--,--,0.5,0.9337999820709229,0.8040857911109924
4,1638,0.08131002634763718,-0.07022973150014877,0.13264332711696625,0.5799999833106995,0.8815739154815674,--,--,--,--,0.5799999833106995,0.8758400082588196,0.7660236954689026
4,1639,0.12692052125930786,-0.059259142726659775,0.25257283449172974,0.5299999713897705,0.8962395191192627,--,--,--,--,0.5699999928474426,0.895579993724823,0.7895437479019165
4,1640,0.09019500762224197,-0.027471544221043587,0.1588938683271408,0.5600000023841858,0.9051554799079895,--,--,--,--,0.5994799733161926,0.904229998588562,0.8062216639518738
4,1641,0.10428480058908463,-0.07952114194631577,0.19455526769161224,0.5699999928474426,0.9412063360214233,--,--,--,--,0.5699999928474426,0.9349899888038635,0.7947425842285156
4,1642,0.07274515181779861,-0.06702817976474762,0.18153762817382812,0.5400000214576721,0.9700547456741333,--,--,--,--,0.5400000214576721,0.9634100198745728,0.7526026368141174
4,1643,0.09377291798591614,-0.08913861960172653,0.23145751655101776,0.5099999904632568,0.9699625968933105,--,--,--,--,0.550000011920929,0.9635599851608276,0.7865433692932129
4,1644,0.08025259524583817,-0.06481464952230453,0.18950185179710388,0.550000011920929,1.0002923011779785,--,--,--,--,0.5699999928474426,0.9923499822616577,0.7776306867599487
4,1645,0.3037574291229248,-0.03922450169920921,0.4362795352935791,0.6100000143051147,0.94842928647995,0.5433453321456909,0.5520133376121521,0.52492356300354,0.5299077033996582,0.6100000143051147,0.9473299980163574,0.8825791478157043
4,1646,0.29527735710144043,-0.04260900989174843,0.42668211460113525,0.550000011920929,0.9173567891120911,0.5433453321456909,0.5787439942359924,0.52492356300354,0.5452777743339539,0.550000011920929,0.9157999753952026,0.8568117618560791
4,1647,0.2949053943157196,-0.013895733281970024,0.4719061851501465,0.7099999785423279,0.8240774273872375,0.5693525075912476,0.6521872282028198,0.539877712726593,0.5875076651573181,0.7099999785423279,0.9100300073623657,0.8481411337852478
4,1648,0.22277414798736572,-0.042842403054237366,0.32148393988609314,0.5299999713897705,0.7714855670928955,0.5086690783500671,0.683659017086029,0.5049847364425659,0.6056039333343506,0.5299999713897705,0.8193399906158447,0.7560155391693115
4,1649,0.16120457649230957,-0.059793468564748764,0.22805079817771912,0.5,0.7802100777626038,0.5433453321456909,0.5787439942359924,0.52492356300354,0.5452777743339539,0.5,0.7799999713897705,0.7196385860443115
4,1650,0.12208953499794006,-0.10021037608385086,0.2212667614221573,0.550000011920929,1.0028066635131836,--,--,--,--,0.550000011920929,1.0003000497817993,0.8540511727333069
4,1651,0.11663651466369629,-0.08783095329999924,0.19961105287075043,0.5400000214576721,0.9955881237983704,--,--,--,--,0.5400000214576721,0.9933599829673767,0.8294365406036377
4,1652,0.11678078770637512,-0.05148186534643173,0.20285776257514954,0.6399999856948853,0.9301801323890686,--,--,--,--,0.6692000031471252,0.9294099807739258,0.8293902277946472
4,1653,0.07499583065509796,-0.11620239168405533,0.13571031391620636,0.5699999928474426,0.9122259020805359,--,--,--,--,0.5699999928474426,0.9089599847793579,0.7477576732635498
4,1654,0.11536311358213425,-0.10506410151720047,0.2135695517063141,0.5199999809265137,0.925310492515564,--,--,--,--,0.5650200247764587,0.9224900007247925,0.7954778671264648
4,1655,0.24276354908943176,-0.04308503493666649,0.3630116581916809,0.5699999928474426,0.7705462574958801,0.5145639777183533,0.6095843315124512,0.5137072801589966,0.6031382083892822,0.5994899868965149,0.7906299829483032,0.7474818229675293
4,1656,0.2855258584022522,-0.04563507065176964,0.43245476484298706,0.5099999904632568,0.8144837021827698,0.5364099740982056,0.6241750717163086,0.5342682600021362,0.616870641708374,0.5519599914550781,0.8262100219726562,0.7752866148948669
4,1657,0.27836790680885315,-0.06009679287672043,0.3896949887275696,0.5699999928474426,0.9500648379325867,0.5145639777183533,0.5364099740982056,0.5137072801589966,0.5342682600021362,0.5899999737739563,0.9477499723434448,0.8394826650619507
4,1658,0.2750880718231201,-0.007781929336488247,0.4625767171382904,0.6100000143051147,0.7055521011352539,0.6092299818992615,0.7045579552650452,0.6028047204017639,0.6925251483917236,0.623199999332428,0.8521699905395508,0.7643630504608154
4,1659,0.331983745098114,-0.03007611073553562,0.492054283618927,0.6399999856948853,0.8523356318473816,0.5145639777183533,0.60209721326828,0.5137072801589966,0.5960915088653564,0.66975998878479,0.8668299913406372,0.8271507024765015
4,1660,0.3398774564266205,-0.05091336742043495,0.46310439705848694,0.6800000071525574,0.9640522003173828,0.5093742609024048,0.5187461972236633,0.5034818649291992,0.5069628357887268,0.6800000071525574,0.9620500206947327,0.8961634039878845
4,1661,0.3426154851913452,-0.05879388004541397,0.4809569716453552,0.6100000143051147,0.9172477126121521,0.5562455058097839,0.5667912364006042,0.5208911895751953,0.5248081684112549,0.6100000143051147,0.9164699912071228,0.8648725748062134
4,1662,0.2818904519081116,-0.05701736360788345,0.4040391743183136,0.5600000023841858,0.8290083408355713,0.5281227827072144,0.5855327844619751,0.5104455947875977,0.531769335269928,0.5600000023841858,0.8271099925041199,0.7928622364997864
4,1663,0.3765627145767212,-0.032849814742803574,0.5392643213272095,0.7400000095367432,0.9696192741394043,0.5187485218048096,0.5480427742004395,0.5069637298583984,0.5178444385528564,0.7400000095367432,0.9674500226974487,0.9314848780632019
4,1664,0.2852060794830322,-0.05410906672477722,0.423243910074234,0.5199999809265137,0.8201783895492554,0.5656197667121887,0.6687812209129333,0.5243730545043945,0.5626901984214783,0.5199999809265137,0.8582299947738647,0.79928058385849
4,1665,0.13538987934589386,-0.061565957963466644,0.2726011872291565,0.6000000238418579,0.9800162315368652,--,--,--,--,0.6000000238418579,0.9743300080299377,0.8734347224235535
4,1666,0.1182827353477478,-0.050971467047929764,0.19542048871517181,0.5199999809265137,0.952005922794342,--,--,--,--,0.5624600052833557,0.9511299729347229,0.7944435477256775
4,1667,0.14001496136188507,-0.02487671934068203,0.3025428354740143,0.6000000238418579,0.959598958492279,--,--,--,--,0.6587200164794922,0.9584699869155884,0.8564336895942688
4,1668,0.10356826335191727,-0.03279326856136322,0.18150700628757477,0.5899999737739563,0.8064188957214355,--,--,--,--,0.5899999737739563,0.8031700253486633,0.7345671653747559
4,1669,0.10893618315458298,-0.05144401639699936,0.24191750586032867,0.5199999809265137,0.9920540452003479,--,--,--,--,0.5400000214576721,0.9813799858093262,0.8188393712043762
4,1670,0.22712238132953644,-0.04912816360592842,0.318163126707077,0.5,0.961456298828125,0.5027716159820557,0.5084299445152283,0.5096082091331482,0.5292237997055054,0.5864400267601013,0.9522600173950195,0.8259613513946533
4,1671,0.28805890679359436,-0.0289375688880682,0.4352843463420868,0.7200000286102295,0.9800172448158264,0.5027716159820557,0.5027716159820557,0.5096082091331482,0.5096082091331482,0.7706500291824341,0.9752500057220459,0.8945356607437134
4,1672,0.2654803693294525,-0.023956315591931343,0.3904593884944916,0.5600000023841858,0.9183750748634338,0.5027716159820557,0.5304869413375854,0.5096082091331482,0.6056880950927734,0.6139000058174133,0.9145299792289734,0.8526028394699097
4,1673,0.1262338012456894,-0.01161615177989006,0.17905670404434204,0.5400000214576721,0.6804322600364685,0.5138580203056335,0.5609812140464783,0.5480411648750305,0.711401641368866,0.5674700140953064,0.747979998588562,0.692051887512207
4,1674,0.27049505710601807,-0.02572767250239849,0.3960505723953247,0.5099999904632568,0.8722031116485596,0.5194012522697449,0.5393561124801636,0.5672576427459717,0.6364345550537109,0.5669999718666077,0.8682199716567993,0.8214272856712341
4,1675,0.13849923014640808,-0.05602392181754112,0.26176705956459045,0.5299999713897705,0.9872050881385803,--,--,--,--,0.5299999713897705,0.9852799773216248,0.884731113910675
4,1676,0.16018745303153992,-0.04802349582314491,0.26352426409721375,0.5899999737739563,0.9629727602005005,--,--,--,--,0.6292700171470642,0.9603099822998047,0.8738868832588196
4,1677,0.09711775183677673,-0.08595667779445648,0.20237568020820618,0.5400000214576721,0.980233907699585,--,--,--,--,0.5400000214576721,0.9696099758148193,0.7292734384536743
4,1678,0.1216488927602768,-0.08788253366947174,0.21112093329429626,0.5199999809265137,0.8100660443305969,--,--,--,--,0.5199999809265137,0.804390013217926,0.7135035395622253
4,1679,0.150346040725708,-0.0476749949157238,0.2694791555404663,0.6700000166893005,0.8904515504837036,--,--,--,--,0.7000600099563599,0.8896700143814087,0.8328136801719666
4,1680,0.25797897577285767,-0.03310273587703705,0.381675124168396,0.5199999809265137,0.7639673352241516,0.6381874084472656,0.730372965335846,0.5583457946777344,0.5972685813903809,0.5199999809265137,0.8554700016975403,0.7769002914428711
4,1681,0.2600336968898773,-0.028533775359392166,0.3825291097164154,0.5600000023841858,0.7533875107765198,0.6289749145507812,0.7211604714393616,0.5544561147689819,0.5933788418769836,0.5600000023841858,0.8505200147628784,0.7762532234191895
4,1682,0.304212749004364,-0.05670872703194618,0.42682933807373047,0.5199999809265137,0.8885140419006348,0.573699951171875,0.6015676259994507,0.5311177372932434,0.542884111404419,0.5199999809265137,0.8859999775886536,0.8273804783821106
4,1683,0.3119351267814636,-0.04518023133277893,0.4452347159385681,0.5899999737739563,0.866122305393219,0.5460624694824219,0.6024842262268066,0.5194485783576965,0.5432711243629456,0.5899999737739563,0.8643199801445007,0.8264265656471252
4,1684,0.3121185004711151,-0.022574452683329582,0.4576181173324585,0.7200000286102295,0.865328848361969,0.5092124938964844,0.5567548274993896,0.5038897395133972,0.5239631533622742,0.7200000286102295,0.8648499846458435,0.8454203009605408
4,1685,0.07508298009634018,-0.03946349397301674,0.13329409062862396,0.5899999737739563,0.9206228256225586,--,--,--,--,0.5899999737739563,0.9146400094032288,0.7669864296913147
4,1686,0.0906720757484436,-0.07140007615089417,0.16742587089538574,0.6700000166893005,0.9015703201293945,--,--,--,--,0.6700000166893005,0.8975300192832947,0.7701652646064758
4,1687,0.10778401792049408,-0.04607856646180153,0.19135144352912903,0.7300000190734863,0.880411684513092,--,--,--,--,0.7300000190734863,0.8787599802017212,0.8073727488517761
4,1688,0.12273726612329483,-0.09327627718448639,0.2478751689195633,0.5600000023841858,0.9937494993209839,--,--,--,--,0.5600000023841858,0.9911400079727173,0.9015933871269226
4,1689,0.0546598844230175,-0.06177369877696037,0.11253958940505981,0.5400000214576721,0.9604844450950623,--,--,--,--,0.5400000214576721,0.9496200084686279,0.7132260799407959
4,1690,0.337889701128006,-0.007968870922923088,0.475962370634079,0.7900000214576721,0.9300763010978699,0.5256139039993286,0.5604748129844666,0.5156182050704956,0.5368748903274536,0.8073700070381165,0.9362900257110596,0.9133790731430054
4,1691,0.22199127078056335,-0.008953985758125782,0.2867995798587799,0.699999988079071,0.7955670356750488,0.5256139039993286,0.5514369606971741,0.5156182050704956,0.5313640236854553,0.7122899889945984,0.8072100281715393,0.7877737879753113
4,1692,0.2694277763366699,-0.02761254645884037,0.364531546831131,0.5899999737739563,0.8263996839523315,0.5597657561302185,0.6304914951324463,0.5364425182342529,0.5795679688453674,0.6227800250053406,0.8535000085830688,0.8065573573112488
4,1693,0.31704244017601013,-0.027394156903028488,0.4331478476524353,0.7599999904632568,0.9605410099029541,0.5256139039993286,0.5256139039993286,0.5156182050704956,0.5156182050704956,0.7897199988365173,0.9588099718093872,0.9095689058303833
4,1694,0.2917450964450836,-0.02779456228017807,0.3942309617996216,0.6200000047683716,1.0043867826461792,0.5085379481315613,0.5085379481315613,0.5052060484886169,0.5052060484886169,0.669920027256012,1.0029000043869019,0.9075828790664673
4,1695,0.29104185104370117,-0.06448555737733841,0.4594555199146271,0.6200000047683716,0.824512779712677,0.5313049554824829,0.5716934204101562,0.5626099109649658,0.6433869004249573,0.6200000047683716,0.8646199703216553,0.8159130811691284
4,1696,0.27789971232414246,-0.11255291104316711,0.41649702191352844,0.5099999904632568,0.9455590844154358,0.5223606824874878,0.5223606824874878,0.5447213649749756,0.5447213649749756,0.5099999904632568,0.9427199959754944,0.8553475141525269
4,1697,0.3340311050415039,-0.012070376425981522,0.5228435397148132,0.7300000190734863,0.8728373646736145,0.5357770919799805,0.549752414226532,0.5715541839599609,0.5995048880577087,0.7300000190734863,0.9068099856376648,0.8697595000267029
4,1698,0.22176891565322876,-0.012048808857798576,0.41336745023727417,0.6499999761581421,0.6812498569488525,0.5089442729949951,0.6367638111114502,0.5178885459899902,0.7735276222229004,0.6499999761581421,0.8323299884796143,0.7442111968994141
4,1699,0.33087214827537537,-0.058246951550245285,0.4945572018623352,0.699999988079071,0.9827883243560791,0.5044721364974976,0.5145330429077148,0.5089442729949951,0.5290660858154297,0.699999988079071,0.9812899827957153,0.9218183159828186
4,1700,0.3175305426120758,-0.0340026319026947,0.4841083884239197,0.7400000095367432,1.017734408378601,0.5,0.5,0.5,0.5,0.7400000095367432,1.0154999494552612,0.9347386360168457
4,1701,0.2699050307273865,-0.04987052083015442,0.43312835693359375,0.5699999928474426,0.790734052658081,0.5687404274940491,0.676990270614624,0.5132192969322205,0.5340365767478943,0.5699999928474426,0.8500000238418579,0.7842406630516052
4,1702,0.07757972180843353,-0.15781326591968536,0.07026487588882446,0.5,0.610032856464386,0.5098200440406799,0.6618313193321228,0.5018884539604187,0.5311214327812195,0.5,0.6744599938392639,0.6280006766319275
4,1703,0.2757509648799896,-0.06630690395832062,0.4066236615180969,0.5600000023841858,0.9130311608314514,0.5,0.5891077518463135,0.5,0.5171360969543457,0.5600000023841858,0.9062600135803223,0.8291827440261841
4,1704,0.25796985626220703,-0.07379566878080368,0.3860897421836853,0.5299999713897705,0.9421206712722778,0.5294601917266846,0.5589203834533691,0.5056654214859009,0.5113308429718018,0.5299999713897705,0.9361199736595154,0.8296113014221191
4,1705,0.07674120366573334,-0.03544275462627411,0.18536341190338135,0.5199999809265137,0.8411150574684143,--,--,--,--,0.5199999809265137,0.839709997177124,0.7418544888496399
4,1706,0.11229024082422256,-0.03719967231154442,0.22853116691112518,0.6399999856948853,0.9541334509849548,--,--,--,--,0.6619600057601929,0.9526500105857849,0.8635386824607849
4,1707,0.11610852926969528,-0.05604541301727295,0.22317922115325928,0.550000011920929,1.0,--,--,--,--,0.550000011920929,1.0,0.8408723473548889
4,1708,0.1155664399266243,-0.042106445878744125,0.23999466001987457,0.6399999856948853,0.9511111378669739,--,--,--,--,0.6399999856948853,0.949999988079071,0.87764573097229
4,1709,0.11578971147537231,-0.05795440822839737,0.24234870076179504,0.5799999833106995,0.9401783347129822,--,--,--,--,0.5799999833106995,0.9399999976158142,0.8892927169799805
4,1710,0.08992867916822433,-0.04687643423676491,0.1591344028711319,0.6100000143051147,0.7918359041213989,--,--,--,--,0.6100000143051147,0.7906100153923035,0.7357181906700134
4,1711,0.13150480389595032,-0.11187644302845001,0.2701933979988098,0.5099999904632568,0.9719008207321167,--,--,--,--,0.5099999904632568,0.9691900014877319,0.8319607377052307
4,1712,0.13562904298305511,-0.16593009233474731,0.2680019736289978,0.5199999809265137,0.9952890276908875,--,--,--,--,0.5199999809265137,0.9908699989318848,0.878399670124054
4,1713,0.13100279867649078,-0.09587125480175018,0.2569860517978668,0.5600000023841858,0.9722261428833008,--,--,--,--,0.5600000023841858,0.9706100225448608,0.8673049211502075
4,1714,0.09724054485559464,-0.11384660750627518,0.18511368334293365,0.5299999713897705,0.78569495677948,--,--,--,--,0.5299999713897705,0.7817800045013428,0.7263282537460327
4,1715,0.26824551820755005,-0.029994359239935875,0.38854536414146423,0.6499999761581421,0.7704131007194519,0.5299999713897705,0.5487495064735413,0.5400000214576721,0.5649993419647217,0.6499999761581421,0.8134899735450745,0.7775706052780151
4,1716,0.3767045736312866,-0.011474350467324257,0.5635199546813965,0.7599999904632568,0.8416666388511658,0.5659999847412109,0.5960822701454163,0.5879999995231628,0.6281096935272217,0.7599999904632568,0.960070013999939,0.8910960555076599
4,1717,0.37151992321014404,-0.05141343176364899,0.5106438994407654,0.7400000095367432,0.9752783179283142,0.5,0.5181487798690796,0.5,0.5241983532905579,0.7400000095367432,0.9717599749565125,0.921954870223999
4,1718,0.2980358898639679,-0.07355407625436783,0.4999074637889862,0.5099999904632568,0.77326899766922,0.5,0.6512277722358704,0.5,0.7016370296478271,0.5099999904632568,0.9147499799728394,0.8048016428947449
4,1719,0.2970772683620453,-0.06910832971334457,0.4406934976577759,0.6100000143051147,0.8113224506378174,0.5180000066757202,0.5686998963356018,0.5239999890327454,0.5915998816490173,0.6100000143051147,0.8461499810218811,0.7960541844367981
4,1720,0.20877224206924438,-0.06597836315631866,0.32231375575065613,0.5099999904632568,0.8604807257652283,0.5097657442092896,0.5781151652336121,0.5021517872810364,0.5172117948532104,0.5487800240516663,0.8600000143051147,0.7608165740966797
4,1721,0.22383169829845428,-0.06076359748840332,0.346244215965271,0.5099999904632568,1.0019614696502686,0.5,0.5,0.5,0.5,0.5625799894332886,1.0,0.8469312191009521
4,1722,0.2975364625453949,-0.01477911788970232,0.4801618456840515,0.5799999833106995,0.9026375412940979,0.5781260132789612,0.6193811297416687,0.5172141790390015,0.526304304599762,0.6076400279998779,0.9046300053596497,0.8468979597091675
4,1723,0.2900140583515167,-0.023801859468221664,0.46018099784851074,0.699999988079071,0.9784005880355835,0.5097657442092896,0.5195299386978149,0.5021517872810364,0.5043032169342041,0.7271199822425842,0.9768499732017517,0.9065971970558167
4,1724,0.30147984623908997,-0.025376759469509125,0.4846407473087311,0.6800000071525574,0.9260334372520447,0.5,0.580898106098175,0.5,0.5178250074386597,0.704800009727478,0.9252200126647949,0.8746922016143799
4,1725,0.09117524325847626,-0.037103839218616486,0.1887539029121399,0.5899999737739563,0.6308300495147705,0.6227845549583435,0.7192016839981079,0.5427076816558838,0.576244056224823,0.5899999737739563,0.7158300280570984,0.6622423529624939
4,1726,0.27020102739334106,-0.06666135787963867,0.46068140864372253,0.5299999713897705,0.9448418021202087,0.5,0.5590274930000305,0.5,0.5205312967300415,0.5299999713897705,0.9438899755477905,0.847376823425293
4,1727,0.27728235721588135,-0.042020827531814575,0.45422276854515076,0.6399999856948853,0.9402855634689331,0.5094449520111084,0.5287283658981323,0.5032852292060852,0.5099924802780151,0.6399999856948853,0.9392600059509277,0.8584524393081665
4,1728,0.1198628693819046,-0.0698222890496254,0.2065371572971344,0.5099999904632568,0.6733201146125793,0.5094449520111084,0.8031666874885559,0.5032852292060852,0.6054492592811584,0.5099999904632568,0.7524799704551697,0.6818628311157227
4,1729,0.1957087218761444,-0.053572431206703186,0.3324327766895294,0.550000011920929,0.7306075692176819,0.5944496989250183,0.7436355948448181,0.532852053642273,0.5847428441047668,0.550000011920929,0.7857699990272522,0.7248052954673767
4,1730,0.10147954523563385,-0.028298787772655487,0.14750121533870697,0.5099999904632568,0.8774902820587158,--,--,--,--,0.5438699722290039,0.8742700219154358,0.7287036776542664
4,1731,0.10040505230426788,-0.05081627890467644,0.1860709935426712,0.5600000023841858,1.0019975900650024,--,--,--,--,0.5600000023841858,0.9787300229072571,0.7787463068962097
4,1732,0.146040678024292,-0.03026241809129715,0.2534099221229553,0.699999988079071,0.8821743130683899,--,--,--,--,0.699999988079071,0.8760799765586853,0.8085758686065674
4,1733,0.17748266458511353,-0.055062271654605865,0.2892458736896515,0.5199999809265137,0.9812330603599548,--,--,--,--,0.6364200115203857,0.9574300050735474,0.8572665452957153
4,1734,0.13482649624347687,-0.0835925042629242,0.22311580181121826,0.5699999928474426,0.9916660785675049,--,--,--,--,0.6091200113296509,0.9853900074958801,0.8054548501968384
4,1735,0.17027147114276886,-0.1005561426281929,0.29757025837898254,0.5899999737739563,0.9699461460113525,--,--,--,--,0.5899999737739563,0.9633200168609619,0.8732756972312927
4,1736,0.16191697120666504,-0.034434136003255844,0.27150586247444153,0.5099999904632568,0.9716401696205139,--,--,--,--,0.5896400213241577,0.9680799841880798,0.8444629907608032
4,1737,nan,-0.0,-0.0,0.5400000214576721,0.9777149558067322,--,--,--,--,--,--,nan
4,1738,0.12306524813175201,-0.13799221813678741,0.19992081820964813,0.5,0.900120198726654,--,--,--,--,0.5,0.8791000247001648,0.7495450973510742
4,1739,0.1387331783771515,-0.03547051176428795,0.2285565882921219,0.6100000143051147,0.9639193415641785,--,--,--,--,0.6100000143051147,0.9531400203704834,0.8370798230171204
4,1740,0.147529736161232,-0.05407438799738884,0.2810710072517395,0.5899999737739563,1.0267817974090576,--,--,--,--,0.5899999737739563,1.0226000547409058,0.8807778358459473
4,1741,0.11073021590709686,-0.06115866079926491,0.19626756012439728,0.5099999904632568,0.9314507842063904,--,--,--,--,0.5396400094032288,0.9300000071525574,0.7440020442008972
4,1742,0.10578285902738571,-0.0764787346124649,0.17754803597927094,0.5600000023841858,0.9999303817749023,--,--,--,--,0.5600000023841858,0.9955700039863586,0.76915442943573
4,1743,0.11478529870510101,-0.06735680997371674,0.23536916077136993,0.5,0.9735494256019592,--,--,--,--,0.5,0.9700300097465515,0.7983385324478149
4,1744,0.15030093491077423,-0.07477836310863495,0.26880767941474915,0.5299999713897705,0.8534532785415649,--,--,--,--,0.5299999713897705,0.8519700169563293,0.7799877524375916
4,1745,0.329413503408432,-0.07605517655611038,0.4673954248428345,0.5299999713897705,0.8627238273620605,0.5334584712982178,0.6188470721244812,0.5219210386276245,0.5778653025627136,0.5299999713897705,0.8608700037002563,0.8122055530548096
4,1746,0.32508566975593567,-0.047579940408468246,0.49855977296829224,0.5799999833106995,0.8143212199211121,0.608739972114563,0.6626513600349426,0.571243405342102,0.6065647006034851,0.5799999833106995,0.8865600228309631,0.8159229755401611
4,1747,0.2618100047111511,-0.07371830940246582,0.3525542914867401,0.5299999713897705,0.802837610244751,0.5250938534736633,0.5920060873031616,0.5164408087730408,0.5602798461914062,0.5299999713897705,0.8016200065612793,0.7594055533409119
4,1748,0.41435539722442627,-0.004819403402507305,0.6262238621711731,0.9599999785423279,0.9912449717521667,0.5,0.5083640217781067,0.5,0.5054798722267151,0.9599999785423279,0.9910200238227844,0.9862844347953796
4,1749,0.3168523907661438,-0.06283074617385864,0.4336302876472473,0.6200000047683716,0.9407674670219421,0.5083646178245544,0.5345039367675781,0.5054802894592285,0.5226060152053833,0.6200000047683716,0.9399999976158142,0.8585811853408813
4,1750,0.1069256141781807,-0.03994802013039589,0.19728252291679382,0.5400000214576721,0.9759266376495361,--,--,--,--,0.5699999928474426,0.9685500264167786,0.848589301109314
4,1751,0.08020865172147751,-0.031454093754291534,0.14315643906593323,0.6899999976158142,0.9727925658226013,--,--,--,--,0.6899999976158142,0.9714900255203247,0.8992773294448853
4,1752,0.08605574816465378,-0.07897539436817169,0.14268898963928223,0.550000011920929,1.0109059810638428,--,--,--,--,0.550000011920929,1.0068999528884888,0.8390860557556152
4,1753,0.12565022706985474,-0.0820959284901619,0.23793235421180725,0.5199999809265137,0.9404613375663757,--,--,--,--,0.5199999809265137,0.9360299706459045,0.8190897703170776
4,1754,0.07737071067094803,-0.06272874772548676,0.17602717876434326,0.550000011920929,0.9877232313156128,--,--,--,--,0.5699999928474426,0.9830600023269653,0.8280945420265198
4,1755,0.3868788778781891,-0.018689529970288277,0.5368454456329346,0.7099999785423279,0.9703943729400635,0.5187668800354004,0.5471494793891907,0.5069140791893005,0.517370879650116,0.7449899911880493,0.9697499871253967,0.9180354475975037
4,1756,0.3066534101963043,-0.018333889544010162,0.4476807713508606,0.5,0.7889284491539001,0.537533700466156,0.710909366607666,0.5138282179832458,0.5777034759521484,0.5390400290489197,0.8644800186157227,0.7895658016204834
4,1757,0.31354328989982605,-0.06583479046821594,0.4149591326713562,0.6200000047683716,0.9902405142784119,0.5,0.5105553269386292,0.5,0.5038887858390808,0.6600000262260437,0.986020028591156,0.8731876611709595
4,1758,0.3886999785900116,-0.016627518460154533,0.538905918598175,0.7699999809265137,0.9968748688697815,0.5,0.5187668800354004,0.5,0.5069140791893005,0.8004199862480164,0.9962800145149231,0.9411834478378296
4,1759,0.1469714343547821,-0.03976234793663025,0.19922998547554016,0.5400000214576721,0.6602239012718201,0.5750674605369568,0.6602153778076172,0.5276564359664917,0.5590267181396484,0.5600000023841858,0.7483999729156494,0.6870406866073608
4,1760,0.08030441403388977,-0.07706108689308167,0.20705412328243256,0.5299999713897705,0.7030658721923828,--,--,--,--,0.550000011920929,0.7004299759864807,0.6482030749320984
4,1761,0.0852050632238388,-0.11046749353408813,0.19302251935005188,0.5600000023841858,0.9608221650123596,--,--,--,--,0.5600000023841858,0.9599999785423279,0.8055271506309509
4,1762,0.10507269948720932,-0.036881137639284134,0.22786462306976318,0.5400000214576721,0.8503362536430359,--,--,--,--,0.5852199792861938,0.8500000238418579,0.7721342444419861
4,1763,0.06947464495897293,-0.07084383815526962,0.1484207808971405,0.550000011920929,0.9928309917449951,--,--,--,--,0.550000011920929,0.9852399826049805,0.8110670447349548
4,1764,0.06459275633096695,-0.11155536770820618,0.14659443497657776,0.5099999904632568,0.9536758661270142,--,--,--,--,0.5099999904632568,0.9467200040817261,0.7694746255874634
4,1765,0.28021571040153503,-0.06449402123689651,0.39039722084999084,0.6399999856948853,1.003511667251587,0.5,0.5,0.5,0.5,0.6399999856948853,1.0024000406265259,0.8953549265861511
4,1766,0.34848499298095703,0.0,0.4989848732948303,0.8299999833106995,0.9456971883773804,0.5017579197883606,0.5053465366363525,0.5098443031311035,0.529940664768219,0.8299999833106995,0.9452800154685974,0.9230654239654541
4,1767,0.09883579611778259,-0.03132719174027443,0.1329682171344757,0.5600000023841858,0.6299999952316284,0.5158211588859558,0.5527558922767639,0.5885984897613525,0.7954331636428833,0.5600000023841858,0.7615399956703186,0.6838406920433044
4,1768,0.2570112645626068,-0.08526724576950073,0.3577505946159363,0.5699999928474426,0.8724934458732605,0.5,0.5211010575294495,0.5,0.6181660294532776,0.5699999928474426,0.8714600205421448,0.8088072538375854
4,1769,0.30315351486206055,-0.008491786196827888,0.4286831021308899,0.7099999785423279,0.8900594711303711,0.5035158395767212,0.5105788111686707,0.5196885466575623,0.5592412948608398,0.7099999785423279,0.8892999887466431,0.8581693768501282
4,1770,0.07426417618989944,-0.062262024730443954,0.14644287526607513,0.5199999809265137,0.9343761205673218,--,--,--,--,0.5600000023841858,0.9276700019836426,0.7931476831436157
4,1771,0.09334869682788849,-0.14080628752708435,0.21094919741153717,0.5,0.9468585252761841,--,--,--,--,0.5,0.9444500207901001,0.7979792952537537
4,1772,0.08591373264789581,-0.02983059361577034,0.18654119968414307,0.6700000166893005,1.024999976158142,--,--,--,--,0.7013400197029114,1.024999976158142,0.8741236329078674
4,1773,0.05226879194378853,-0.1601852923631668,0.13142985105514526,0.5199999809265137,0.7200000286102295,--,--,--,--,0.5199999809265137,0.7200000286102295,0.6394479870796204
4,1774,0.08585076779127121,0.0,0.14475296437740326,0.6600000262260437,0.8719947934150696,--,--,--,--,0.6779800057411194,0.8713600039482117,0.7966123819351196
4,1775,0.09555201977491379,-0.05860738083720207,0.17164163291454315,0.5099999904632568,0.945962131023407,--,--,--,--,0.557919979095459,0.9383400082588196,0.7597591280937195
4,1776,0.14069712162017822,-0.050600409507751465,0.2335776537656784,0.5799999833106995,0.9707862734794617,--,--,--,--,0.6127899885177612,0.9700000286102295,0.8549012541770935
4,1777,0.14899247884750366,-0.031891606748104095,0.23073673248291016,0.6499999761581421,1.012186050415039,--,--,--,--,0.6875,1.0062999725341797,0.9096975326538086
4,1778,0.10614235699176788,-0.07775624096393585,0.19545786082744598,0.5099999904632568,0.8602745532989502,--,--,--,--,0.5199999809265137,0.8600000143051147,0.7088700532913208
4,1779,0.11924480646848679,-0.04571900889277458,0.22184810042381287,0.5799999833106995,0.8239160776138306,--,--,--,--,0.5799999833106995,0.8225499987602234,0.7649625539779663
4,1780,0.10591620951890945,-0.048641424626111984,0.21464529633522034,0.5299999713897705,0.9140548706054688,--,--,--,--,0.550000011920929,0.9120699763298035,0.7886314988136292
4,1781,0.13204707205295563,-0.051222555339336395,0.27684059739112854,0.550000011920929,0.9930660128593445,--,--,--,--,0.550000011920929,0.9909399747848511,0.8903182744979858
4,1782,0.03699732571840286,-0.049184639006853104,0.10449450463056564,0.5,0.7954879999160767,--,--,--,--,0.5394899845123291,0.793749988079071,0.6638056039810181
4,1783,0.0895678699016571,-0.03166136145591736,0.1824869066476822,0.5400000214576721,0.910937488079071,--,--,--,--,0.5400000214576721,0.9109399914741516,0.7624763250350952
4,1784,0.10668540000915527,-0.031428005546331406,0.23061063885688782,0.5799999833106995,0.931119978427887,--,--,--,--,0.6200000047683716,0.9300000071525574,0.8097525238990784
4,1785,nan,-0.0,-0.0,0.5199999809265137,0.5608299374580383,0.587114155292511,0.6371098756790161,0.6095952391624451,0.672493040561676,--,--,nan
4,1786,0.32432445883750916,-0.15071669220924377,0.4587048888206482,0.5400000214576721,0.8511126637458801,0.5062224268913269,0.5872302651405334,0.5078282356262207,0.6097413301467896,0.5400000214576721,0.8492900133132935,0.8006740212440491
4,1787,0.4025115668773651,-0.021995507180690765,0.5717802047729492,0.8500000238418579,0.9602259397506714,0.5186673402786255,0.5186673402786255,0.5234847068786621,0.5234847068786621,0.8500000238418579,0.9595400094985962,0.9390152096748352
4,1788,0.2599829435348511,-0.17416979372501373,0.34268203377723694,0.5099999904632568,0.9419936537742615,0.5124448537826538,0.5251487493515015,0.5156564712524414,0.5316387414932251,0.5099999904632568,0.9391800165176392,0.8207276463508606
4,1789,0.3131101131439209,-0.08907531946897507,0.43725675344467163,0.5799999833106995,0.9890908598899841,0.5062224268913269,0.5256662368774414,0.5078282356262207,0.5322898030281067,0.5799999833106995,0.9866899847984314,0.8896185159683228
4,1790,0.25686442852020264,-0.039047930389642715,0.3925945460796356,0.6200000047683716,0.9579918384552002,0.5080000162124634,0.5329999923706055,0.5059999823570251,0.5247499942779541,0.6200000047683716,0.9565500020980835,0.877208948135376
4,1791,0.21652285754680634,-0.06324723362922668,0.35851022601127625,0.5099999904632568,0.9614982604980469,0.5,0.5180000066757202,0.5,0.5134999752044678,0.5099999904632568,0.9593499898910522,0.8355516791343689
4,1792,0.191630020737648,-0.06331474334001541,0.306608110666275,0.5,0.8421198725700378,0.5559999942779541,0.5723311901092529,0.5419999957084656,0.5542483925819397,0.5,0.8402199745178223,0.7662050724029541
4,1793,0.23078806698322296,-0.029737800359725952,0.3406190872192383,0.6399999856948853,0.8024178743362427,0.5400000214576721,0.6202071905136108,0.5299999713897705,0.5901554226875305,0.6399999856948853,0.8279399871826172,0.7873486876487732
4,1794,0.26479193568229675,-0.042255304753780365,0.4173628091812134,0.6700000166893005,0.9703509211540222,0.5,0.5163311958312988,0.5,0.5122483968734741,0.6700000166893005,0.9689499735832214,0.8847315907478333
4,1795,0.2956703007221222,-0.017271779477596283,0.4402334988117218,0.6399999856948853,0.8043785095214844,0.6520792245864868,0.6805931925773621,0.5497182011604309,0.5590400695800781,0.6623600125312805,0.9177899956703186,0.8379801511764526
4,1796,0.30371737480163574,-0.017446188256144524,0.4420720338821411,0.7099999785423279,0.8205844759941101,0.5095049738883972,0.6622612476348877,0.5031073689460754,0.5530469417572021,0.7264099717140198,0.892520010471344,0.8398537635803223
4,1797,0.2501373291015625,-0.025460589677095413,0.4079410433769226,0.5299999713897705,0.7663735151290894,0.5570297241210938,0.7461828589439392,0.5186443328857422,0.5804828405380249,0.5619500279426575,0.9059600234031677,0.7944874167442322
4,1798,0.2101803719997406,-0.004003401845693588,0.2896849811077118,0.6899999976158142,0.7574999928474426,0.5190098881721497,0.5591673851013184,0.5062147974967957,0.5193431973457336,0.6974800229072571,0.7877500057220459,0.762939453125
4,1799,0.3031388223171234,-0.039006996899843216,0.4093582332134247,0.6399999856948853,0.9943119883537292,0.5,0.5106930136680603,0.5,0.5034958124160767,0.6891700029373169,0.9909899830818176,0.8971098065376282
4,1800,0.22907790541648865,-0.06347139924764633,0.36440518498420715,0.6600000262260437,0.9505297541618347,--,--,--,--,0.729449987411499,0.949999988079071,0.8873472213745117
4,1801,0.20957119762897491,-0.08611307293176651,0.330861896276474,0.6200000047683716,0.8895538449287415,--,--,--,--,0.6896100044250488,0.8820499777793884,0.8142798542976379
4,1802,0.21162746846675873,-0.04982900246977806,0.3783876597881317,0.6299999952316284,1.0004856586456299,--,--,--,--,0.705079972743988,0.9975000023841858,0.9129852056503296
4,1803,0.19415703415870667,-0.0036037499085068703,0.30422723293304443,0.5299999713897705,0.9903123378753662,--,--,--,--,0.5555999875068665,0.9894899725914001,0.8361401557922363
4,1804,0.1999504715204239,-0.06101898103952408,0.34047311544418335,0.5600000023841858,0.9714667797088623,--,--,--,--,0.6209200024604797,0.9697700142860413,0.8356367349624634
4,1805,0.20949909090995789,-0.05835023149847984,0.3244125545024872,0.6499999761581421,0.8984470367431641,--,--,--,--,0.7059900164604187,0.8967099785804749,0.8298023343086243
4,1806,0.20658142864704132,-0.03923084959387779,0.36106643080711365,0.5299999713897705,0.9408652782440186,--,--,--,--,0.5999900102615356,0.940530002117157,0.8633409142494202
4,1807,0.07682165503501892,-0.08117824047803879,0.13940101861953735,0.5099999904632568,0.891632616519928,--,--,--,--,0.5306100249290466,0.886650025844574,0.7172553539276123
4,1808,0.20062196254730225,-0.04345191270112991,0.3559834361076355,0.6399999856948853,0.974402904510498,--,--,--,--,0.6705899834632874,0.9719300270080566,0.8883819580078125
4,1809,0.1772763431072235,-0.043144356459379196,0.2848093509674072,0.7599999904632568,0.9217185378074646,--,--,--,--,0.779420018196106,0.9190899729728699,0.8584417104721069
4,1810,0.27588939666748047,-0.024271655827760696,0.45407918095588684,0.5600000023841858,1.002563714981079,0.5,0.5286334156990051,0.5,0.5089479088783264,0.6097000241279602,1.000499963760376,0.880207896232605
4,1811,0.26196885108947754,-0.039037201553583145,0.41824913024902344,0.5299999713897705,1.0034879446029663,0.5,0.5,0.5,0.5,0.5937700271606445,0.9958900213241577,0.8611404299736023
4,1812,0.29367196559906006,-0.011228480376303196,0.5306060910224915,0.6399999856948853,0.8103446364402771,0.5763583779335022,0.6867991089820862,0.5238620042800903,0.5583747029304504,0.6657099723815918,0.8744400143623352,0.8080992698669434
4,1813,0.25315725803375244,-0.02920776791870594,0.41458070278167725,0.5199999809265137,0.8907973766326904,0.5,0.5764299631118774,0.5,0.5238843560218811,0.566789984703064,0.8871700167655945,0.8017223477363586
4,1814,0.29787856340408325,-0.02387513592839241,0.4895286560058594,0.6399999856948853,0.9892023205757141,0.5095447897911072,0.5095447897911072,0.5029827356338501,0.5029827356338501,0.6839600205421448,0.9853600263595581,0.8919815421104431
4,1815,0.0972011610865593,-0.07458971440792084,0.2015998363494873,0.5,0.8500175476074219,--,--,--,--,0.5,0.847029983997345,0.7343816161155701
4,1816,0.06341615319252014,-0.045940980315208435,0.25027987360954285,0.5600000023841858,0.6914880275726318,--,--,--,--,0.5600000023841858,0.6908800005912781,0.6521121859550476
4,1817,0.092072494328022,-0.04575628414750099,0.19138264656066895,0.5600000023841858,0.9088888764381409,--,--,--,--,0.5799999833106995,0.9088199734687805,0.7721608281135559
4,1818,0.12647107243537903,-0.0671033263206482,0.28721821308135986,0.5099999904632568,0.9416436553001404,--,--,--,--,0.5099999904632568,0.9389500021934509,0.8622767329216003
4,1819,0.13128837943077087,-0.034115247428417206,0.2961845397949219,0.5799999833106995,0.9276363253593445,--,--,--,--,0.6284099817276001,0.9271900057792664,0.8503233194351196
4,1820,0.27081674337387085,-0.13216093182563782,0.38263845443725586,0.5400000214576721,0.8900034427642822,0.5236407518386841,0.5679659843444824,0.5184693336486816,0.5530984401702881,0.5400000214576721,0.8899999856948853,0.8015934824943542
4,1821,0.3502425253391266,-0.062314677983522415,0.5315755009651184,0.6499999761581421,0.9015893936157227,0.5394012331962585,0.5886486768722534,0.5307822227478027,0.5692567825317383,0.6499999761581421,0.9015899896621704,0.8634150624275208
4,1822,0.27166563272476196,-0.09653034061193466,0.40073147416114807,0.5299999713897705,0.8478432893753052,0.5078802704811096,0.6044116020202637,0.5061564445495605,0.5815715789794922,0.5299999713897705,0.8456100225448608,0.7911409735679626
4,1823,0.3318828344345093,-0.05630279332399368,0.48036646842956543,0.7200000286102295,0.9800000190734863,0.5078802704811096,0.5157586932182312,0.5061564445495605,0.5123114585876465,0.7200000286102295,0.9800000190734863,0.900974452495575
4,1824,0.38526085019111633,-0.00037495302967727184,0.5833972692489624,0.8600000143051147,0.9400739073753357,0.5078802704811096,0.5395373702049255,0.5061564445495605,0.530888557434082,0.8600000143051147,0.9441499710083008,0.9281306266784668
4,1825,0.3091677129268646,-0.04069317504763603,0.46168678998947144,0.6299999952316284,0.9626821875572205,0.509910523891449,0.509910523891449,0.5283157229423523,0.5283157229423523,0.6756500005722046,0.961929976940155,0.8843522071838379
4,1826,0.33182114362716675,-0.017351560294628143,0.5397257208824158,0.6499999761581421,0.8703803420066833,0.5297315120697021,0.5400549173355103,0.5849472284317017,0.6144425272941589,0.6774200201034546,0.9244499802589417,0.866992175579071
4,1827,0.2861626446247101,-0.052550069987773895,0.4216943085193634,0.5699999928474426,0.921255886554718,0.5033035278320312,0.5232893228530884,0.5094385743141174,0.5665409564971924,0.6194900274276733,0.91948002576828,0.8400453329086304
4,1828,0.28397050499916077,-0.043537478893995285,0.42428138852119446,0.5,1.0028328895568848,0.5,0.5037163496017456,0.5,0.5106180906295776,0.5647900104522705,1.0003000497817993,0.8876336812973022
4,1829,0.2900809049606323,-0.04225604981184006,0.4323872923851013,0.5600000023841858,1.00821852684021,0.5,0.5,0.5,0.5,0.6190000176429749,1.0069999694824219,0.8977636098861694
4,1830,0.1322759985923767,-0.05290306359529495,0.25026801228523254,0.5400000214576721,0.9211077094078064,--,--,--,--,0.5400000214576721,0.9200599789619446,0.8155995607376099
4,1831,0.15113243460655212,-0.07131893187761307,0.249307781457901,0.6200000047683716,0.9788337349891663,--,--,--,--,0.6200000047683716,0.9750499725341797,0.859001874923706
4,1832,0.13322703540325165,-0.023424001410603523,0.24740876257419586,0.5400000214576721,1.0092025995254517,--,--,--,--,0.5834400057792664,1.0081000328063965,0.893887460231781
4,1833,0.10953548550605774,-0.06385692209005356,0.18702547252178192,0.6000000238418579,1.0080262422561646,--,--,--,--,0.6100000143051147,1.0054999589920044,0.8245213031768799
4,1834,0.15696141123771667,-0.06421191990375519,0.2562161684036255,0.6600000262260437,0.941247284412384,--,--,--,--,0.6600000262260437,0.9394599795341492,0.8664936423301697
4,1835,0.22716960310935974,-0.02055436186492443,0.3728805482387543,0.6100000143051147,0.7865440249443054,0.5493927597999573,0.648222804069519,0.534063994884491,0.6022226214408875,0.6100000143051147,0.8231800198554993,0.7744306325912476
4,1836,0.26618269085884094,-0.03252419829368591,0.41149795055389404,0.5600000023841858,0.9355524778366089,0.5164642333984375,0.5787157416343689,0.5113546848297119,0.5542867183685303,0.5600000023841858,0.9334999918937683,0.8632550835609436
4,1837,0.21958838403224945,-0.02640589326620102,0.35623085498809814,0.5899999737739563,0.7503879070281982,0.6481782793998718,0.6730803847312927,0.6021919250488281,0.6193657517433167,0.5899999737739563,0.8120599985122681,0.7486793398857117
4,1838,0.27324408292770386,-0.02444416657090187,0.4291263818740845,0.6499999761581421,0.859423041343689,0.5164642333984375,0.6014207005500793,0.5113546848297119,0.5699452757835388,0.6499999761581421,0.865559995174408,0.8317633867263794
4,1839,0.27009013295173645,-0.03398578241467476,0.42549630999565125,0.5699999928474426,0.8375889658927917,0.6070176362991333,0.6255388259887695,0.5738052725791931,0.5865784883499146,0.5699999928474426,0.8543400168418884,0.8057641983032227
4,1840,0.3272463083267212,-0.032499369233846664,0.5046854019165039,0.7099999785423279,0.9717874526977539,0.5045864582061768,0.5097457766532898,0.5088862180709839,0.5188824534416199,0.7099999785423279,0.9691600203514099,0.9076598882675171
4,1841,0.33366891741752625,-0.03475317731499672,0.5324046015739441,0.7400000095367432,0.8799658417701721,0.5045864582061768,0.5510057806968689,0.5088862180709839,0.5988237261772156,0.7400000095367432,0.8954899907112122,0.8607811331748962
4,1842,0.2733222544193268,-0.10270851105451584,0.42443886399269104,0.5,0.8322030305862427,0.5137593150138855,0.5647166967391968,0.5266585946083069,0.6253886222839355,0.5,0.8291900157928467,0.7774554491043091
4,1843,0.26641252636909485,-0.049285437911748886,0.4163477420806885,0.5099999904632568,0.908588171005249,0.5045864582061768,0.5275036692619324,0.5088862180709839,0.5532884001731873,0.5099999904632568,0.9062899947166443,0.833970308303833
4,1844,0.21977634727954865,-0.06576722860336304,0.4021882116794586,0.5,0.7296810746192932,0.536691427230835,0.6060607433319092,0.5710896253585815,0.7054927349090576,0.5,0.8128899931907654,0.736914336681366
4,1845,0.11498527973890305,-0.041670847684144974,0.22209955751895905,0.5199999809265137,0.9924870729446411,--,--,--,--,0.5620999932289124,0.9913700222969055,0.8548341393470764
4,1846,0.09268810600042343,-0.04798230156302452,0.14659294486045837,0.5699999928474426,0.7404050827026367,--,--,--,--,0.5699999928474426,0.740149974822998,0.7041580677032471
4,1847,0.11139216274023056,-0.024364778771996498,0.18141120672225952,0.699999988079071,1.0028407573699951,--,--,--,--,0.699999988079071,1.0020999908447266,0.9146806001663208
4,1848,0.11611519753932953,-0.02531079389154911,0.1962684690952301,0.6100000143051147,0.9922593832015991,--,--,--,--,0.648360013961792,0.991100013256073,0.8995052576065063
4,1849,0.04716172441840172,-0.033478032797575,0.09630122035741806,0.5600000023841858,0.8813498020172119,--,--,--,--,0.575689971446991,0.8771799802780151,0.750704824924469
4,1850,0.3951210081577301,-0.019375773146748543,0.5454385280609131,0.7400000095367432,0.9867058992385864,0.5071824193000793,0.5233423709869385,0.5069579482078552,0.5226129293441772,0.778190016746521,0.9822999835014343,0.9288147687911987
4,1851,0.2965255379676819,-0.060391705483198166,0.38331976532936096,0.5899999737739563,0.989871084690094,0.5,0.508080005645752,0.5,0.5078274607658386,0.6606900095939636,0.9849799871444702,0.8556625247001648
4,1852,0.40320929884910583,-0.020248234272003174,0.5551650524139404,0.7599999904632568,0.9437271356582642,0.5143647789955139,0.5290281772613525,0.5139158964157104,0.5281210541725159,0.792110025882721,0.9398499727249146,0.9058519601821899
4,1853,0.3844124674797058,-0.02393658645451069,0.5271325707435608,0.7099999785423279,0.9599416255950928,0.5071824193000793,0.5287243723869324,0.5069579482078552,0.527826726436615,0.7512199878692627,0.9549199938774109,0.9028734564781189
4,1854,0.3853984475135803,-0.03185101971030235,0.5362075567245483,0.6200000047683716,0.8510170578956604,0.5287296175956726,0.59605872631073,0.5278317928314209,0.593056857585907,0.6636999845504761,0.8705400228500366,0.8276177048683167
4,1855,0.3097992539405823,-0.03513393551111221,0.4273528456687927,0.6899999976158142,0.8901177048683167,0.5429551005363464,0.5792497992515564,0.5255902409553528,0.5472126603126526,0.6899999976158142,0.8875700235366821,0.8535691499710083
4,1856,0.3348671793937683,-0.021931035444140434,0.4833565056324005,0.7599999904632568,0.9256769418716431,0.5257730484008789,0.5692622661590576,0.5153541564941406,0.5412626266479492,0.7599999904632568,0.9310899972915649,0.907407283782959
4,1857,0.3043116331100464,-0.031267788261175156,0.43020138144493103,0.6899999976158142,0.9545265436172485,0.5,0.5430703163146973,0.5,0.525658905506134,0.6899999976158142,0.9539499878883362,0.9007024765014648
4,1858,0.24413475394248962,-0.032683245837688446,0.3408619165420532,0.5099999904632568,0.7084434032440186,0.7061843872070312,0.7255136370658875,0.622833251953125,0.6343485713005066,0.5099999904632568,0.8376100063323975,0.7533345818519592
4,1859,0.23983894288539886,-0.05872608348727226,0.31261488795280457,0.5600000023841858,0.99128657579422,0.5,0.5,0.5,0.5,0.5600000023841858,0.9848099946975708,0.8544986844062805
4,1860,0.10021597892045975,-0.1419583261013031,0.18708579242229462,0.5099999904632568,0.8959421515464783,--,--,--,--,0.5199999809265137,0.890470027923584,0.7690430879592896
4,1861,0.11126123368740082,-0.07732759416103363,0.19898392260074615,0.5600000023841858,0.9673712849617004,--,--,--,--,0.5600000023841858,0.9604600071907043,0.815660297870636
4,1862,0.11392345279455185,-0.12842530012130737,0.20654617249965668,0.5400000214576721,0.9794402122497559,--,--,--,--,0.5400000214576721,0.9755499958992004,0.8638471364974976
4,1863,0.09737737476825714,-0.049207769334316254,0.16171894967556,0.6000000238418579,0.9902202486991882,--,--,--,--,0.6295499801635742,0.9900000095367432,0.8317723870277405
4,1864,0.13653209805488586,-0.05947820469737053,0.2573765218257904,0.6700000166893005,0.9729143977165222,--,--,--,--,0.6700000166893005,0.9700000286102295,0.8860026597976685
4,1865,0.11300864070653915,-0.14203599095344543,0.1987890601158142,0.5,0.9007493257522583,--,--,--,--,0.5,0.8972700238227844,0.813065767288208
4,1866,0.11687161028385162,-0.04366195946931839,0.21184930205345154,0.5299999713897705,0.9619520306587219,--,--,--,--,0.5842700004577637,0.9599999785423279,0.8483800292015076
4,1867,0.10061198472976685,-0.02018551155924797,0.16147974133491516,0.6600000262260437,0.9266538619995117,--,--,--,--,0.687529981136322,0.9232900142669678,0.8245566487312317
4,1868,0.10324255377054214,-0.05362844467163086,0.20416955649852753,0.5799999833106995,0.9605536460876465,--,--,--,--,0.6000000238418579,0.9582499861717224,0.8363550901412964
4,1869,0.10420197248458862,-0.10618602484464645,0.18689848482608795,0.5299999713897705,0.9250924587249756,--,--,--,--,0.5668799877166748,0.9224600195884705,0.8200234174728394
4,1870,0.3105248212814331,-0.016317086294293404,0.45176056027412415,0.5699999928474426,0.9592911601066589,0.5322971343994141,0.5454850792884827,0.5381693243980408,0.5537551045417786,0.6104699969291687,0.9563199877738953,0.8870569467544556
4,1871,0.30259808897972107,-0.019831275567412376,0.42998284101486206,0.5799999833106995,0.9602025747299194,0.5129188299179077,0.5324537754058838,0.5152677297592163,0.5383545160293579,0.6212999820709229,0.9566299915313721,0.8840550780296326
4,1872,0.30776679515838623,-0.021097324788570404,0.4318605363368988,0.6100000143051147,1.0178552865982056,0.5,0.5,0.5,0.5,0.6550499796867371,1.013100028038025,0.9234259128570557
4,1873,0.22182631492614746,-0.01923777163028717,0.3837577998638153,0.5,0.7296981811523438,0.5516753792762756,0.6772726774215698,0.5610709190368652,0.7095040678977966,0.5265700221061707,0.8216699957847595,0.7368003129959106
4,1874,0.28977063298225403,-0.02556058205664158,0.4011830985546112,0.5699999928474426,0.9842042326927185,0.5,0.5072668194770813,0.5,0.5085880756378174,0.616890013217926,0.9789599776268005,0.8892101645469666
4,1875,0.10447895526885986,-0.08419010043144226,0.2504907548427582,0.5,0.981665313243866,--,--,--,--,0.5,0.9803799986839294,0.9003152251243591
4,1876,0.09348265081644058,-0.07244836539030075,0.1921846568584442,0.5099999904632568,0.9220488667488098,--,--,--,--,0.5099999904632568,0.9183599948883057,0.7662335634231567
4,1877,0.12402182817459106,-0.03195919096469879,0.2741376459598541,0.6399999856948853,0.998388946056366,--,--,--,--,0.6399999856948853,0.997730016708374,0.8968237638473511
4,1878,0.10258660465478897,-0.02952094003558159,0.22836868464946747,0.6399999856948853,0.9949958324432373,--,--,--,--,0.6399999856948853,0.9925000071525574,0.8682622909545898
4,1879,0.12203649431467056,-0.07820336520671844,0.25599056482315063,0.5899999737739563,0.9708865284919739,--,--,--,--,0.5899999737739563,0.9694700241088867,0.8461447358131409
4,1880,0.40294867753982544,-0.021566497161984444,0.603793740272522,0.6800000071525574,0.931641161441803,0.539631187915802,0.5475574135780334,0.5304855108261108,0.5365826487541199,0.7088599801063538,0.9299499988555908,0.8922337889671326
4,1881,0.3639798164367676,-0.01013041939586401,0.6137844920158386,0.6299999952316284,0.7812281847000122,0.6188936233520508,0.6836236715316772,0.5914565920829773,0.6412490010261536,0.6471199989318848,0.9048299789428711,0.8176372051239014
4,1882,0.40520811080932617,-0.02898961864411831,0.6046026349067688,0.7799999713897705,0.9300000071525574,0.5,0.5485475659370422,0.5,0.5373442769050598,0.7799999713897705,0.9300000071525574,0.8968321084976196
4,1883,0.4190232455730438,-0.01029830053448677,0.6243987679481506,0.8199999928474426,0.9799944162368774,0.5,0.517829418182373,0.5,0.5137149095535278,0.8376100063323975,0.9789299964904785,0.9487593770027161
4,1884,0.3008688688278198,-0.014865846373140812,0.5326848030090332,0.6200000047683716,0.7114239931106567,0.5237787365913391,0.7062588334083557,0.5182912945747375,0.6586606502532959,0.6321799755096436,0.8342000246047974,0.7520470023155212
4,1885,0.13785067200660706,-0.0722065269947052,0.21299025416374207,0.5400000214576721,0.9900000095367432,--,--,--,--,0.5855600237846375,0.9900000095367432,0.8266600966453552
4,1886,0.13549195230007172,-0.08089225739240646,0.21817465126514435,0.5600000023841858,0.9900090098381042,--,--,--,--,0.5600000023841858,0.9900000095367432,0.8291593194007874
4,1887,0.13749338686466217,-0.06813345104455948,0.21406549215316772,0.5199999809265137,0.9721288681030273,--,--,--,--,0.5199999809265137,0.9706699848175049,0.817077100276947
4,1888,0.13832902908325195,-0.03476240113377571,0.21324574947357178,0.6399999856948853,1.007354974746704,--,--,--,--,0.6800000071525574,1.0042999982833862,0.8864659070968628
4,1889,0.12783898413181305,-0.06882283091545105,0.19931560754776,0.5899999737739563,0.8601293563842773,--,--,--,--,0.5899999737739563,0.8600000143051147,0.773470938205719
4,1890,0.11548703908920288,-0.06862632930278778,0.28256720304489136,0.5799999833106995,0.9304800033569336,--,--,--,--,0.6214799880981445,0.9286900162696838,0.8157103657722473
4,1891,0.08674777299165726,-0.07061569392681122,0.17777281999588013,0.5099999904632568,0.8603023886680603,--,--,--,--,0.5369499921798706,0.8578699827194214,0.7413827776908875
4,1892,0.060716789215803146,-0.033712148666381836,0.10501094162464142,0.6000000238418579,0.9496046900749207,--,--,--,--,0.6000000238418579,0.9470700025558472,0.7926634550094604
4,1893,0.06699425727128983,-0.09101101011037827,0.1292923241853714,0.5400000214576721,0.9504047632217407,--,--,--,--,0.5400000214576721,0.948360025882721,0.8000165224075317
4,1894,0.070609912276268,-0.03668447956442833,0.11830483376979828,0.6499999761581421,0.9719059467315674,--,--,--,--,0.6499999761581421,0.9705299735069275,0.8102673888206482
4,1895,0.10097463428974152,-0.06557472050189972,0.2172752320766449,0.6600000262260437,0.9601374268531799,--,--,--,--,0.6600000262260437,0.9589899778366089,0.885436475276947
4,1896,0.07792450487613678,-0.07759606838226318,0.15518079698085785,0.5600000023841858,0.9901646971702576,--,--,--,--,0.5600000023841858,0.9886000156402588,0.8477730751037598
4,1897,0.08169076591730118,-0.03828279674053192,0.15475435554981232,0.699999988079071,0.9905321002006531,--,--,--,--,0.699999988079071,0.9894899725914001,0.8847981095314026
4,1898,0.033096857368946075,-0.06651801615953445,0.07123099267482758,0.5199999809265137,0.7444999814033508,--,--,--,--,0.5199999809265137,0.7438200116157532,0.6387923359870911
4,1899,0.08887149393558502,-0.04635509103536606,0.2225775569677353,0.5,1.028801679611206,--,--,--,--,0.5287700295448303,1.0255999565124512,0.8004099130630493
4,1900,0.11482888460159302,-0.05256732553243637,0.3364354372024536,0.550000011920929,0.982823371887207,--,--,--,--,0.550000011920929,0.9822700023651123,0.8255956768989563
4,1901,0.11249951273202896,-0.04473688080906868,0.3273543119430542,0.5600000023841858,0.9712902903556824,--,--,--,--,0.6195499897003174,0.9702900052070618,0.8351741433143616
4,1902,0.09716193377971649,-0.0371440090239048,0.24754202365875244,0.6700000166893005,0.9512466192245483,--,--,--,--,0.6700000166893005,0.9506099820137024,0.8545901775360107
4,1903,0.09242840856313705,-0.03420263156294823,0.2261369824409485,0.6499999761581421,0.9628354907035828,--,--,--,--,0.6499999761581421,0.9618899822235107,0.897151529788971
4,1904,0.09236788004636765,-0.02134246937930584,0.2713472843170166,0.6600000262260437,0.8813585638999939,--,--,--,--,0.6700000166893005,0.8811100125312805,0.786231517791748
4,1905,0.3072107136249542,-0.044699542224407196,0.4169985353946686,0.550000011920929,0.9148960113525391,0.5,0.5,0.5400000214576721,0.5400000214576721,0.6157299876213074,0.9086400270462036,0.8371495604515076
4,1906,0.3113802969455719,-0.02900993451476097,0.46806302666664124,0.5400000214576721,0.8121600151062012,0.5,0.5,0.5199999809265137,0.6910648345947266,0.5908700227737427,0.8922799825668335,0.8080428838729858
4,1907,0.32454290986061096,-0.04358232393860817,0.443111389875412,0.6299999952316284,1.0022666454315186,0.5,0.5,0.5,0.5,0.698930025100708,0.9940999746322632,0.8955536484718323
4,1908,0.30744069814682007,-0.0112529331818223,0.45532768964767456,0.5799999833106995,0.7984071373939514,0.5,0.5,0.5299999713897705,0.6535871624946594,0.6135799884796143,0.8738700151443481,0.8091104626655579
4,1909,0.35782334208488464,-0.029510734602808952,0.5036327242851257,0.6299999952316284,1.010159969329834,0.5,0.5,0.5,0.5112492442131042,0.6911299824714661,1.0048999786376953,0.9283692240715027
4,1910,0.2889617383480072,-0.09282878786325455,0.40234294533729553,0.5299999713897705,0.9092028737068176,0.5044721364974976,0.53667151927948,0.5089442729949951,0.57334303855896,0.5299999713897705,0.9090499877929688,0.8208481669425964
4,1911,0.27062252163887024,-0.44498512148857117,0.03856697678565979,0.5400000214576721,0.5512492656707764,0.5268328189849854,0.5715764164924622,0.5536656379699707,0.6431528925895691,0.5400000214576721,0.6366099715232849,0.5874935984611511
4,1912,0.30496445298194885,-0.08511032164096832,0.420842707157135,0.6200000047683716,0.9897798895835876,0.5,0.5050302743911743,0.5,0.5100604891777039,0.6200000047683716,0.9895700216293335,0.8710740804672241
4,1913,nan,-0.0,-0.0,0.699999988079071,0.830874502658844,0.5223606824874878,0.5636832118034363,0.5447213649749756,0.6273664236068726,--,--,nan
4,1914,nan,-0.0,-0.0,0.75,0.9377453923225403,0.5089442729949951,0.5368949174880981,0.5178885459899902,0.5737898349761963,--,--,nan
4,1915,0.1678272783756256,-0.10485589504241943,0.3046571910381317,0.550000011920929,0.9799940586090088,--,--,--,--,0.550000011920929,0.9797599911689758,0.8657295107841492
4,1916,0.10909901559352875,-0.03277004510164261,0.20676960051059723,0.5400000214576721,0.8227875828742981,--,--,--,--,0.5827400088310242,0.8192200064659119,0.7535385489463806
4,1917,0.12960880994796753,-0.07652183622121811,0.19535769522190094,0.550000011920929,0.9533789157867432,--,--,--,--,0.5928699970245361,0.9533100128173828,0.8052800893783569
4,1918,0.0493670254945755,-0.07807299494743347,0.18273141980171204,0.5199999809265137,0.7899519801139832,--,--,--,--,0.5299999713897705,0.7827100157737732,0.6393075585365295
4,1919,0.1268441081047058,-0.06008893996477127,0.23564739525318146,0.6499999761581421,0.9111040234565735,--,--,--,--,0.6499999761581421,0.9078699946403503,0.823876678943634
4,1920,0.11865074187517166,-0.05875861644744873,0.21636036038398743,0.550000011920929,0.9655576348304749,--,--,--,--,0.5799999833106995,0.9594900012016296,0.8157249093055725
4,1921,0.12744948267936707,-0.08824492990970612,0.21394577622413635,0.5099999904632568,0.9824703335762024,--,--,--,--,0.5099999904632568,0.9775400161743164,0.8631172180175781
4,1922,0.12105093151330948,-0.08231119066476822,0.21228912472724915,0.5899999737739563,0.9222236275672913,--,--,--,--,0.5899999737739563,0.9214199781417847,0.8092411160469055
4,1923,0.11344762146472931,-0.06529954820871353,0.1968713402748108,0.5600000023841858,0.8710548281669617,--,--,--,--,0.5924800038337708,0.8667500019073486,0.7678551077842712
4,1924,0.0732627585530281,-0.03873099759221077,0.13341276347637177,0.5099999904632568,0.9368053078651428,--,--,--,--,0.5099999904632568,0.9313399791717529,0.7470541596412659
4,1925,0.12801453471183777,-0.04760250449180603,0.243061363697052,0.5199999809265137,0.9922100901603699,--,--,--,--,0.5722600221633911,0.9887999892234802,0.8935944437980652
4,1926,0.09805440902709961,-0.03600136935710907,0.20236748456954956,0.5699999928474426,0.965252697467804,--,--,--,--,0.6129400134086609,0.9639300107955933,0.8374941349029541
4,1927,0.09875823557376862,-0.032303694635629654,0.21194547414779663,0.5199999809265137,1.0353044271469116,--,--,--,--,0.5696399807929993,1.0299999713897705,0.8347597718238831
4,1928,0.09971179068088531,-0.028190921992063522,0.20613840222358704,0.5899999737739563,0.9595338702201843,--,--,--,--,0.6100000143051147,0.9558200240135193,0.8290709853172302
4,1929,0.11185398697853088,-0.04120441898703575,0.22644534707069397,0.5400000214576721,0.9995114207267761,--,--,--,--,0.5400000214576721,0.9981300234794617,0.8614112138748169
4,1930,0.10427378863096237,-0.028484029695391655,0.20509648323059082,0.6700000166893005,0.9757134318351746,--,--,--,--,0.6700000166893005,0.9722099900245667,0.8500601649284363
4,1931,0.06485875695943832,-0.10658085346221924,0.1287921816110611,0.550000011920929,0.8202044367790222,--,--,--,--,0.550000011920929,0.8183599710464478,0.7022229433059692
4,1932,0.11045871675014496,-0.07983800023794174,0.21310921013355255,0.5699999928474426,0.9418640732765198,--,--,--,--,0.5699999928474426,0.9410099983215332,0.8446219563484192
4,1933,0.11768460273742676,-0.016950031742453575,0.17999236285686493,0.6899999976158142,0.9253268837928772,--,--,--,--,0.707610011100769,0.9241099953651428,0.84880530834198
4,1934,0.1124938577413559,-0.05791149288415909,0.20063276588916779,0.5899999737739563,0.9337341785430908,--,--,--,--,0.5899999737739563,0.9318400025367737,0.8552790284156799
4,1935,0.2954186797142029,-0.08389045298099518,0.3866611421108246,0.5199999809265137,0.8600258827209473,0.5044721364974976,0.5598106384277344,0.5089442729949951,0.6196212768554688,0.5199999809265137,0.8584700226783752,0.8111099004745483
4,1936,0.29674679040908813,-0.06932532042264938,0.38502827286720276,0.5699999928474426,0.9567856192588806,0.5044721364974976,0.5180001258850098,0.5089442729949951,0.5360002517700195,0.5699999928474426,0.9539999961853027,0.8658085465431213
4,1937,0.3858289420604706,-0.03380201756954193,0.5279896855354309,0.7900000214576721,0.9204687476158142,0.5,0.535215437412262,0.5,0.5704308152198792,0.7900000214576721,0.9255200028419495,0.9035829305648804
4,1938,0.2650449573993683,-0.08536116778850555,0.3430883586406708,0.5199999809265137,1.0073480606079102,0.5,0.5,0.5,0.5,0.5199999809265137,1.0054999589920044,0.8647220134735107
4,1939,0.2991745173931122,-0.06278303265571594,0.3902895450592041,0.6000000238418579,0.9563983678817749,0.5089442729949951,0.5139750242233276,0.5178885459899902,0.5279501080513,0.6000000238418579,0.9550999999046326,0.8701185584068298
4,1940,0.07350271195173264,-0.060078129172325134,0.1252460777759552,0.5600000023841858,0.9912258982658386,--,--,--,--,0.5600000023841858,0.9833999872207642,0.8015750050544739
4,1941,0.14772763848304749,0.0,0.23297877609729767,0.6299999952316284,0.94024658203125,--,--,--,--,0.6523600220680237,0.9398300051689148,0.8327359557151794
4,1942,0.14070826768875122,-0.1216641217470169,0.24254898726940155,0.5299999713897705,0.9800750017166138,--,--,--,--,0.5299999713897705,0.976140022277832,0.8847475647926331
4,1943,0.16052937507629395,-0.026534177362918854,0.28821131587028503,0.550000011920929,0.9788807034492493,--,--,--,--,0.6273999810218811,0.9783300161361694,0.8935295343399048
4,1944,0.1366824507713318,-0.06520261615514755,0.23357440531253815,0.6100000143051147,0.9744953513145447,--,--,--,--,0.6100000143051147,0.9737200140953064,0.8646048903465271
4,1945,0.16059362888336182,-0.08045905083417892,0.23791983723640442,0.5099999904632568,0.7503494620323181,0.5086690783500671,0.612733006477356,0.5049847364425659,0.5648214817047119,0.5099999904632568,0.7476199865341187,0.7091261744499207
4,1946,0.320186972618103,-0.03402000293135643,0.48447611927986145,0.699999988079071,0.9093718528747559,0.5520143508911133,0.5780185461044312,0.5299082398414612,0.5448606610298157,0.699999988079071,0.9217299818992615,0.8890750408172607
4,1947,0.32477179169654846,-0.03627467527985573,0.494155615568161,0.6800000071525574,0.9292243123054504,0.5606834292411804,0.5693514943122864,0.5348929762840271,0.5398771166801453,0.6800000071525574,0.9321100115776062,0.9002155065536499
4,1948,0.28156596422195435,-0.032069601118564606,0.44127416610717773,0.6100000143051147,0.8202241659164429,0.5780215859413147,0.6733701229095459,0.5448623895645142,0.5996878147125244,0.6100000143051147,0.8940200209617615,0.8291962742805481
4,1949,0.29523009061813354,-0.053058359771966934,0.42170479893684387,0.6100000143051147,0.8624683618545532,0.5433453321456909,0.6043896079063416,0.52492356300354,0.5600240230560303,0.6100000143051147,0.8718799948692322,0.8290440440177917
4,1950,0.32649433612823486,-0.03200557827949524,0.45491763949394226,0.5600000023841858,0.8350045084953308,0.5194012522697449,0.5458878874778748,0.5672576427459717,0.6590780019760132,0.6269400119781494,0.8753600120544434,0.823356032371521
4,1951,0.3072144091129303,-0.04413166269659996,0.4222411811351776,0.6100000143051147,0.9235906600952148,0.5,0.5187082886695862,0.5,0.5648553967475891,0.6852700114250183,0.9162700176239014,0.8524380922317505
4,1952,0.3398909270763397,-0.01608472876250744,0.46777284145355225,0.6600000262260437,0.8491393327713013,0.5138580203056335,0.5388849973678589,0.5480411648750305,0.6348012685775757,0.7029500007629395,0.893589973449707,0.8525904417037964
4,1953,0.33266347646713257,-0.03857887163758278,0.4583214223384857,0.6200000047683716,0.9391486644744873,0.5055432319641113,0.5198447704315186,0.5192164778709412,0.5687951445579529,0.6937699913978577,0.9317399859428406,0.8775116801261902
4,1954,0.3434109389781952,-0.02999439835548401,0.480003297328949,0.7099999785423279,1.0236738920211792,0.5,0.5,0.5,0.5,0.7744399905204773,1.0176000595092773,0.9394274353981018
4,1955,0.30716899037361145,-0.07125770300626755,0.4486572742462158,0.6000000238418579,0.9955641627311707,0.5029827356338501,0.5029827356338501,0.5095447897911072,0.5095447897911072,0.6000000238418579,0.9948599934577942,0.9060662388801575
4,1956,0.2261202335357666,-0.03794998675584793,0.3614821434020996,0.6299999952316284,0.7739949822425842,0.5089482665061951,0.5616150498390198,0.5286344289779663,0.697168231010437,0.6299999952316284,0.828790009021759,0.774797797203064
4,1957,0.2879052758216858,-0.11373215913772583,0.40796950459480286,0.5,1.0039823055267334,0.5,0.5033555030822754,0.5,0.5107375383377075,0.5,1.0012999773025513,0.8860878348350525
4,1958,0.2677653133869171,-0.1269131451845169,0.365245521068573,0.5299999713897705,0.9503636956214905,0.5059654712677002,0.5089482665061951,0.5190895795822144,0.5286344289779663,0.5299999713897705,0.9487299919128418,0.8357827663421631
4,1959,0.3348127603530884,-0.05076421797275543,0.49571508169174194,0.6700000166893005,0.9375835657119751,0.5089482665061951,0.5215502977371216,0.5286344289779663,0.5689610242843628,0.6700000166893005,0.9363399744033813,0.8875516653060913
4,1960,0.13247081637382507,-0.05741167068481445,0.2652125656604767,0.5,0.9001323580741882,--,--,--,--,0.5299999713897705,0.8977500200271606,0.7727158665657043
4,1961,0.14753712713718414,-0.02782348170876503,0.27192091941833496,0.5099999904632568,0.9353999495506287,--,--,--,--,0.562529981136322,0.9330800175666809,0.8115730881690979
4,1962,0.15058381855487823,-0.05039963126182556,0.2535763382911682,0.5,0.8949994444847107,--,--,--,--,0.5647500157356262,0.8941799998283386,0.7978343963623047
4,1963,0.14029474556446075,-0.040584746748209,0.25299468636512756,0.550000011920929,1.0128533840179443,--,--,--,--,0.5919700264930725,1.0094000101089478,0.8581417202949524
4,1964,0.11671461910009384,-0.041952211409807205,0.21902047097682953,0.5,0.910327672958374,--,--,--,--,0.5166100263595581,0.9074100255966187,0.7009115815162659
4,1965,0.31227388978004456,-0.037171147763729095,0.4229157567024231,0.6100000143051147,0.9366214275360107,0.5283652544021606,0.5340381860733032,0.541175365447998,0.5494102835655212,0.6613399982452393,0.9319800138473511,0.8686021566390991
4,1966,0.331888884305954,-0.01176176592707634,0.45759472250938416,0.7400000095367432,0.875952959060669,0.5,0.5555936694145203,0.5,0.5807005167007446,0.7613499760627747,0.9006999731063843,0.8727200627326965
4,1967,0.32134005427360535,-0.026004187762737274,0.44900181889533997,0.6299999952316284,0.8399999737739563,0.5680766105651855,0.5796583890914917,0.5988209247589111,0.6156331300735474,0.6679099798202515,0.8826299905776978,0.8291688561439514
4,1968,0.19603285193443298,-0.011668995022773743,0.2507615089416504,0.550000011920929,0.651245653629303,0.5226922035217285,0.6533100008964539,0.5329403281211853,0.7225467562675476,0.5699399709701538,0.791949987411499,0.7135093808174133
4,1969,0.3055092692375183,-0.034497521817684174,0.40759772062301636,0.5299999713897705,0.8800207376480103,0.5056730508804321,0.5751635432243347,0.5082350969314575,0.6091083884239197,0.579200029373169,0.8792700171470642,0.8310996294021606
4,1970,0.16743935644626617,-0.04138263687491417,0.29573434591293335,0.5199999809265137,0.9808303117752075,--,--,--,--,0.5898900032043457,0.9791300296783447,0.8772530555725098
4,1971,0.11084397882223129,-0.05172794312238693,0.212416410446167,0.5400000214576721,0.8601852655410767,--,--,--,--,0.565090000629425,0.8558099865913391,0.7420907616615295
4,1972,0.13315773010253906,-0.032959818840026855,0.22874915599822998,0.6000000238418579,0.9280273914337158,--,--,--,--,0.6308900117874146,0.9251899719238281,0.8012567758560181
4,1973,0.13838250935077667,-0.04658352956175804,0.26486125588417053,0.5400000214576721,0.9664974212646484,--,--,--,--,0.6038399934768677,0.9620199799537659,0.8517221808433533
4,1974,0.14520429074764252,-0.014009350910782814,0.237502321600914,0.6600000262260437,0.9896982312202454,--,--,--,--,0.692330002784729,0.9879000186920166,0.8869364261627197
4,1975,0.29169532656669617,-0.06120770052075386,0.46705716848373413,0.5199999809265137,0.8026076555252075,0.5325395464897156,0.6210178136825562,0.5379628539085388,0.6411874294281006,0.5199999809265137,0.8570200204849243,0.7840109467506409
4,1976,0.329662561416626,-0.04467594251036644,0.5188795924186707,0.6200000047683716,0.8671876192092896,0.5,0.5874885320663452,0.5,0.6020699739456177,0.6200000047683716,0.8938599824905396,0.8460847735404968
4,1977,0.1353157013654709,-0.04122272878885269,0.2125880867242813,0.5199999809265137,0.6522121429443359,0.5455554127693176,0.6236836314201355,0.5531479716300964,0.6442975997924805,0.5199999809265137,0.7392399907112122,0.6762275695800781
4,1978,0.30626600980758667,-0.059092193841934204,0.43910664319992065,0.6100000143051147,0.984763503074646,0.506507933139801,0.5130140781402588,0.5075925588607788,0.5151830911636353,0.6100000143051147,0.9823499917984009,0.8910316824913025
4,1979,0.3364546298980713,-0.053073663264513016,0.5069674253463745,0.6200000047683716,0.9262370467185974,0.5130158066749573,0.5528767704963684,0.5151851177215576,0.5616896152496338,0.6200000047683716,0.92426997423172,0.873792290687561
4,1980,0.28583383560180664,-0.06156102567911148,0.395438015460968,0.5099999904632568,0.818298876285553,0.5098057985305786,0.6078639030456543,0.5019611716270447,0.5215727686882019,0.5414199829101562,0.8165199756622314,0.7725300788879395
4,1981,0.36959052085876465,-0.06242096796631813,0.517071545124054,0.6200000047683716,0.9015200734138489,0.5490290522575378,0.5882522463798523,0.5098057985305786,0.5176504254341125,0.6515100002288818,0.8999999761581421,0.8522236347198486
4,1982,0.2969364523887634,-0.05718882009387016,0.4233023226261139,0.5199999809265137,0.795090913772583,0.5098057985305786,0.6737557053565979,0.5019611716270447,0.5347511172294617,0.5489599704742432,0.8413199782371521,0.7777006030082703
4,1983,0.31673723459243774,-0.007940474897623062,0.48339763283729553,0.7099999785423279,0.7615928649902344,0.5098057985305786,0.708315372467041,0.5019611716270447,0.5416630506515503,0.7152900099754333,0.8908900022506714,0.8123123049736023
4,1984,0.3240548074245453,-0.02359592169523239,0.47660306096076965,0.5299999713897705,0.8156677484512329,0.5294173955917358,0.6971033215522766,0.5058834552764893,0.5394206643104553,0.5547099709510803,0.8771100044250488,0.807465672492981
4,1985,0.14879481494426727,-0.05948540195822716,0.21112968027591705,0.5199999809265137,0.6653251051902771,0.5301488637924194,0.5460251569747925,0.6875927448272705,0.786378800868988,0.5199999809265137,0.7699199914932251,0.697675347328186
4,1986,0.2846546769142151,-0.043191712349653244,0.4415009617805481,0.699999988079071,1.0001189708709717,0.5,0.5017850995063782,0.5,0.5111074447631836,0.699999988079071,0.9996200203895569,0.9242496490478516
4,1987,0.23945654928684235,-0.042782869189977646,0.34883931279182434,0.550000011920929,0.9716485142707825,0.5,0.5031735301017761,0.5,0.5197464823722839,0.550000011920929,0.9642400145530701,0.8472282886505127
4,1988,0.25288212299346924,-0.020909791812300682,0.4050306975841522,0.6399999856948853,0.822247326374054,0.5015867948532104,0.5278751254081726,0.5098733305931091,0.6734451651573181,0.6399999856948853,0.8539199829101562,0.8123931884765625
4,1989,0.23411160707473755,-0.05731937661767006,0.3467940390110016,0.5199999809265137,0.9604655504226685,0.5015867948532104,0.5048261880874634,0.5098733305931091,0.5300297737121582,0.5199999809265137,0.9590200185775757,0.8495249152183533
4,1990,0.22866606712341309,-0.022261453792452812,0.37885525822639465,0.5,1.0104002952575684,0.5009571313858032,0.5041874051094055,0.5099540948867798,0.543549120426178,0.5665299892425537,1.0069999694824219,0.8892152309417725
4,1991,0.2568701505661011,-0.02050297148525715,0.40429118275642395,0.6800000071525574,0.9862265586853027,0.5,0.5009571313858032,0.5,0.509954035282135,0.7267299890518188,0.9827799797058105,0.9080092906951904
4,1992,0.22031673789024353,-0.012552677653729916,0.31352314352989197,0.5899999737739563,0.824281632900238,0.5095712542533875,0.5164622664451599,0.5995408892631531,0.6712074875831604,0.6284499764442444,0.8469200134277344,0.7998545169830322
4,1993,0.24258702993392944,-0.018586309626698494,0.39800605177879333,0.5899999737739563,1.0138664245605469,0.5009571313858032,0.5019142627716064,0.5099540948867798,0.5199081301689148,0.644540011882782,1.0108000040054321,0.9096435308456421
4,1994,0.231585294008255,-0.02293933928012848,0.35094159841537476,0.5899999737739563,0.9042895436286926,0.5057427287101746,0.5076966285705566,0.5597245693206787,0.5800451636314392,0.6400799751281738,0.9000200033187866,0.8380882143974304
4,1995,0.15440617501735687,-0.09401395171880722,0.23005324602127075,0.5199999809265137,0.9498298764228821,--,--,--,--,0.5199999809265137,0.9486600160598755,0.8386471271514893
4,1996,0.14965030550956726,-0.05115028843283653,0.21800735592842102,0.6299999952316284,0.9859185218811035,--,--,--,--,0.6299999952316284,0.9825699925422668,0.8642443418502808
4,1997,0.14078231155872345,-0.04548490047454834,0.20983168482780457,0.6000000238418579,1.0015977621078491,--,--,--,--,0.6000000238418579,0.9985899925231934,0.8393630385398865
4,1998,0.062349315732717514,-0.023757314309477806,0.1070500984787941,0.6200000047683716,0.8808547258377075,--,--,--,--,0.623520016670227,0.8799999952316284,0.7460298538208008
4,1999,0.06141011416912079,-0.09865786880254745,0.12582512199878693,0.5,0.9923151135444641,--,--,--,--,0.5,0.9908499717712402,0.7338683009147644
4,2000,0.29962459206581116,-0.02458300068974495,0.4600469470024109,0.6499999761581421,1.0004161596298218,0.5,0.5069495439529419,0.5,0.5088449120521545,0.6994600296020508,0.9965299963951111,0.9078772068023682
4,2001,0.2833659052848816,-0.026388181373476982,0.4349207878112793,0.6000000238418579,0.950416088104248,0.5123564600944519,0.524712860584259,0.5157263875007629,0.5314527153968811,0.6497200131416321,0.9466500282287598,0.8648812770843506
4,2002,0.28754451870918274,-0.030199440196156502,0.4380766749382019,0.6200000047683716,0.9621520042419434,0.5123564600944519,0.5193060040473938,0.5157263875007629,0.5245712399482727,0.672469973564148,0.9561300277709961,0.8718485236167908
4,2003,0.3645869791507721,-0.009648029692471027,0.5730727910995483,0.8500000238418579,0.9499972462654114,0.5,0.5318806767463684,0.5,0.5405754446983337,0.866569995880127,0.9485099911689758,0.928971529006958
4,2004,0.238194078207016,-0.03398629650473595,0.35774606466293335,0.5199999809265137,0.8856267929077148,0.5061782002449036,0.5460054874420166,0.5078631639480591,0.5585524439811707,0.5743499994277954,0.8817200064659119,0.8007648587226868
4,2005,0.058602266013622284,-0.06153344735503197,0.11949652433395386,0.5699999928474426,0.9055555462837219,--,--,--,--,0.5850600004196167,0.9054700136184692,0.7478456497192383
4,2006,0.09816999733448029,-0.0809333398938179,0.21144908666610718,0.5,0.9848416447639465,--,--,--,--,0.5,0.9840400218963623,0.811772882938385
4,2007,0.10782832652330399,-0.06333555281162262,0.1903921663761139,0.5899999737739563,0.9539555311203003,--,--,--,--,0.5899999737739563,0.9525499939918518,0.8573729395866394
4,2008,0.11183317750692368,-0.059941284358501434,0.2032596319913864,0.550000011920929,0.9962499737739563,--,--,--,--,0.550000011920929,0.9961100220680237,0.8793061375617981
4,2009,0.09013932198286057,-0.06679229438304901,0.1848984658718109,0.5199999809265137,1.012827754020691,--,--,--,--,0.5199999809265137,1.0111000537872314,0.837047278881073
4,2010,0.34047916531562805,-0.09007289260625839,0.5060563683509827,0.6299999952316284,0.8988516926765442,0.5130707621574402,0.5290822386741638,0.5482613444328308,0.6073806285858154,0.6299999952316284,0.9209499955177307,0.8754338026046753
4,2011,0.3104827404022217,-0.09682001173496246,0.4501784145832062,0.6100000143051147,0.8928776383399963,0.5026141405105591,0.5209378600120544,0.5096522569656372,0.5773089528083801,0.6100000143051147,0.8910099864006042,0.8511078357696533
4,2012,0.34994521737098694,-0.0351768359541893,0.5186278223991394,0.75,0.912414014339447,0.5026141405105591,0.5165562033653259,0.5096522569656372,0.5611306428909302,0.75,0.9179800152778625,0.8911464214324951
4,2013,0.34609267115592957,-0.08105820417404175,0.4998379349708557,0.6700000166893005,0.93448805809021,0.5104566216468811,0.518298864364624,0.5386090278625488,0.5675650238990784,0.6700000166893005,0.9319300055503845,0.8906499743461609
4,2014,0.2703738808631897,-0.12980014085769653,0.3656718134880066,0.5899999737739563,0.9701811075210571,0.5,0.5081692337989807,0.5,0.5301632881164551,0.5899999737739563,0.9700000286102295,0.8540861010551453
4,2015,0.07531768828630447,-0.1089714765548706,0.11400605738162994,0.5699999928474426,0.7732294797897339,--,--,--,--,0.5799999833106995,0.7706999778747559,0.704654335975647
4,2016,0.10328459739685059,-0.09295689314603806,0.1937742382287979,0.5199999809265137,0.878882884979248,--,--,--,--,0.5712800025939941,0.8768600225448608,0.7674777507781982
4,2017,0.07869554311037064,-0.15151242911815643,0.1352173388004303,0.5299999713897705,0.9425550103187561,--,--,--,--,0.5299999713897705,0.9399999976158142,0.7530169486999512
4,2018,0.08217815309762955,-0.09488726407289505,0.14698055386543274,0.5899999737739563,0.8766187429428101,--,--,--,--,0.6100000143051147,0.8758699893951416,0.7511476278305054
4,2019,0.10762764513492584,-0.12637363374233246,0.18122898042201996,0.5299999713897705,0.9005287289619446,--,--,--,--,0.5780100226402283,0.8999999761581421,0.7668992877006531
4,2020,0.0947963297367096,-0.03498436138033867,0.17247864603996277,0.5099999904632568,0.9186992049217224,--,--,--,--,0.5507500171661377,0.9182299971580505,0.7802212834358215
4,2021,0.1546526849269867,-0.04520970582962036,0.2951742708683014,0.5299999713897705,1.00165593624115,--,--,--,--,0.5916799902915955,0.9980599880218506,0.8781831860542297
4,2022,0.12427407503128052,-0.03289036825299263,0.2095176726579666,0.6200000047683716,0.8218534588813782,--,--,--,--,0.6477599740028381,0.8201000094413757,0.7636886239051819
4,2023,0.09221632033586502,-0.0457543320953846,0.16955429315567017,0.550000011920929,0.9280195236206055,--,--,--,--,0.5780500173568726,0.924780011177063,0.7783203125
4,2024,0.1496930718421936,-0.05923440679907799,0.277525931596756,0.5,0.9817734956741333,--,--,--,--,0.5695800185203552,0.9794300198554993,0.8900150060653687
4,2025,0.33278271555900574,-0.020332274958491325,0.5060882568359375,0.7799999713897705,0.9923294186592102,0.5,0.5077478885650635,0.5,0.5081557035446167,0.8180599808692932,0.9888499975204468,0.9299430847167969
4,2026,0.30569466948509216,-0.03296052664518356,0.4483339190483093,0.6499999761581421,0.930611789226532,0.5,0.5421807169914246,0.5,0.5444007515907288,0.703249990940094,0.925000011920929,0.8554251194000244
4,2027,0.2842414379119873,-0.00994943268597126,0.426007479429245,0.7599999904632568,0.8408595323562622,0.5068874955177307,0.5146353840827942,0.5072500109672546,0.5154056549072266,0.7749000191688538,0.8396700024604797,0.8231014609336853
4,2028,0.3010355830192566,-0.03480836749076843,0.43909093737602234,0.6100000143051147,0.8906117677688599,0.5,0.5629656910896301,0.5,0.5662796497344971,0.6638000011444092,0.885200023651123,0.8240600824356079
4,2029,0.3099343776702881,-0.02118450589478016,0.4946728050708771,0.6399999856948853,0.9675999879837036,0.5275499820709229,0.5275499820709229,0.5289999842643738,0.5289999842643738,0.6905199885368347,0.9628900289535522,0.8877145051956177
4,2030,0.08089230954647064,-0.022773323580622673,0.13216590881347656,0.7099999785423279,0.9164000153541565,--,--,--,--,0.7442200183868408,0.912060022354126,0.8422433733940125
4,2031,0.08457065373659134,-0.048525940626859665,0.16995282471179962,0.5600000023841858,0.9120484590530396,--,--,--,--,0.6225000023841858,0.9051600098609924,0.7734794020652771
4,2032,0.08389725536108017,-0.07596056163311005,0.1686570793390274,0.5600000023841858,0.7688881158828735,--,--,--,--,0.5972099900245667,0.7680400013923645,0.723554253578186
4,2033,0.12155470252037048,-0.07722429186105728,0.2185298204421997,0.6000000238418579,0.9014616012573242,--,--,--,--,0.6200000047683716,0.8964599967002869,0.821001410484314
4,2034,0.08835849165916443,-0.035195738077163696,0.13914574682712555,0.7099999785423279,0.8700658082962036,--,--,--,--,0.7189499735832214,0.8700000047683716,0.7921306490898132
4,2035,0.17269253730773926,-0.1068972498178482,0.2954484820365906,0.5,0.9910634160041809,--,--,--,--,0.5,0.9866099953651428,0.853293240070343
4,2036,0.07572148740291595,-0.07659481465816498,0.13775095343589783,0.6000000238418579,0.8300482034683228,--,--,--,--,0.6000000238418579,0.8285099864006042,0.6936603784561157
4,2037,0.12990698218345642,-0.08552269637584686,0.2339058816432953,0.5699999928474426,0.996006965637207,--,--,--,--,0.5699999928474426,0.9917799830436707,0.8328201770782471
4,2038,0.1528938114643097,-0.06810053437948227,0.2595210373401642,0.5600000023841858,0.8804936408996582,--,--,--,--,0.6009299755096436,0.8784199953079224,0.7988528609275818
4,2039,0.09673010557889938,-0.0537395104765892,0.1868043839931488,0.6200000047683716,0.9921936392784119,--,--,--,--,0.6438800096511841,0.9864400029182434,0.8097562789916992
4,2040,0.28179439902305603,-0.12749804556369781,0.376253604888916,0.5199999809265137,0.9380249977111816,0.5016440153121948,0.5066167712211609,0.5098639130592346,0.5397007465362549,0.5199999809265137,0.9380199909210205,0.8352914452552795
4,2041,0.3566689193248749,-0.06913238018751144,0.4960010051727295,0.7099999785423279,0.9647250175476074,0.5,0.5066035985946655,0.5,0.5396214723587036,0.7099999785423279,0.9647200107574463,0.9052983522415161
4,2042,0.37320971488952637,-0.05087629705667496,0.5240747928619385,0.7200000286102295,0.9114000201225281,0.5032879710197449,0.5148583650588989,0.519727885723114,0.5891501307487488,0.7200000286102295,0.9114999771118164,0.8818069100379944
4,2043,0.2951776087284088,-0.10190299153327942,0.4068880081176758,0.5899999737739563,0.8500000238418579,0.5016440153121948,0.5177537798881531,0.5098639130592346,0.6065226793289185,0.5899999737739563,0.8500000238418579,0.7977713942527771
4,2044,0.159145325422287,-0.13141894340515137,0.21004876494407654,0.550000011920929,0.7309499979019165,0.5,0.5198107361793518,0.5,0.6188644170761108,0.550000011920929,0.7460700273513794,0.7091906666755676
4,2045,0.07545794546604156,-0.04207285866141319,0.1244029700756073,0.5199999809265137,0.9742530584335327,--,--,--,--,0.5657899975776672,0.9727699756622314,0.7917952537536621
4,2046,0.08397267013788223,-0.07585781067609787,0.15787915885448456,0.5,0.8801965117454529,--,--,--,--,0.5400000214576721,0.8748199939727783,0.7633283138275146
4,2047,0.07184229791164398,-0.014451160095632076,0.127264142036438,0.6700000166893005,0.92249995470047,--,--,--,--,0.6700000166893005,0.9209399819374084,0.805076003074646
4,2048,0.09870178997516632,-0.04437980800867081,0.1676313579082489,0.5799999833106995,0.9861451387405396,--,--,--,--,0.6399999856948853,0.9846799969673157,0.8802511692047119
4,2049,0.07677819579839706,-0.05731843784451485,0.16680608689785004,0.5099999904632568,0.972726047039032,--,--,--,--,0.5099999904632568,0.9711099863052368,0.8377978205680847
4,2050,0.2006993442773819,-0.027918023988604546,0.30926740169525146,0.6000000238418579,0.7548168301582336,0.5099804997444153,0.749965250492096,0.5006237626075745,0.5156228542327881,0.6000000238418579,0.827709972858429,0.7646811008453369
4,2051,0.21414999663829803,-0.03143177926540375,0.3142176866531372,0.6299999952316284,0.7699992060661316,0.5099804997444153,0.6943929195404053,0.5006237626075745,0.5121495723724365,0.6299999952316284,0.8185700178146362,0.7648882269859314
4,2052,0.2844581604003906,-0.046733058989048004,0.44518914818763733,0.5799999833106995,0.8909822106361389,0.5,0.6199923753738403,0.5,0.5074995160102844,0.5799999833106995,0.8877900242805481,0.8371286392211914
4,2053,0.33077090978622437,-0.030267847701907158,0.5068556666374207,0.75,0.9505049586296082,0.5,0.5301849246025085,0.5,0.5018865466117859,0.75,0.9494100213050842,0.8977752327919006
4,2054,0.21823400259017944,-0.06717856228351593,0.3290693163871765,0.5099999904632568,0.8405108451843262,0.5299415588378906,0.6497141718864441,0.5018713474273682,0.5093571543693542,0.5099999904632568,0.8382800221443176,0.7719085216522217
4,2055,0.15883342921733856,-0.10471908003091812,0.2769272029399872,0.5799999833106995,0.9417969584465027,--,--,--,--,0.6200000047683716,0.9324300289154053,0.828576385974884
4,2056,0.1500146985054016,-0.10970740020275116,0.2700563967227936,0.5299999713897705,0.9657559990882874,--,--,--,--,0.5799999833106995,0.95728999376297,0.8247343301773071
4,2057,0.13289110362529755,-0.11716809868812561,0.20962980389595032,0.5699999928474426,0.9599999785423279,--,--,--,--,0.5699999928474426,0.9599999785423279,0.7954447269439697
4,2058,0.1181291937828064,-0.09957922250032425,0.2086269110441208,0.5600000023841858,0.9902848601341248,--,--,--,--,0.5600000023841858,0.9751200079917908,0.7918814420700073
4,2059,0.048564363270998,-0.09796600788831711,0.12312877178192139,0.5,0.8677777647972107,--,--,--,--,0.5,0.8584200143814087,0.6935577988624573
4,2060,0.15796200931072235,-0.043995946645736694,0.3130447268486023,0.7200000286102295,0.949999988079071,--,--,--,--,0.7200000286102295,0.9450100064277649,0.8937395811080933
4,2061,0.1299903839826584,-0.09348034858703613,0.24458715319633484,0.5299999713897705,0.9334627389907837,--,--,--,--,0.5299999713897705,0.9304500222206116,0.8337908387184143
4,2062,0.134855255484581,-0.1377144455909729,0.24798081815242767,0.5,0.9800000190734863,--,--,--,--,0.5,0.9688900113105774,0.8159534335136414
4,2063,0.13686349987983704,-0.06692671030759811,0.2785853445529938,0.5799999833106995,0.9988631010055542,--,--,--,--,0.5799999833106995,0.9943100214004517,0.8883628845214844
4,2064,0.12635880708694458,-0.07003897428512573,0.25111719965934753,0.550000011920929,0.9988889098167419,--,--,--,--,0.550000011920929,0.9912800192832947,0.8600566983222961
4,2065,0.3024449050426483,-0.15430864691734314,0.4762583374977112,0.5099999904632568,0.978655993938446,0.5037210583686829,0.5051164031028748,0.5297683477401733,0.5409314036369324,0.5099999904632568,0.9768000245094299,0.887287437915802
4,2066,0.3467693626880646,-0.03393731638789177,0.5389068722724915,0.800000011920929,0.9703587889671326,0.5012403726577759,0.502480685710907,0.5099228024482727,0.5198455452919006,0.800000011920929,0.9682899713516235,0.9244870543479919
4,2067,0.34575986862182617,-0.026742151007056236,0.559992790222168,0.7699999809265137,0.9690085649490356,0.502480685710907,0.502480685710907,0.5198455452919006,0.5198455452919006,0.7699999809265137,0.9678900241851807,0.9339919090270996
4,2068,0.1528773158788681,-0.08870036154985428,0.2999577522277832,0.5199999809265137,0.6522387266159058,0.5136438012123108,0.5310324430465698,0.6091505885124207,0.748259425163269,0.5199999809265137,0.7981899976730347,0.6989268660545349
4,2069,0.2925874888896942,-0.15643693506717682,0.4433943033218384,0.5299999713897705,0.9658967852592468,0.5012403726577759,0.5051164031028748,0.5099228024482727,0.5409314036369324,0.5299999713897705,0.9619500041007996,0.8652276396751404
4,2070,0.039624761790037155,-0.022060761228203773,0.1076805517077446,0.5,0.9634720087051392,--,--,--,--,0.5199400186538696,0.9612500071525574,0.7601853609085083
4,2071,0.14800293743610382,-0.0549628809094429,0.2524523437023163,0.6499999761581421,0.976394534111023,--,--,--,--,0.6499999761581421,0.9747300148010254,0.8630277514457703
4,2072,0.13797658681869507,-0.0953429713845253,0.26969239115715027,0.5199999809265137,1.0071519613265991,--,--,--,--,0.5199999809265137,1.0045000314712524,0.884177565574646
4,2073,0.05217832326889038,-0.043866585940122604,0.11260087788105011,0.5199999809265137,0.8200799822807312,--,--,--,--,0.5299999713897705,0.8187500238418579,0.6910947561264038
4,2074,0.1442837417125702,-0.08665107190608978,0.2581329941749573,0.6299999952316284,0.9761040210723877,--,--,--,--,0.6299999952316284,0.9700000286102295,0.8949519395828247
4,2075,0.19609470665454865,-0.08996960520744324,0.24167229235172272,0.5099999904632568,0.699999988079071,0.5,0.7114694714546204,0.5,0.5615183711051941,0.5099999904632568,0.7816900014877319,0.7191944718360901
4,2076,0.36943691968917847,-0.030480235815048218,0.5147579312324524,0.7900000214576721,0.9328569769859314,0.5480097532272339,0.5480097532272339,0.5139665007591248,0.5139665007591248,0.7900000214576721,0.9480599761009216,0.9211470484733582
4,2077,0.29033708572387695,-0.12036114186048508,0.35752207040786743,0.5199999809265137,0.861329972743988,0.5288058519363403,0.6250903606414795,0.5083798766136169,0.536389946937561,0.5199999809265137,0.8600000143051147,0.8042171001434326
4,2078,0.2593778967857361,-0.09085571765899658,0.3141934275627136,0.5400000214576721,0.772674024105072,0.5288058519363403,0.6419056057929993,0.5083798766136169,0.5412816405296326,0.5400000214576721,0.8097599744796753,0.7669762372970581
4,2079,0.2851874828338623,-0.0707191750407219,0.37491291761398315,0.550000011920929,0.8132629990577698,0.5,0.6632691621780396,0.5,0.547496497631073,0.550000011920929,0.857230007648468,0.8063391447067261
4,2080,0.09451950341463089,-0.03449000418186188,0.1776648610830307,0.6499999761581421,0.9866889119148254,--,--,--,--,0.6499999761581421,0.9851599931716919,0.8265867829322815
4,2081,0.11017359793186188,-0.05477498099207878,0.20813320577144623,0.6399999856948853,0.9628906846046448,--,--,--,--,0.6693199872970581,0.9617400169372559,0.8861785531044006
4,2082,0.087294802069664,-0.10848040878772736,0.1788298785686493,0.5199999809265137,0.9923369884490967,--,--,--,--,0.5199999809265137,0.9897199869155884,0.797290027141571
4,2083,0.08774035423994064,-0.0997045487165451,0.18396176397800446,0.5400000214576721,0.9700559973716736,--,--,--,--,0.5649399757385254,0.964139997959137,0.8116546273231506
4,2084,0.04464918002486229,-0.09048174321651459,0.1290109008550644,0.6200000047683716,0.9604515433311462,--,--,--,--,0.6200000047683716,0.9533100128173828,0.7461952567100525
4,2085,0.1101042702794075,-0.12222345918416977,0.20643799006938934,0.5899999737739563,0.8966662883758545,--,--,--,--,0.5899999737739563,0.8960300087928772,0.8193671703338623
4,2086,0.1373298615217209,-0.12224800139665604,0.2737571597099304,0.5,0.9555555582046509,--,--,--,--,0.5,0.955560028553009,0.8187117576599121
4,2087,0.1493758261203766,-0.12381385266780853,0.2663125693798065,0.5,0.9997199773788452,--,--,--,--,0.5,0.9973999857902527,0.8616480231285095
4,2088,0.0617239885032177,-0.08725336939096451,0.11052060127258301,0.6200000047683716,0.972446858882904,--,--,--,--,0.6200000047683716,0.9693700075149536,0.7534326910972595
4,2089,0.13962532579898834,-0.09724322706460953,0.265830397605896,0.6399999856948853,0.9300148487091064,--,--,--,--,0.6399999856948853,0.9289399981498718,0.8352324366569519
4,2090,0.16166624426841736,-0.044108353555202484,0.2564276456832886,0.5299999713897705,0.7308741807937622,0.5162455439567566,0.5776713490486145,0.5365524888038635,0.6747605204582214,0.5299999713897705,0.7600499987602234,0.7077157497406006
4,2091,0.2903410792350769,-0.034358154982328415,0.4386720061302185,0.6399999856948853,0.9509859681129456,0.5121841430664062,0.5204746723175049,0.5274143218994141,0.5460680723190308,0.6399999856948853,0.950439989566803,0.8784352540969849
4,2092,0.1431288868188858,-0.022415680810809135,0.29667532444000244,0.5600000023841858,0.6700582504272461,0.5649821758270264,0.6275578737258911,0.6462098360061646,0.7870051860809326,0.5600000023841858,0.793179988861084,0.699397087097168
4,2093,0.2233230471611023,-0.03863414004445076,0.3319934010505676,0.5400000214576721,0.8339676260948181,0.5040614008903503,0.5538045763969421,0.5091381072998047,0.6210603713989258,0.5400000214576721,0.8336700201034546,0.7750197649002075
4,2094,0.2962337136268616,-0.031107217073440552,0.44651028513908386,0.6700000166893005,1.0100114345550537,0.5040614008903503,0.5040614008903503,0.5091381072998047,0.5091381072998047,0.6700000166893005,1.0077999830245972,0.9206372499465942
4,2095,0.2794574201107025,-0.11221396923065186,0.4605569541454315,0.5299999713897705,0.7147942185401917,0.5478595495223999,0.7009908556938171,0.5361865162849426,0.6519687175750732,0.5299999713897705,0.8871099948883057,0.7788334488868713
4,2096,0.29605457186698914,-0.10674849152565002,0.5047393441200256,0.5299999713897705,0.7233859896659851,0.5319063663482666,0.730138897895813,0.5241243243217468,0.6740074753761292,0.5299999713897705,0.9334499835968018,0.7990077137947083
4,2097,0.3306248188018799,-0.09502539038658142,0.5022082924842834,0.6600000262260437,0.8299968242645264,0.5398829579353333,0.612809419631958,0.5301554203033447,0.5852949023246765,0.6600000262260437,0.900629997253418,0.8351081609725952
4,2098,0.31821325421333313,-0.09405390173196793,0.5175802707672119,0.5400000214576721,0.7333333492279053,0.6116722822189331,0.7157537937164307,0.5844351649284363,0.6631308794021606,0.5400000214576721,0.9414299726486206,0.817751407623291
4,2099,0.3895863890647888,-0.040732257068157196,0.5468810796737671,0.8199999928474426,1.0091705322265625,0.5,0.5,0.5,0.5,0.8199999928474426,1.0089000463485718,0.9639715552330017
4,2100,0.040990784764289856,-0.11358482390642166,0.1266336441040039,0.5199999809265137,0.9038773775100708,--,--,--,--,0.5199999809265137,0.9012600183486938,0.80772465467453
4,2101,0.04050399735569954,-0.07007996737957001,0.10796333104372025,0.5400000214576721,0.8802944421768188,--,--,--,--,0.5400000214576721,0.8769800066947937,0.7278915047645569
4,2102,0.03916468098759651,-0.05074288323521614,0.13239900767803192,0.5600000023841858,1.0366771221160889,--,--,--,--,0.5899999737739563,1.031599998474121,0.8379743695259094
4,2103,0.03183205425739288,-0.04077406972646713,0.0664929673075676,0.7099999785423279,0.968896746635437,--,--,--,--,0.7099999785423279,0.966759979724884,0.8836605548858643
4,2104,0.05511210858821869,-0.09721861779689789,0.18684954941272736,0.5099999904632568,0.9748026132583618,--,--,--,--,0.5199999809265137,0.9710599780082703,0.8402984738349915
4,2105,0.2193947732448578,-0.02267046645283699,0.35815104842185974,0.5600000023841858,0.9990617632865906,0.5027686953544617,0.5058834552764893,0.509609043598175,0.5204191207885742,0.6131500005722046,0.9963700175285339,0.8868308663368225
4,2106,0.21405000984668732,-0.02777952514588833,0.34251028299331665,0.5699999928474426,0.8200108408927917,0.5083061456680298,0.5443539619445801,0.5288271903991699,0.6539342403411865,0.6071799993515015,0.8175600171089172,0.764616072177887
4,2107,0.20955635607242584,-0.019728323444724083,0.3596661388874054,0.5299999713897705,1.037142276763916,0.5,0.5027683973312378,0.5,0.5096078515052795,0.5849599838256836,1.0342999696731567,0.9041094779968262
4,2108,0.2233348935842514,0.0,0.37693843245506287,0.7099999785423279,0.7304161190986633,0.5193809866905212,0.5611234903335571,0.5672634840011597,0.7121344208717346,0.7143599987030029,0.8221399784088135,0.771178662776947
4,2109,0.19666548073291779,-0.021733062341809273,0.3165447413921356,0.5899999737739563,0.9213579297065735,0.5027686953544617,0.5027686953544617,0.509609043598175,0.509609043598175,0.6310300230979919,0.9191100001335144,0.8342052102088928
4,2110,0.056809864938259125,-0.028210250660777092,0.17086681723594666,0.5199999809265137,0.844079852104187,--,--,--,--,0.5642600059509277,0.8420000076293945,0.7740471363067627
4,2111,0.06640280783176422,-0.11322496086359024,0.16802136600017548,0.5,0.7860357165336609,--,--,--,--,0.5390899777412415,0.7847200036048889,0.706846296787262
4,2112,0.04914800822734833,-0.017085988074541092,0.08826316893100739,0.7599999904632568,0.9533918499946594,--,--,--,--,0.7599999904632568,0.9526900053024292,0.8981093168258667
4,2113,0.06470036506652832,-0.007208944298326969,0.12841959297657013,0.5400000214576721,0.9504408836364746,--,--,--,--,0.5712699890136719,0.949679970741272,0.7992620468139648
4,2114,0.051192399114370346,-0.07350550591945648,0.17971770465373993,0.5099999904632568,0.9385714530944824,--,--,--,--,0.5586000084877014,0.935670018196106,0.8410805463790894
4,2115,0.11956454068422318,-0.041885096579790115,0.18381300568580627,0.550000011920929,0.7907743453979492,--,--,--,--,0.6057000160217285,0.7898399829864502,0.7278342247009277
4,2116,0.1558985710144043,-0.14058861136436462,0.23749789595603943,0.5299999713897705,0.8800364136695862,--,--,--,--,0.5600000023841858,0.876259982585907,0.7821592688560486
4,2117,0.18138743937015533,-0.09000779688358307,0.2701158821582794,0.6200000047683716,0.9729479551315308,--,--,--,--,0.6800000071525574,0.9646700024604797,0.8465063571929932
4,2118,0.16015979647636414,-0.10851231962442398,0.23605811595916748,0.5199999809265137,0.9494656920433044,--,--,--,--,0.5199999809265137,0.9470000267028809,0.7938508987426758
4,2119,0.20734550058841705,-0.021975582465529442,0.3278227746486664,0.7799999713897705,0.9510210752487183,--,--,--,--,0.8210499882698059,0.9492999911308289,0.9096210598945618
4,2120,0.24500685930252075,-0.01723235845565796,0.41166067123413086,0.6499999761581421,0.7512496113777161,0.5274649262428284,0.6069170832633972,0.5290805101394653,0.6132063269615173,0.6499999761581421,0.8021399974822998,0.7606899738311768
4,2121,0.2394380271434784,-0.019321398809552193,0.3985953629016876,0.5899999737739563,0.713601291179657,0.5274649262428284,0.680046796798706,0.5290805101394653,0.6906377673149109,0.5899999737739563,0.8071699738502502,0.7404358386993408
4,2122,0.28784283995628357,-0.040056731551885605,0.42759254574775696,0.5799999833106995,0.9495946168899536,0.5274649262428284,0.5414832830429077,0.5290805101394653,0.5439234972000122,0.5799999833106995,0.9480400085449219,0.8702031373977661
4,2123,0.30338820815086365,-0.023989714682102203,0.48559507727622986,0.6700000166893005,0.9252036809921265,0.5137324929237366,0.5656580924987793,0.5145402550697327,0.5695203542709351,0.6700000166893005,0.9232800006866455,0.883257269859314
4,2124,0.2986315190792084,-0.030678492039442062,0.4596441388130188,0.6100000143051147,0.8616441488265991,0.5480636358261108,0.5895980596542358,0.5508909225463867,0.594868540763855,0.6100000143051147,0.8730000257492065,0.8322489261627197
4,2125,0.08119478076696396,-0.093340665102005,0.15538275241851807,0.5199999809265137,0.8301904201507568,--,--,--,--,0.5422800183296204,0.8252599835395813,0.693094789981842
4,2126,0.0965663343667984,-0.03310304135084152,0.1632366180419922,0.6100000143051147,0.9687472581863403,--,--,--,--,0.6233100295066833,0.9656999707221985,0.7978218197822571
4,2127,0.17611238360404968,-0.055647097527980804,0.27479568123817444,0.5099999904632568,0.9679785966873169,--,--,--,--,0.5747600197792053,0.9678699970245361,0.8440976738929749
4,2128,0.03891344740986824,-0.06780903041362762,0.07330793142318726,0.5299999713897705,0.8067271709442139,--,--,--,--,0.5410299897193909,0.8050199747085571,0.6888375878334045
4,2129,0.13440901041030884,-0.02418288215994835,0.19927510619163513,0.5299999713897705,0.9438525438308716,--,--,--,--,0.5733399987220764,0.9437699913978577,0.7842601537704468
4,2130,0.365344762802124,-0.02115919627249241,0.5894997715950012,0.5400000214576721,0.789996862411499,0.5565685629844666,0.6526711583137512,0.5565685629844666,0.6526711583137512,0.5785800218582153,0.8807799816131592,0.804183840751648
4,2131,0.3615107238292694,-0.034338001161813736,0.5115445852279663,0.6700000166893005,0.9948826432228088,0.5,0.5070626735687256,0.5,0.5070626735687256,0.7203800082206726,0.9912999868392944,0.9086072444915771
4,2132,0.34081506729125977,-0.03286454826593399,0.5311803221702576,0.5199999809265137,0.8156967759132385,0.521213173866272,0.5952197909355164,0.521213173866272,0.5952197909355164,0.5631399750709534,0.8336600065231323,0.7878475189208984
4,2133,0.31649720668792725,-0.05081562697887421,0.45661410689353943,0.5199999809265137,0.8923837542533875,0.521213173866272,0.5495983958244324,0.521213173866272,0.5495983958244324,0.5801900029182434,0.8880500197410583,0.8086090087890625
4,2134,0.31676414608955383,-0.054583851248025894,0.4533357322216034,0.5400000214576721,0.9301497936248779,0.5141421556472778,0.5459577441215515,0.5141421556472778,0.5459577441215515,0.6055200099945068,0.9244199991226196,0.8258569836616516
4,2135,0.2511831223964691,-0.06887860596179962,0.37800106406211853,0.5400000214576721,0.7290962934494019,0.5693641901016235,0.6250920295715332,0.5720320343971252,0.629903256893158,0.5597299933433533,0.8022599816322327,0.7392417192459106
4,2136,0.39552372694015503,-0.007901730947196484,0.5236285328865051,0.75,0.9606420993804932,0.5,0.5234096050262451,0.5,0.5243099331855774,0.7762600183486938,0.9605600237846375,0.9083080887794495
4,2137,0.41987839341163635,0.0,0.5821877121925354,0.7900000214576721,0.9017835855484009,0.5346820950508118,0.5658948421478271,0.5360159873962402,0.5684292912483215,0.8029999732971191,0.9362900257110596,0.9024328589439392
4,2138,0.41220441460609436,0.0,0.5548756718635559,0.8100000023841858,0.9256718158721924,0.5,0.5209821462631226,0.5,0.5217891931533813,0.8220400214195251,0.9256299734115601,0.9048272371292114
4,2139,0.3137664496898651,-0.03832727298140526,0.4875521659851074,0.5899999737739563,0.7610225677490234,0.5208092331886292,0.6781551837921143,0.5216096043586731,0.6850072741508484,0.6070799827575684,0.877269983291626,0.7916213870048523
4,2140,0.34991973638534546,-0.02956753596663475,0.4855186343193054,0.6000000238418579,0.9511189460754395,0.5271637439727783,0.5475362539291382,0.5127330422401428,0.522282600402832,0.6592299938201904,0.9473099708557129,0.8746957778930664
4,2141,0.3365408182144165,-0.0489153154194355,0.44863390922546387,0.6100000143051147,0.9969813227653503,0.5,0.5090532898902893,0.5,0.5042437314987183,0.6812499761581421,0.9945600032806396,0.8918477892875671
4,2142,0.3359191417694092,-0.04191504046320915,0.44952648878097534,0.6000000238418579,0.9924564957618713,0.5,0.5101862549781799,0.5,0.504774808883667,0.6697199940681458,0.9876199960708618,0.889399528503418
4,2143,0.3387175500392914,-0.0729990005493164,0.47509628534317017,0.5799999833106995,0.880064070224762,0.545272946357727,0.6018611788749695,0.5212216973304749,0.5477474331855774,0.6100000143051147,0.8769000172615051,0.8217666745185852
4,2144,0.31217503547668457,-0.04190746322274208,0.49046042561531067,0.550000011920929,0.8047367930412292,0.6177096366882324,0.6814471483230591,0.5551763772964478,0.5850533246994019,0.59934002161026,0.8769500255584717,0.8025890588760376
4,2145,0.08605445921421051,-0.06657768040895462,0.17210383713245392,0.5,0.8114185333251953,--,--,--,--,0.5395699739456177,0.8085100054740906,0.7213876843452454
4,2146,0.04895791411399841,-0.0674164667725563,0.14101542532444,0.550000011920929,0.9699106812477112,--,--,--,--,0.6000000238418579,0.9622899889945984,0.7125352621078491
4,2147,0.10753659158945084,-0.05779540538787842,0.1870531588792801,0.5400000214576721,0.9608821272850037,--,--,--,--,0.5400000214576721,0.956250011920929,0.8249861598014832
4,2148,0.047558579593896866,-0.042808812111616135,0.0896553099155426,0.6200000047683716,0.8826546669006348,--,--,--,--,0.6299999952316284,0.8763300180435181,0.7303129434585571
4,2149,0.09914036840200424,-0.04930280148983002,0.1800476759672165,0.5699999928474426,0.9046539664268494,--,--,--,--,0.5799999833106995,0.8995400071144104,0.7873359322547913
4,2150,0.10198386758565903,-0.0561772920191288,0.17330852150917053,0.5299999713897705,0.9476189613342285,--,--,--,--,0.5699999928474426,0.9462500214576721,0.7644814252853394
4,2151,0.10475620627403259,-0.058427948504686356,0.20868432521820068,0.5799999833106995,1.0375524759292603,--,--,--,--,0.5799999833106995,1.0342999696731567,0.8231624364852905
4,2152,0.16423456370830536,-0.04889494553208351,0.26125845313072205,0.6000000238418579,0.9453776478767395,--,--,--,--,0.6499999761581421,0.9404299855232239,0.8417360782623291
4,2153,0.15088333189487457,-0.08517401665449142,0.23351313173770905,0.550000011920929,0.8508951663970947,--,--,--,--,0.550000011920929,0.8488600254058838,0.7588167190551758
4,2154,0.14434204995632172,-0.025737546384334564,0.23175159096717834,0.6899999976158142,0.991248369216919,--,--,--,--,0.7200000286102295,0.9907500147819519,0.8865748643875122
4,2155,0.05809631198644638,-0.05395113304257393,0.13771666586399078,0.5199999809265137,0.9620103240013123,--,--,--,--,0.5199999809265137,0.9538000226020813,0.7435067892074585
4,2156,0.07072227448225021,-0.12695394456386566,0.12385345995426178,0.5,0.9011110067367554,--,--,--,--,0.5,0.8960400223731995,0.7054440379142761
4,2157,0.07350468635559082,-0.036141131073236465,0.1371850073337555,0.5899999737739563,0.9812893271446228,--,--,--,--,0.6435400247573853,0.9745100140571594,0.8378269076347351
4,2158,0.0897749811410904,-0.1107252761721611,0.15730281174182892,0.5199999809265137,0.9905937314033508,--,--,--,--,0.5199999809265137,0.9859700202941895,0.7967164516448975
4,2159,0.03623548522591591,-0.0596277080476284,0.13648264110088348,0.5099999904632568,0.8508176803588867,--,--,--,--,0.5563600063323975,0.843779981136322,0.6693933010101318
4,2160,0.29147258400917053,-0.013624086044728756,0.41612064838409424,0.5199999809265137,0.7102504372596741,0.561118483543396,0.6334644556045532,0.6032692193984985,0.7255088686943054,0.5570399761199951,0.8081799745559692,0.7308100461959839
4,2161,0.3304428458213806,-0.014441845007240772,0.5043069124221802,0.7699999809265137,1.006248950958252,0.5,0.5057294964790344,0.5,0.5096808671951294,0.8018800020217896,1.003499984741211,0.9433335661888123
4,2162,0.23630312085151672,-0.02271512895822525,0.3259001076221466,0.5299999713897705,0.7963975071907043,0.5050932168960571,0.5493048429489136,0.5086057782173157,0.5833081603050232,0.567799985408783,0.7938100099563599,0.7503959536552429
4,2163,0.25592896342277527,-0.04739139974117279,0.33507439494132996,0.550000011920929,0.9510540962219238,0.5050932168960571,0.5101861953735352,0.5086057782173157,0.5172111988067627,0.6202399730682373,0.9443100094795227,0.8264604210853577
4,2164,0.3327494263648987,-0.02106241136789322,0.4905170202255249,0.7400000095367432,0.941321074962616,0.5152796506881714,0.5203726291656494,0.5258172750473022,0.534422755241394,0.7749699950218201,0.9384599924087524,0.8923286199569702
4,2165,0.12306944280862808,-0.061752285808324814,0.2267736792564392,0.550000011920929,1.0091246366500854,--,--,--,--,0.550000011920929,1.004699945449829,0.8925321698188782
4,2166,0.13750295341014862,-0.11743970215320587,0.2642401456832886,0.5699999928474426,0.9605971574783325,--,--,--,--,0.5799999833106995,0.9592000246047974,0.8382923007011414
4,2167,0.12237945199012756,-0.0867345780134201,0.23489709198474884,0.5199999809265137,0.9822499752044678,--,--,--,--,0.5199999809265137,0.9797999858856201,0.8559529781341553
4,2168,0.13630318641662598,-0.0629013180732727,0.2753772437572479,0.5299999713897705,0.900041401386261,--,--,--,--,0.5954700112342834,0.8923599720001221,0.7969575524330139
4,2169,0.11218046396970749,-0.04333195090293884,0.24254824221134186,0.5,0.946790337562561,--,--,--,--,0.5522900223731995,0.9457299709320068,0.8146311640739441
4,2170,0.2871245741844177,-0.0437919944524765,0.45990806818008423,0.5199999809265137,0.7666864395141602,0.5,0.7302343845367432,0.5,0.5535428524017334,0.5199999809265137,0.8873199820518494,0.7943825721740723
4,2171,0.3055450916290283,-0.052625011652708054,0.4689701795578003,0.550000011920929,0.7932875156402588,0.5779206156730652,0.6765374541282654,0.518121063709259,0.5410552024841309,0.550000011920929,0.8783900141716003,0.8012582063674927
4,2172,0.3200908899307251,-0.06431775540113449,0.4328211843967438,0.5699999928474426,0.974624752998352,0.5,0.5198859572410583,0.5,0.5046246647834778,0.5699999928474426,0.9724500179290771,0.8836586475372314
4,2173,0.3000659942626953,-0.008043434470891953,0.45066434144973755,0.7699999809265137,0.800000011920929,0.5,0.5657445192337036,0.5,0.5152894258499146,0.7699999809265137,0.8444700241088867,0.8138872385025024
4,2174,0.269192099571228,-0.07633726298809052,0.36235159635543823,0.5400000214576721,0.8001613616943359,0.5194801688194275,0.6266787052154541,0.5045302510261536,0.5294601917266846,0.5400000214576721,0.8057100176811218,0.761458694934845
4,2175,0.06347081065177917,-0.05675388127565384,0.15899455547332764,0.5899999737739563,1.02666175365448,--,--,--,--,0.6000000238418579,1.023900032043457,0.7629674077033997
4,2176,0.16201530396938324,-0.03420332819223404,0.267171710729599,0.7200000286102295,0.9928385019302368,--,--,--,--,0.7654600143432617,0.9906100034713745,0.9059833288192749
4,2177,0.12298441678285599,-0.06117052584886551,0.20746682584285736,0.5299999713897705,0.9518407583236694,--,--,--,--,0.5743100047111511,0.949999988079071,0.8033325672149658
4,2178,0.14848001301288605,-0.02888711541891098,0.24463200569152832,0.6800000071525574,0.9717313647270203,--,--,--,--,0.6800000071525574,0.9693700075149536,0.8547965884208679
4,2179,0.13376303017139435,-0.03539705276489258,0.2098015546798706,0.5899999737739563,1.037493348121643,--,--,--,--,0.5899999737739563,1.0351999998092651,0.833112359046936
4,2180,0.10144016146659851,-0.043156735599040985,0.1679692417383194,0.5600000023841858,0.9372164607048035,--,--,--,--,0.5860700011253357,0.9368000030517578,0.8551062345504761
4,2181,0.10019590705633163,-0.04241844266653061,0.17241109907627106,0.550000011920929,1.0063039064407349,--,--,--,--,0.5854200124740601,1.0049999952316284,0.900270938873291
4,2182,0.0796128436923027,-0.03784453123807907,0.1512385457754135,0.5199999809265137,0.8520454168319702,--,--,--,--,0.5395900011062622,0.8501700162887573,0.7701578736305237
4,2183,0.10062754899263382,-0.04629134386777878,0.16291067004203796,0.6000000238418579,0.8800500631332397,--,--,--,--,0.6000000238418579,0.878849983215332,0.80848228931427
4,2184,0.09345915913581848,-0.0829283744096756,0.16070953011512756,0.5299999713897705,1.0040104389190674,--,--,--,--,0.5299999713897705,1.002500057220459,0.8548256158828735
4,2185,0.2689327299594879,-0.16024717688560486,0.42392808198928833,0.5,0.8701568245887756,0.5429056882858276,0.5514860153198242,0.5903277397155762,0.6083915829658508,0.5,0.8699700236320496,0.7928876876831055
4,2186,0.3044600784778595,-0.09335768967866898,0.4550601541996002,0.5299999713897705,0.9836938977241516,0.5,0.5144805312156677,0.5,0.5304852724075317,0.5299999713897705,0.9835699796676636,0.8906192183494568
4,2187,0.31599074602127075,-0.10125789046287537,0.4923764765262604,0.5,0.9622336626052856,0.5171622633934021,0.534679114818573,0.5361310839653015,0.57300865650177,0.5,0.9614800214767456,0.8850681185722351
4,2188,0.32341670989990234,-0.07733524590730667,0.5252963304519653,0.5899999737739563,0.8728015422821045,0.5343245267868042,0.5605998039245605,0.5722622275352478,0.6275785565376282,0.5899999737739563,0.9122800230979919,0.8561270833015442
4,2189,0.3309074938297272,-0.06786197423934937,0.48853936791419983,0.6399999856948853,0.9821363091468811,0.5042905807495117,0.5128709077835083,0.5090327858924866,0.5270966291427612,0.6399999856948853,0.9820299744606018,0.9107616543769836
4,2190,0.2784605622291565,-0.045974887907505035,0.39450663328170776,0.550000011920929,0.9635844826698303,0.5,0.530463457107544,0.5,0.5069630742073059,0.5828800201416016,0.9624800086021423,0.862788200378418
4,2191,0.2019723504781723,-0.05850054696202278,0.270845502614975,0.5199999809265137,0.8003844618797302,0.5097485780715942,0.6366586685180664,0.5022282600402832,0.5312362909317017,0.5436300039291382,0.7983199954032898,0.7445881962776184
4,2192,0.17780399322509766,-0.015643635764718056,0.27670153975486755,0.5099999904632568,0.7508267760276794,0.5,0.7490967512130737,0.5,0.5569363832473755,0.5255299806594849,0.8085500001907349,0.7398589849472046
4,2193,0.17957934737205505,-0.010335898026823997,0.2790239155292511,0.5799999833106995,0.7453081607818604,0.5194971561431885,0.7060676217079163,0.5044565200805664,0.5471011400222778,0.5905500054359436,0.7998600006103516,0.7434398531913757
4,2194,0.24019311368465424,-0.0328669548034668,0.3548230230808258,0.5299999713897705,0.8072089552879333,0.5292457342147827,0.6922417283058167,0.5066847205162048,0.5439409613609314,0.5507500171661377,0.8333200216293335,0.778050422668457
4,2195,0.10958091914653778,-0.04489189386367798,0.18461227416992188,0.6000000238418579,0.9124988317489624,--,--,--,--,0.6343899965286255,0.909529983997345,0.8217724561691284
4,2196,0.10049860924482346,-0.04019538313150406,0.18240603804588318,0.5400000214576721,0.8755097985267639,--,--,--,--,0.5796499848365784,0.8713899850845337,0.7786951065063477
4,2197,0.11699526011943817,-0.06376785784959793,0.2204694151878357,0.6600000262260437,0.9538020491600037,--,--,--,--,0.6600000262260437,0.953719973564148,0.8604316115379333
4,2198,0.13798409700393677,-0.03589323163032532,0.2800463140010834,0.6399999856948853,0.9674959182739258,--,--,--,--,0.6789500117301941,0.9674400091171265,0.8792893290519714
4,2199,0.06475261598825455,-0.041498813778162,0.12036271393299103,0.5400000214576721,1.0020203590393066,--,--,--,--,0.5400000214576721,0.99795001745224,0.808750569820404
4,2200,0.23696640133857727,-0.07985726743936539,0.30275505781173706,0.5,0.7920118570327759,0.5385730266571045,0.6115001440048218,0.5105887055397034,0.5306078791618347,0.5,0.8026700019836426,0.7511816620826721
4,2201,0.2650289535522461,-0.048831116408109665,0.3434469699859619,0.5899999737739563,0.825569212436676,0.5,0.5675790309906006,0.5,0.5185511112213135,0.5899999737739563,0.8251399993896484,0.7912769913673401
4,2202,0.3481046259403229,-0.04265846312046051,0.47385624051094055,0.7099999785423279,0.8999999761581421,0.5192865133285522,0.5877755284309387,0.5052943229675293,0.5240952372550964,0.7099999785423279,0.9016500115394592,0.8663695454597473
4,2203,0.3192944824695587,-0.06684312969446182,0.4281787574291229,0.5600000023841858,0.9168047308921814,0.5096432566642761,0.5855833888053894,0.5026471614837646,0.5234934687614441,0.5600000023841858,0.9161999821662903,0.8526669144630432
4,2204,0.35283663868904114,-0.04516090452671051,0.4832477867603302,0.6700000166893005,0.9160000085830688,0.5192865133285522,0.5776281952857971,0.5052943229675293,0.5213096737861633,0.6700000166893005,0.9158700108528137,0.8810949921607971
4,2205,0.1273879110813141,-0.030414355918765068,0.21540753543376923,0.7400000095367432,1.0044564008712769,--,--,--,--,0.786050021648407,0.9998900294303894,0.9350141286849976
4,2206,0.13105455040931702,-0.0864376649260521,0.21980763971805573,0.5899999737739563,0.9431350827217102,--,--,--,--,0.5899999737739563,0.9416000247001648,0.8337327241897583
4,2207,0.07065387070178986,-0.09143783152103424,0.11983265727758408,0.550000011920929,0.827181339263916,--,--,--,--,0.5588099956512451,0.8266299962997437,0.6852907538414001
4,2208,0.11953604221343994,-0.04687872529029846,0.21199843287467957,0.5899999737739563,0.9916385412216187,--,--,--,--,0.6188700199127197,0.9901700019836426,0.8278038501739502
4,2209,0.12416410446166992,-0.06665773689746857,0.19218620657920837,0.6200000047683716,0.8875701427459717,--,--,--,--,0.6687600016593933,0.8831700086593628,0.809665322303772
4,2210,0.29640817642211914,-0.082734115421772,0.4706922769546509,0.6399999856948853,0.8405551314353943,0.5194028615951538,0.5339801907539368,0.5776113867759705,0.6359206438064575,0.6399999856948853,0.8619499802589417,0.8166343569755554
4,2211,0.3230058550834656,-0.09578409045934677,0.5139888525009155,0.6299999952316284,0.9753477573394775,0.5024253726005554,0.5106108784675598,0.5097014307975769,0.542443573474884,0.6299999952316284,0.974370002746582,0.9100837111473083
4,2212,0.2346620112657547,-0.07920687645673752,0.3913814127445221,0.5799999833106995,0.7719722390174866,0.5024253726005554,0.54723060131073,0.5097014307975769,0.6889222860336304,0.5799999833106995,0.8214300274848938,0.7623920440673828
4,2213,0.3183983266353607,-0.08690344542264938,0.5137404203414917,0.6399999856948853,0.9760352373123169,0.5024253726005554,0.5100024342536926,0.5097014307975769,0.540009617805481,0.6399999856948853,0.9754999876022339,0.9136976003646851
4,2214,0.29748281836509705,-0.08988062292337418,0.48614951968193054,0.5299999713897705,0.9617182016372681,0.5097014307975769,0.5146531462669373,0.5388057231903076,0.5586126446723938,0.5299999713897705,0.9598199725151062,0.8835955262184143
4,2215,0.12838390469551086,-0.030833186581730843,0.23233811557292938,0.5600000023841858,0.9843999743461609,--,--,--,--,0.6025199890136719,0.9843000173568726,0.8637518286705017
4,2216,0.12630699574947357,-0.05531064048409462,0.2093053162097931,0.5299999713897705,0.900168776512146,--,--,--,--,0.5299999713897705,0.8979099988937378,0.7500024437904358
4,2217,0.13961449265480042,-0.0368494875729084,0.25463294982910156,0.5299999713897705,0.9415786862373352,--,--,--,--,0.5852000117301941,0.9399999976158142,0.8368954658508301
4,2218,0.08254685997962952,-0.05395730584859848,0.18395550549030304,0.5600000023841858,0.9726296067237854,--,--,--,--,0.5600000023841858,0.9715099930763245,0.7745048403739929
4,2219,0.1319674253463745,-0.05506743863224983,0.2286263257265091,0.5199999809265137,0.8815929293632507,--,--,--,--,0.573360025882721,0.879800021648407,0.7950365543365479
4,2220,0.37624338269233704,-0.0016486390959471464,0.5620938539505005,0.8299999833106995,0.9418227076530457,0.5256139039993286,0.5522916316986084,0.5156182050704956,0.5318851470947266,0.8299999833106995,0.9526100158691406,0.9290835857391357
4,2221,0.2603178918361664,-0.08771689236164093,0.3758888840675354,0.550000011920929,1.0259937047958374,0.5085379481315613,0.5085379481315613,0.5052060484886169,0.5052060484886169,0.550000011920929,1.023900032043457,0.8858035802841187
4,2222,0.29926034808158875,-0.07870110869407654,0.4244033992290497,0.6499999761581421,0.9420627355575562,0.5170758962631226,0.5345063805580139,0.5104121565818787,0.5210404992103577,0.6499999761581421,0.9387900233268738,0.8636643886566162
4,2223,0.37921643257141113,0.0,0.5713024139404297,0.8899999856948853,0.9401315450668335,0.5256139039993286,0.5430443286895752,0.5156182050704956,0.5262465476989746,0.8899999856948853,0.9625899791717529,0.941956102848053
4,2224,0.3251904845237732,-0.06541194766759872,0.46413904428482056,0.699999988079071,0.9201188087463379,0.5085379481315613,0.5598494410514832,0.5052060484886169,0.5364935398101807,0.699999988079071,0.9179700016975403,0.8665513396263123
4,2225,0.13473476469516754,-0.022364648059010506,0.2436540573835373,0.8199999928474426,0.9747961759567261,--,--,--,--,0.8199999928474426,0.9744700193405151,0.9243558645248413
4,2226,0.12086954712867737,-0.05887467414140701,0.24210470914840698,0.5600000023841858,0.8619838356971741,--,--,--,--,0.5799999833106995,0.8614799976348877,0.777935266494751
4,2227,0.11643669754266739,-0.11000055074691772,0.20036889612674713,0.5099999904632568,0.9420071840286255,--,--,--,--,0.5099999904632568,0.9364100098609924,0.7817226052284241
4,2228,0.11412186175584793,-0.06472427397966385,0.2757861018180847,0.5199999809265137,0.8799995183944702,--,--,--,--,0.5199999809265137,0.8771899938583374,0.7522741556167603
4,2229,0.11326272040605545,-0.09237208962440491,0.19277460873126984,0.5699999928474426,1.014614462852478,--,--,--,--,0.5699999928474426,1.0128999948501587,0.8631566166877747
4,2230,0.3498522639274597,-0.04547141492366791,0.4555644392967224,0.699999988079071,0.9439436793327332,0.5,0.5414987206459045,0.5,0.5306729674339294,0.699999988079071,0.9426100254058838,0.9016852974891663
4,2231,0.3492368161678314,-0.06591572612524033,0.45064035058021545,0.6700000166893005,0.9638051986694336,0.5080417394638062,0.5408773422241211,0.5059438943862915,0.5302137136459351,0.6700000166893005,0.9612100124359131,0.9079998731613159
4,2232,0.27473536133766174,-0.09492716938257217,0.347785621881485,0.5899999737739563,0.9943268895149231,0.5,0.5090469121932983,0.5,0.5066868662834167,0.5899999737739563,0.9879199862480164,0.875003457069397
4,2233,0.3652763068675995,-0.021551955491304398,0.4798809885978699,0.8199999928474426,0.969922661781311,0.5,0.5251304507255554,0.5,0.5185746550559998,0.8199999928474426,0.9669399857521057,0.9267433285713196
4,2234,0.27255553007125854,-0.10561659932136536,0.3460579216480255,0.5099999904632568,0.8999361991882324,0.5241252779960632,0.5581017136573792,0.5178317427635193,0.5429447293281555,0.5099999904632568,0.895330011844635,0.8246362209320068
4,2235,0.10509563982486725,-0.13278070092201233,0.17440815269947052,0.5799999833106995,0.9785057306289673,--,--,--,--,0.5799999833106995,0.9740999937057495,0.8363087177276611
4,2236,0.16369079053401947,-0.11862807720899582,0.29401612281799316,0.5699999928474426,0.9734377264976501,--,--,--,--,0.5699999928474426,0.9700000286102295,0.8585466742515564
4,2237,0.113039031624794,-0.1659153699874878,0.208022341132164,0.5,0.9148383736610413,--,--,--,--,0.5,0.9080600142478943,0.7648703455924988
4,2238,0.09933394938707352,-0.08616483211517334,0.15990617871284485,0.5899999737739563,0.9410951733589172,--,--,--,--,0.5899999737739563,0.9404900074005127,0.814644455909729
4,2239,0.14520256221294403,-0.09953641891479492,0.2538257837295532,0.6100000143051147,1.000887393951416,--,--,--,--,0.6100000143051147,1.0,0.9232441186904907
4,2240,0.06232661008834839,-0.05294158309698105,0.15033859014511108,0.5199999809265137,0.7291451692581177,--,--,--,--,0.5199999809265137,0.7277799844741821,0.6376457810401917
4,2241,0.04164060950279236,-0.041512999683618546,0.07826291024684906,0.5099999904632568,0.998081624507904,--,--,--,--,0.5099999904632568,0.99440997838974,0.7195503115653992
4,2242,0.06733181327581406,-0.03693404793739319,0.114731565117836,0.5400000214576721,0.9979857802391052,--,--,--,--,0.5630900263786316,0.9950500130653381,0.8288343548774719
4,2243,0.07718267291784286,-0.05257037281990051,0.1519332230091095,0.5400000214576721,0.8023388385772705,--,--,--,--,0.5400000214576721,0.8010200262069702,0.7293521165847778
4,2244,0.06756056100130081,-0.044302597641944885,0.1358460932970047,0.5199999809265137,0.9179974794387817,--,--,--,--,0.5199999809265137,0.915120005607605,0.8112738728523254
4,2245,0.3333132863044739,-0.019455866888165474,0.5417668223381042,0.7799999713897705,0.9417015314102173,0.5094687938690186,0.552078366279602,0.5032158493995667,0.5176869630813599,0.7950599789619446,0.941070020198822,0.9086321592330933
4,2246,0.31372693181037903,-0.022519750520586967,0.49765485525131226,0.7599999904632568,0.9730674028396606,0.5,0.5106523633003235,0.5,0.5036177635192871,0.7792999744415283,0.9719300270080566,0.9163970351219177
4,2247,0.2607510983943939,-0.03640720248222351,0.39380699396133423,0.5,0.800125002861023,0.5,0.6914844512939453,0.5,0.5650324821472168,0.5261899828910828,0.8166999816894531,0.7672490477561951
4,2248,0.25732067227363586,-0.05560420826077461,0.38192465901374817,0.5299999713897705,0.9722625613212585,0.5189376473426819,0.5295900106430054,0.5064316391944885,0.5100494623184204,0.5718899965286255,0.9701099991798401,0.8489441871643066
4,2249,0.2815036177635193,-0.03522932529449463,0.42897358536720276,0.5899999737739563,1.0004286766052246,0.5094687938690186,0.5094687938690186,0.5032158493995667,0.5032158493995667,0.6257500052452087,0.9967600107192993,0.8946917653083801
4,2250,0.262236624956131,-0.11200219392776489,0.36464425921440125,0.6100000143051147,0.8304954171180725,0.5042266845703125,0.5126743316650391,0.5195482969284058,0.5586187839508057,0.6100000143051147,0.8299999833106995,0.7815757989883423
4,2251,0.23164726793766022,-0.06740821897983551,0.3918730318546295,0.6100000143051147,0.6800788044929504,0.5021133422851562,0.5692805051803589,0.5097741484642029,0.8204222321510315,0.6100000143051147,0.877269983291626,0.765357494354248
4,2252,0.291839063167572,-0.13551132380962372,0.4016079306602478,0.5799999833106995,0.8819429278373718,0.5042266845703125,0.5128520131111145,0.5195482969284058,0.5594406723976135,0.5799999833106995,0.8799999952316284,0.8137874603271484
4,2253,0.2949807643890381,-0.11992698907852173,0.45175009965896606,0.5299999713897705,0.8146312832832336,0.5147932767868042,0.529674232006073,0.5684189796447754,0.6372432112693787,0.5299999713897705,0.8408300280570984,0.7912772297859192
4,2254,0.3525184690952301,-0.09936089813709259,0.49665698409080505,0.5799999833106995,0.9218505024909973,0.5,0.523773193359375,0.5,0.6099509596824646,0.5799999833106995,0.9211099743843079,0.8662701845169067
4,2255,0.09180866926908493,-0.05174875631928444,0.14274270832538605,0.6100000143051147,0.8999999761581421,--,--,--,--,0.6282699704170227,0.8999999761581421,0.7598186135292053
4,2256,0.10637025535106659,-0.06891065090894699,0.1880844682455063,0.5899999737739563,0.8636654615402222,--,--,--,--,0.6000000238418579,0.8596900105476379,0.7719717025756836
4,2257,0.164310023188591,-0.05267328396439552,0.24618332087993622,0.6600000262260437,0.9445282816886902,--,--,--,--,0.7200000286102295,0.9434300065040588,0.8641864061355591
4,2258,0.13320153951644897,-0.12347174435853958,0.21196326613426208,0.5400000214576721,0.9100000262260437,--,--,--,--,0.6000000238418579,0.9100000262260437,0.7722648978233337
4,2259,0.13997207581996918,-0.03131712228059769,0.22323067486286163,0.6700000166893005,0.8713037967681885,--,--,--,--,0.7126799821853638,0.8670799732208252,0.8178169131278992
4,2260,0.13831092417240143,-0.014743957668542862,0.17783282697200775,0.5199999809265137,0.5804880857467651,0.6606476306915283,0.8973033428192139,0.5556088089942932,0.6375280618667603,0.5199999809265137,0.8147000074386597,0.6940308213233948
4,2261,0.16919174790382385,-0.02452787570655346,0.24828432500362396,0.5299999713897705,0.6457076668739319,0.698447048664093,0.7756192088127136,0.568693220615387,0.5954066514968872,0.5299999713897705,0.8104400038719177,0.71892911195755
4,2262,0.30168017745018005,-0.039191409945487976,0.43660539388656616,0.6600000262260437,0.8664273619651794,0.5283495783805847,0.5855107307434082,0.5098133087158203,0.5295998454093933,0.6600000262260437,0.8666200041770935,0.8388388156890869
4,2263,0.2808670103549957,-0.05211695656180382,0.4345817565917969,0.5699999928474426,1.0292253494262695,0.5,0.50944983959198,0.5,0.5032711029052734,0.5699999928474426,1.02839994430542,0.9114617109298706
4,2264,0.1427164077758789,-0.03369425982236862,0.18169012665748596,0.5299999713897705,0.6840714812278748,0.5283495783805847,0.7071219682693481,0.5098133087158203,0.5716960430145264,0.5299999713897705,0.7703999876976013,0.7094585299491882
4,2265,0.15549032390117645,-0.1570020616054535,0.2876926362514496,0.5600000023841858,0.971619188785553,--,--,--,--,0.5600000023841858,0.9695000052452087,0.8988715410232544
4,2266,0.10017756372690201,-0.12974554300308228,0.17685329914093018,0.5600000023841858,0.7717495560646057,--,--,--,--,0.5600000023841858,0.7686499953269958,0.7063900828361511
4,2267,0.16326606273651123,-0.007752444129437208,0.2756725549697876,0.8600000143051147,0.9728400707244873,--,--,--,--,0.8774600028991699,0.9718199968338013,0.9387984871864319
4,2268,0.11866483092308044,-0.08843102306127548,0.2118058204650879,0.5299999713897705,0.9517143368721008,--,--,--,--,0.5299999713897705,0.9436399936676025,0.7900915145874023
4,2269,0.16630175709724426,-0.06144287809729576,0.28911304473876953,0.6600000262260437,1.0078206062316895,--,--,--,--,0.7203599810600281,1.0056999921798706,0.9280968904495239
4,2270,0.14784198999404907,-0.05674596503376961,0.24477088451385498,0.6000000238418579,0.9951655864715576,--,--,--,--,0.6535599827766418,0.9920700192451477,0.8921973705291748
4,2271,0.15017957985401154,-0.12101823091506958,0.262016236782074,0.6000000238418579,0.9049558043479919,--,--,--,--,0.6000000238418579,0.9007700085639954,0.823922336101532
4,2272,0.11700672656297684,-0.03610533848404884,0.19984768331050873,0.6600000262260437,0.9603865742683411,--,--,--,--,0.6600000262260437,0.9536200165748596,0.8139462471008301
4,2273,0.10622137784957886,-0.1416427195072174,0.18140536546707153,0.5600000023841858,0.9001345038414001,--,--,--,--,0.5938199758529663,0.8978899717330933,0.7458974719047546
4,2274,0.12983308732509613,-0.12759141623973846,0.23803451657295227,0.5400000214576721,1.0061575174331665,--,--,--,--,0.5984100103378296,1.001099944114685,0.8282592296600342
4,2275,0.3239964246749878,-0.03554411232471466,0.4401176869869232,0.5699999928474426,0.883597731590271,0.5186703205108643,0.53838711977005,0.5353754162788391,0.572733461856842,0.6284700036048889,0.8788800239562988,0.8206495642662048
4,2276,0.30941733717918396,-0.03402605280280113,0.41656604409217834,0.5400000214576721,1.0028502941131592,0.5,0.5093339681625366,0.5,0.5176853537559509,0.6170399785041809,0.9945499897003174,0.8822675347328186
4,2277,0.37400543689727783,-0.023118773475289345,0.5097396373748779,0.7900000214576721,0.9901310205459595,0.5,0.5046669840812683,0.5,0.5088427066802979,0.8287100195884705,0.9842000007629395,0.9282726645469666
4,2278,0.264628142118454,-0.002884963760152459,0.4361426532268524,0.5099999904632568,0.6626213192939758,0.5746814012527466,0.6455695629119873,0.6415015459060669,0.775816023349762,0.5416399836540222,0.8322200179100037,0.7248843908309937
4,2279,0.2553282380104065,-0.001175959245301783,0.4042758345603943,0.6000000238418579,0.6914219260215759,0.5326731204986572,0.5993528962135315,0.5619069337844849,0.688247561454773,0.6193199753761292,0.804419994354248,0.7348555326461792
4,2280,0.13293886184692383,-0.03920682892203331,0.23689329624176025,0.5,0.9956968426704407,--,--,--,--,0.5099999904632568,0.9934800267219543,0.7757810354232788
4,2281,0.03845977783203125,-0.06446509808301926,0.10525273531675339,0.5,0.763076901435852,--,--,--,--,0.5140200257301331,0.7617700099945068,0.6575272679328918
4,2282,0.15263202786445618,-0.07694179564714432,0.26265740394592285,0.5400000214576721,0.9062494039535522,--,--,--,--,0.5400000214576721,0.9055500030517578,0.8406398296356201
4,2283,0.0977831557393074,-0.025408828631043434,0.15059341490268707,0.7400000095367432,0.9667455554008484,--,--,--,--,0.7400000095367432,0.9664999842643738,0.8573669195175171
4,2284,0.1231800988316536,-0.031719256192445755,0.2262365072965622,0.5099999904632568,0.9104077816009521,--,--,--,--,0.5199999809265137,0.9099400043487549,0.7499709129333496
4,2285,0.11918927729129791,-0.05510446056723595,0.21404294669628143,0.5400000214576721,0.9192560315132141,--,--,--,--,0.5400000214576721,0.9175199866294861,0.8191056251525879
4,2286,0.056239139288663864,-0.06540407985448837,0.1443120539188385,0.5400000214576721,0.9513835310935974,--,--,--,--,0.5899999737739563,0.940850019454956,0.7119570970535278
4,2287,0.10988493263721466,-0.07312023639678955,0.18262314796447754,0.6200000047683716,0.8702343702316284,--,--,--,--,0.6200000047683716,0.8700000047683716,0.7697461843490601
4,2288,0.13184933364391327,-0.05669837072491646,0.25709089636802673,0.5899999737739563,0.993151068687439,--,--,--,--,0.5899999737739563,0.9900000095367432,0.8997652530670166
4,2289,0.11655736714601517,-0.03144858032464981,0.21531209349632263,0.6299999952316284,0.9239004254341125,--,--,--,--,0.6687300205230713,0.9227799773216248,0.8390957713127136
4,2290,0.07259490340948105,-0.051737915724515915,0.16315484046936035,0.5099999904632568,0.9399999976158142,--,--,--,--,0.5263199806213379,0.9399999976158142,0.6966665983200073
4,2291,0.1295517385005951,-0.06472910940647125,0.2364615947008133,0.5600000023841858,0.9954231381416321,--,--,--,--,0.5600000023841858,0.987529993057251,0.8584381937980652
4,2292,0.1275329738855362,-0.05301723629236221,0.24366889894008636,0.5,0.9909374713897705,--,--,--,--,0.576229989528656,0.9900000095367432,0.8745795488357544
4,2293,0.11490722745656967,-0.03362620621919632,0.2091035097837448,0.6200000047683716,0.9800000190734863,--,--,--,--,0.66389000415802,0.9800000190734863,0.8453618884086609
4,2294,0.1015825942158699,-0.04220576956868172,0.19520650804042816,0.550000011920929,1.000465989112854,--,--,--,--,0.550000011920929,0.9926300048828125,0.8267533183097839
4,2295,0.13117143511772156,-0.05617610737681389,0.24768869578838348,0.6100000143051147,0.8989719152450562,--,--,--,--,0.6299999952316284,0.8970699906349182,0.8092131018638611
4,2296,0.12603448331356049,-0.018542785197496414,0.20218804478645325,0.5600000023841858,0.9579357504844666,--,--,--,--,0.5936800241470337,0.9577199816703796,0.8685672283172607
4,2297,0.07115539163351059,-0.04962623491883278,0.13392634689807892,0.5799999833106995,0.9148446917533875,--,--,--,--,0.597029983997345,0.9139299988746643,0.7588719129562378
4,2298,0.14053623378276825,-0.06030023843050003,0.23511546850204468,0.5899999737739563,0.8639909029006958,--,--,--,--,0.5899999737739563,0.8637499809265137,0.7979698181152344
4,2299,0.148579403758049,-0.03394690528512001,0.24345040321350098,0.7799999713897705,0.962497889995575,--,--,--,--,0.7799999713897705,0.9621300101280212,0.9081418514251709
4,2300,0.11121614277362823,-0.08633308112621307,0.20913395285606384,0.6200000047683716,0.9825736880302429,--,--,--,--,0.6200000047683716,0.9814900159835815,0.8214544653892517
4,2301,0.08771620690822601,-0.0565611831843853,0.19887757301330566,0.6200000047683716,0.9598574042320251,--,--,--,--,0.6733800172805786,0.9553400278091431,0.7918990254402161
4,2302,0.13148243725299835,-0.13417048752307892,0.26072195172309875,0.5099999904632568,0.9834737181663513,--,--,--,--,0.5099999904632568,0.9805600047111511,0.8266301155090332
4,2303,0.10877862572669983,-0.0722755417227745,0.22922205924987793,0.5699999928474426,0.8814178705215454,--,--,--,--,0.5699999928474426,0.8808500170707703,0.7983736395835876
4,2304,0.11476267129182816,-0.09769251197576523,0.19244317710399628,0.6100000143051147,0.9630919694900513,--,--,--,--,0.6100000143051147,0.9603899717330933,0.8059032559394836
4,2305,0.26858946681022644,-0.14101409912109375,0.3586716651916504,0.5400000214576721,0.9713131785392761,0.5,0.5108638405799866,0.5,0.5172834396362305,0.5400000214576721,0.9699199795722961,0.8528459072113037
4,2306,0.28838837146759033,-0.043404027819633484,0.4297644793987274,0.6800000071525574,0.8674890398979187,0.5,0.5478953123092651,0.5,0.5761970281600952,0.6800000071525574,0.8672500252723694,0.840354859828949
4,2307,0.127145916223526,-0.04569114372134209,0.18878386914730072,0.5799999833106995,0.6866608262062073,0.5532171726226807,0.5910114645957947,0.5846636295318604,0.6447909474372864,0.5799999833106995,0.7522900104522705,0.7012073397636414
4,2308,0.3629714250564575,0.0,0.550919771194458,0.9399999976158142,0.9699997305870056,0.505321741104126,0.5106412172317505,0.508466362953186,0.5169292092323303,0.9399999976158142,0.9707499742507935,0.9648585319519043
4,2309,0.29556745290756226,-0.06388328969478607,0.43211984634399414,0.6600000262260437,0.9209213256835938,0.505321741104126,0.5337038040161133,0.508466362953186,0.5536196827888489,0.6600000262260437,0.9206100106239319,0.8724715709686279
4,2310,0.07813729345798492,-0.05200054496526718,0.17414316534996033,0.5,0.9546195864677429,--,--,--,--,0.5099999904632568,0.9511600136756897,0.7657244205474854
4,2311,0.14342346787452698,-0.04952172935009003,0.2571583092212677,0.5899999737739563,0.9822428822517395,--,--,--,--,0.6465200185775757,0.9763799905776978,0.835079550743103
4,2312,0.127400740981102,-0.051762424409389496,0.2520073354244232,0.5400000214576721,0.9233415126800537,--,--,--,--,0.5952500104904175,0.9184899926185608,0.812092661857605
4,2313,0.09516772627830505,-0.040316902101039886,0.159724622964859,0.5099999904632568,0.807658314704895,--,--,--,--,0.5099999904632568,0.8057900071144104,0.6808018684387207
4,2314,0.134208083152771,-0.03228900581598282,0.2146635502576828,0.6100000143051147,0.855930507183075,--,--,--,--,0.6100000143051147,0.8542699813842773,0.7781586050987244
4,2315,0.134172722697258,-0.0250311940908432,0.2269224375486374,0.6299999952316284,0.9221798181533813,--,--,--,--,0.6673700213432312,0.9192699790000916,0.823805570602417
4,2316,0.12598916888237,-0.019821427762508392,0.19515526294708252,0.6399999856948853,0.8978180289268494,--,--,--,--,0.6399999856948853,0.8949199914932251,0.783053994178772
4,2317,0.1571226865053177,-0.05434783175587654,0.28396302461624146,0.5899999737739563,0.9722800850868225,--,--,--,--,0.5899999737739563,0.9710599780082703,0.8742744326591492
4,2318,0.13931560516357422,-0.03887761011719704,0.22575794160366058,0.6000000238418579,0.8890127539634705,--,--,--,--,0.6000000238418579,0.887499988079071,0.7973519563674927
4,2319,0.13211725652217865,-0.03253026679158211,0.2157849818468094,0.5400000214576721,0.9942009449005127,--,--,--,--,0.5912200212478638,0.9912899732589722,0.8308741450309753
4,2320,0.06822262704372406,-0.08080780506134033,0.14970122277736664,0.5199999809265137,1.0039671659469604,--,--,--,--,0.5199999809265137,1.0013999938964844,0.8392543792724609
4,2321,0.04865056648850441,-0.053694549947977066,0.09515263140201569,0.550000011920929,0.9115650057792664,--,--,--,--,0.550000011920929,0.9070799946784973,0.7352033853530884
4,2322,0.11227874457836151,-0.04562506824731827,0.22801491618156433,0.7200000286102295,0.9429076313972473,--,--,--,--,0.7417799830436707,0.942579984664917,0.8812590837478638
4,2323,0.10911577939987183,-0.03323766216635704,0.1998778134584427,0.6899999976158142,0.9751797318458557,--,--,--,--,0.7098399996757507,0.9747599959373474,0.8601182699203491
4,2324,0.11941230297088623,-0.10433534532785416,0.26190343499183655,0.5400000214576721,0.9900170564651489,--,--,--,--,0.5846700072288513,0.9873499870300293,0.8594105243682861
4,2325,0.2669137418270111,-0.0796397253870964,0.40291956067085266,0.5299999713897705,0.9222455620765686,0.5,0.556618332862854,0.5,0.5547310709953308,0.5299999713897705,0.919700026512146,0.8242127895355225
4,2326,0.2987897992134094,-0.020810455083847046,0.4675334393978119,0.6499999761581421,0.9588446617126465,0.5,0.5360486507415771,0.5,0.5348470211029053,0.6499999761581421,0.9577800035476685,0.8840601444244385
4,2327,0.26556292176246643,-0.05834386497735977,0.3923773467540741,0.5600000023841858,0.8707566857337952,0.5,0.572795033454895,0.5,0.5703685283660889,0.5600000023841858,0.8691800236701965,0.7976335883140564
4,2328,0.30242854356765747,-0.030551865696907043,0.47004440426826477,0.6600000262260437,0.9804821610450745,0.5,0.5161766409873962,0.5,0.5156374573707581,0.6600000262260437,0.9799100160598755,0.898505449295044
4,2329,0.32142379879951477,-0.01730685867369175,0.49986732006073,0.7400000095367432,0.9464006423950195,0.5,0.5242649912834167,0.5,0.5234561562538147,0.7400000095367432,0.9460999965667725,0.8970301151275635
4,2330,0.10486194491386414,-0.03706397861242294,0.17512179911136627,0.6100000143051147,0.7772015929222107,--,--,--,--,0.6100000143051147,0.7762200236320496,0.7297777533531189
4,2331,0.11685077100992203,-0.031138895079493523,0.21008343994617462,0.5299999713897705,0.9739115238189697,--,--,--,--,0.5299999713897705,0.9714599847793579,0.8079712390899658
4,2332,0.111312136054039,-0.07226354628801346,0.2211848795413971,0.5600000023841858,0.9604109525680542,--,--,--,--,0.5600000023841858,0.9581999778747559,0.7989383339881897
4,2333,0.1406734138727188,-0.08285877853631973,0.2556176781654358,0.5400000214576721,1.0240108966827393,--,--,--,--,0.5400000214576721,1.0225000381469727,0.8861598372459412
4,2334,0.15807558596134186,-0.024270491674542427,0.256507933139801,0.7300000190734863,0.9990068674087524,--,--,--,--,0.7300000190734863,0.9972699880599976,0.9412412643432617
4,2335,0.045737992972135544,-0.1001267284154892,0.08958534896373749,0.5099999904632568,0.9891934394836426,--,--,--,--,0.5099999904632568,0.9865000247955322,0.7838563919067383
4,2336,0.08933120220899582,-0.08265970647335052,0.17665112018585205,0.5799999833106995,0.940309464931488,--,--,--,--,0.5799999833106995,0.9368100166320801,0.8140044808387756
4,2337,0.10369756817817688,-0.11139553040266037,0.21651232242584229,0.5699999928474426,0.9456254839897156,--,--,--,--,0.5699999928474426,0.9440199732780457,0.8639209866523743
4,2338,0.11872924864292145,-0.13289524614810944,0.25018954277038574,0.5799999833106995,1.001662015914917,--,--,--,--,0.5799999833106995,0.9988800287246704,0.8596943616867065
4,2339,0.06560444831848145,-0.0682266429066658,0.14755654335021973,0.5600000023841858,0.9981516003608704,--,--,--,--,0.5600000023841858,0.9953299760818481,0.8131187558174133
4,2340,0.2819422483444214,-0.058093078434467316,0.40115252137184143,0.5899999737739563,1.0055502653121948,0.504179060459137,0.504179060459137,0.5090848803520203,0.5090848803520203,0.5899999737739563,1.0017000436782837,0.8888680934906006
4,2341,0.28908535838127136,-0.09515304863452911,0.4186769425868988,0.5199999809265137,0.8618510365486145,0.5208953022956848,0.5720883011817932,0.5454245209693909,0.6567136645317078,0.5199999809265137,0.8764600157737732,0.8138250708580017
4,2342,0.2804394066333771,-0.08037565648555756,0.39563730359077454,0.550000011920929,0.9745014309883118,0.504179060459137,0.5229834318161011,0.5090848803520203,0.5499640107154846,0.550000011920929,0.9712899923324585,0.8675616383552551
4,2343,0.3504072427749634,-0.014904800802469254,0.5055373907089233,0.800000011920929,0.8900712132453918,0.5334324240684509,0.541964590549469,0.5726792216300964,0.5912274122238159,0.800000011920929,0.942080020904541,0.8959799408912659
4,2344,0.30446669459342957,-0.05713461712002754,0.4361768662929535,0.6499999761581421,0.8230658769607544,0.5208953022956848,0.5756027102470398,0.5454245209693909,0.6643537282943726,0.6499999761581421,0.8851100206375122,0.8253891468048096
4,2345,0.18943537771701813,-0.10649562627077103,0.3136758804321289,0.5199999809265137,0.7660307288169861,0.604467511177063,0.6566905975341797,0.5590468645095825,0.5885642170906067,0.5199999809265137,0.7823299765586853,0.7320374250411987
4,2346,0.27321958541870117,-0.0443229079246521,0.42611727118492126,0.7400000095367432,0.8604149222373962,0.5,0.5523309111595154,0.5,0.5295783281326294,0.7400000095367432,0.8602200150489807,0.8354921936988831
4,2347,0.26746228337287903,-0.13340958952903748,0.38568171858787537,0.5299999713897705,0.9336807727813721,0.543528139591217,0.5613002777099609,0.5246028900146484,0.5346480011940002,0.5299999713897705,0.9328299760818481,0.8374493718147278
4,2348,0.212394580245018,-0.15284430980682373,0.3040868639945984,0.5099999904632568,0.8606956005096436,0.5174112319946289,0.5623372793197632,0.5098411440849304,0.5352340936660767,0.5099999904632568,0.8570500016212463,0.7723503112792969
4,2349,0.31100818514823914,-0.0878618136048317,0.45564937591552734,0.7200000286102295,0.9700865745544434,0.5087056159973145,0.5174094438552856,0.5049206018447876,0.5098401308059692,0.7200000286102295,0.9672999978065491,0.9003368616104126
4,2350,0.3445032238960266,-0.0841217041015625,0.5810067653656006,0.5199999809265137,0.7898241281509399,0.5063638091087341,0.6279982328414917,0.5077137351036072,0.6551493406295776,0.5400000214576721,0.8861200213432312,0.7910284996032715
4,2351,0.32412657141685486,-0.05490488559007645,0.4584825932979584,0.5600000023841858,1.0176314115524292,0.5,0.5,0.5,0.5,0.6377500295639038,1.0108000040054321,0.8996559977531433
4,2352,0.08398106694221497,-0.023072509095072746,0.1412571519613266,0.550000011920929,0.6703729629516602,0.512727677822113,0.5319780111312866,0.5154274702072144,0.5387612581253052,0.5692099928855896,0.6886500120162964,0.6673728227615356
4,2353,0.277245432138443,-0.11141207069158554,0.4145723581314087,0.5099999904632568,0.8404780626296997,0.5063638091087341,0.5515543818473816,0.5077137351036072,0.5624901652336121,0.5600000023841858,0.8341500163078308,0.7666525840759277
4,2354,0.42217010259628296,-0.019427364692091942,0.6516426801681519,0.6499999761581421,0.9019351005554199,0.5445467829704285,0.5767632722854614,0.5539961457252502,0.5930463671684265,0.6904100179672241,0.9639300107955933,0.9079617857933044
4,2355,0.16169258952140808,-0.044427137821912766,0.33300355076789856,0.5299999713897705,0.9300951361656189,--,--,--,--,0.5299999713897705,0.9254500269889832,0.8218222260475159
4,2356,0.13603103160858154,-0.04981565102934837,0.2844429314136505,0.5400000214576721,0.8100234270095825,--,--,--,--,0.5616199970245361,0.8087400197982788,0.724473774433136
4,2357,0.10634637624025345,-0.013883017003536224,0.2125469595193863,0.6700000166893005,1.0139927864074707,--,--,--,--,0.6833900213241577,1.0109000205993652,0.8398089408874512
4,2358,0.1212637722492218,-0.0310848169028759,0.24675202369689941,0.6000000238418579,0.9899901747703552,--,--,--,--,0.6000000238418579,0.9855300188064575,0.8455885648727417
4,2359,0.0717284306883812,-0.06468252837657928,0.14554958045482635,0.5,0.8334687948226929,--,--,--,--,0.5248100161552429,0.827269971370697,0.6856635212898254
4,2360,0.11667636036872864,-0.11402464658021927,0.19594810903072357,0.5199999809265137,0.8202400803565979,--,--,--,--,0.5199999809265137,0.8168399930000305,0.7298214435577393
4,2361,0.15812422335147858,-0.05407588556408882,0.295564204454422,0.6000000238418579,0.9500653147697449,--,--,--,--,0.6000000238418579,0.9438899755477905,0.8387773036956787
4,2362,0.1392429769039154,-0.04910162091255188,0.2572020888328552,0.5799999833106995,0.9402434825897217,--,--,--,--,0.5799999833106995,0.9391199946403503,0.8857289552688599
4,2363,0.1389123648405075,-0.0993209183216095,0.28369012475013733,0.5199999809265137,0.9608033299446106,--,--,--,--,0.5199999809265137,0.9573299884796143,0.8243926763534546
4,2364,0.15131418406963348,-0.06776515394449234,0.2965477406978607,0.5600000023841858,1.0045177936553955,--,--,--,--,0.5600000023841858,1.0013999938964844,0.8940619230270386
4,2365,0.29746338725090027,-0.057452015578746796,0.40454161167144775,0.5600000023841858,0.8010351657867432,0.6175851821899414,0.6775929927825928,0.5239525437355042,0.5361763834953308,0.613789975643158,0.8591300249099731,0.7990360856056213
4,2366,0.3028765320777893,-0.03393060341477394,0.4088139235973358,0.5799999833106995,0.984451413154602,0.5,0.5296386480331421,0.5,0.5060375332832336,0.6532300114631653,0.9778299927711487,0.8851500749588013
4,2367,0.28715842962265015,-0.06157837063074112,0.3839256167411804,0.5899999737739563,0.9739516377449036,0.5097987651824951,0.5208211541175842,0.5019960403442383,0.5042413473129272,0.6676999926567078,0.9718599915504456,0.8653944730758667
4,2368,0.3046800196170807,-0.05132288485765457,0.41392606496810913,0.6299999952316284,0.9028407335281372,0.5097987651824951,0.5649105906486511,0.5019960403442383,0.5132225155830383,0.6862800121307373,0.9014400243759155,0.8434120416641235
4,2369,0.27413105964660645,-0.05863836780190468,0.36317458748817444,0.550000011920929,0.7807607054710388,0.5685913562774658,0.6949194669723511,0.5139723420143127,0.5397058129310608,0.6000000238418579,0.8474699854850769,0.7815941572189331
4,2370,0.36839962005615234,-0.01742936670780182,0.5126897692680359,0.8100000023841858,0.9679604172706604,0.5037955641746521,0.5152746438980103,0.5092517137527466,0.537231981754303,0.8100000023841858,0.966920018196106,0.9347140789031982
4,2371,0.3297676742076874,-0.05443711206316948,0.46079757809638977,0.6499999761581421,0.9145054817199707,0.5151822566986084,0.5365311503410339,0.5370067358016968,0.5890446901321411,0.6499999761581421,0.912909984588623,0.8684666156768799
4,2372,0.3291282653808594,-0.05402635037899017,0.4469279646873474,0.7300000190734863,0.9856322407722473,0.5,0.5042697787284851,0.5,0.510407567024231,0.7300000190734863,0.983959972858429,0.9159486889839172
4,2373,0.3192842900753021,-0.035295650362968445,0.44990184903144836,0.6600000262260437,0.8671733736991882,0.5037955641746521,0.5548204183578491,0.5092517137527466,0.633624792098999,0.6600000262260437,0.8863599896430969,0.845533549785614
4,2374,0.27834102511405945,-0.15689148008823395,0.41688960790634155,0.5,0.8669497966766357,0.5303645133972168,0.5573200583457947,0.5740134716033936,0.639717698097229,0.5,0.8645099997520447,0.808306097984314
4,2375,0.05306890234351158,-0.16274993121623993,0.07522975653409958,0.5199999809265137,0.5715941786766052,0.5039960741996765,0.5094345808029175,0.5899112224578857,0.7122787237167358,0.5285699963569641,0.7061600089073181,0.6258682608604431
4,2376,0.38923585414886475,-0.009842891246080399,0.5792022347450256,0.7599999904632568,0.9447900652885437,0.5004439949989319,0.5026699900627136,0.5099901556968689,0.5600741505622864,0.7843400239944458,0.9434700012207031,0.9203088879585266
4,2377,0.33937734365463257,-0.0026249235961586237,0.5352610945701599,0.7099999785423279,0.8367158770561218,0.5053280591964722,0.5057718753814697,0.6198816299438477,0.629866898059845,0.7282299995422363,0.9101600050926208,0.8551191687583923
4,2378,0.2989474833011627,0.0,0.5246293544769287,0.7400000095367432,0.759990394115448,0.5048840641975403,0.5108779072761536,0.6098915338516235,0.7447522878646851,0.7445300221443176,0.9340800046920776,0.8312378525733948
4,2379,0.3005598783493042,-0.028830625116825104,0.42860984802246094,0.6700000166893005,0.8700157999992371,0.5013320446014404,0.5018315315246582,0.5299704074859619,0.541208803653717,0.7033200263977051,0.8664500117301941,0.818367600440979
4,2380,0.32273080945014954,-0.011652371846139431,0.4645979106426239,0.7200000286102295,0.9333134293556213,0.5110940337181091,0.5345271229743958,0.5166410207748413,0.5517906546592712,0.7477800250053406,0.9314600229263306,0.8915732502937317
4,2381,0.2809227406978607,-0.02219422161579132,0.4062179625034332,0.5899999737739563,0.8529201745986938,0.5277349948883057,0.5725800395011902,0.5416024923324585,0.6088700294494629,0.6295099854469299,0.8505799770355225,0.8102484941482544
4,2382,0.3403927683830261,-0.014855743385851383,0.4812203347682953,0.8199999928474426,0.990037202835083,0.5,0.5062403678894043,0.5,0.5093604922294617,0.8467900156974792,0.9882000088691711,0.9392560124397278
4,2383,0.27032729983329773,-0.018484385684132576,0.3888714611530304,0.6000000238418579,0.8334711194038391,0.5554700493812561,0.5667948722839355,0.5832050442695618,0.6001923084259033,0.6348099708557129,0.8432000279426575,0.8018991947174072
4,2384,0.30353301763534546,-0.014313748106360435,0.43847137689590454,0.6499999761581421,0.9356661438941956,0.5055469870567322,0.5463014245033264,0.5083205103874207,0.5694521069526672,0.6851999759674072,0.9335799813270569,0.8766154050827026
4,2385,0.10376810282468796,-0.09377536177635193,0.2140815705060959,0.5199999809265137,0.9700372219085693,--,--,--,--,0.5199999809265137,0.9668200016021729,0.8239271640777588
4,2386,0.07738496363162994,-0.11783120036125183,0.158620223402977,0.5400000214576721,1.0010744333267212,--,--,--,--,0.5400000214576721,1.0009000301361084,0.7937368750572205
4,2387,0.12636208534240723,-0.015385880134999752,0.2182789295911789,0.5799999833106995,0.9792038798332214,--,--,--,--,0.6284000277519226,0.9790800213813782,0.9055874347686768
4,2388,0.08806037157773972,-0.08076375722885132,0.14774809777736664,0.6000000238418579,0.7799339890480042,--,--,--,--,0.6235499978065491,0.7786999940872192,0.723276674747467
4,2389,0.1170671358704567,-0.06119384989142418,0.22465534508228302,0.6299999952316284,0.9556922912597656,--,--,--,--,0.6299999952316284,0.9523599743843079,0.8334022164344788
4,2390,0.11647174507379532,-0.051696617156267166,0.22002843022346497,0.5099999904632568,0.9616132974624634,--,--,--,--,0.5099999904632568,0.9605399966239929,0.7993840575218201
4,2391,0.09962959587574005,-0.040899407118558884,0.1835131049156189,0.6100000143051147,0.9108266830444336,--,--,--,--,0.6200000047683716,0.9086300134658813,0.7542683482170105
4,2392,0.1164446547627449,-0.04552281275391579,0.20931114256381989,0.550000011920929,0.9776829481124878,--,--,--,--,0.550000011920929,0.9746800065040588,0.8231827616691589
4,2393,0.12497922778129578,-0.06066389009356499,0.23075219988822937,0.5400000214576721,0.9488487243652344,--,--,--,--,0.5400000214576721,0.9475799798965454,0.8242430090904236
4,2394,0.09207222610712051,-0.029536740854382515,0.16857919096946716,0.6299999952316284,1.0014872550964355,--,--,--,--,0.6513800024986267,0.9989100098609924,0.8403408527374268
4,2395,0.10051678121089935,-0.018854349851608276,0.21710675954818726,0.5299999713897705,0.9934709072113037,--,--,--,--,0.562690019607544,0.9929699897766113,0.8761706352233887
4,2396,0.10089179873466492,-0.034541014581918716,0.19146306812763214,0.5600000023841858,0.8716210126876831,--,--,--,--,0.5901899933815002,0.8698899745941162,0.7804756760597229
4,2397,0.08935614675283432,-0.09104336053133011,0.16900119185447693,0.5199999809265137,0.9300572276115417,--,--,--,--,0.5199999809265137,0.926639974117279,0.7561139464378357
4,2398,0.135402113199234,-0.04183034971356392,0.2513985335826874,0.6800000071525574,1.001602292060852,--,--,--,--,0.6800000071525574,0.9986699819564819,0.8870288729667664
4,2399,0.0834612101316452,-0.030025428161025047,0.13405099511146545,0.5299999713897705,0.8040759563446045,--,--,--,--,0.5299999713897705,0.8037599921226501,0.6960739493370056
4,2400,0.02129853330552578,-0.054454486817121506,0.056267429143190384,0.5800654888153076,0.8399345278739929,--,--,--,--,0.5876799821853638,0.83160001039505,0.699087917804718
4,2401,0.04165605083107948,-0.10826897621154785,0.10609401762485504,0.2701813280582428,0.9898186922073364,--,--,--,--,0.29350000619888306,0.9696099758148193,0.7025164365768433
4,2402,0.02686271443963051,-0.051146652549505234,0.0641518086194992,0.4700755476951599,0.9098629355430603,--,--,--,--,0.480679988861084,0.9073600172996521,0.6830834150314331
4,2403,0.02864909917116165,-0.059486329555511475,0.0711733028292656,0.48010075092315674,0.9698387384414673,--,--,--,--,0.4934000074863434,0.9670000076293945,0.7272163033485413
4,2404,0.04231077432632446,-0.08517538011074066,0.030315542593598366,0.4200725555419922,0.9199798703193665,--,--,--,--,0.427590012550354,0.9117100238800049,0.6856891512870789
4,2405,0.055412646383047104,-0.11879698187112808,0.05523567274212837,0.430002361536026,0.9098427295684814,--,--,--,--,0.4370099902153015,0.902459979057312,0.6395503282546997
4,2406,0.14005021750926971,-0.2777585983276367,0.1516716182231903,0.19000756740570068,0.8398570418357849,--,--,--,--,0.20754000544548035,0.8331699967384338,0.6052217483520508
4,2407,0.04292378947138786,-0.17945517599582672,0.11723753064870834,0.30040034651756287,0.9499974250793457,--,--,--,--,0.3058300018310547,0.9418900012969971,0.7347718477249146
4,2408,0.08744023740291595,-0.15790502727031708,0.12644660472869873,0.23000851273536682,0.9499914646148682,--,--,--,--,0.24903999269008636,0.9330800175666809,0.6569591164588928
4,2409,0.09274189174175262,-0.22849243879318237,0.14544254541397095,0.2305290400981903,0.9694709777832031,--,--,--,--,0.23691000044345856,0.9496399760246277,0.5749652981758118
4,2410,0.39782822132110596,0.0,0.5484371185302734,0.8800286054611206,0.9199714064598083,0.5034387707710266,0.5080236196517944,0.5298027396202087,0.5695381760597229,0.8804799914360046,0.9510300159454346,0.9290351271629333
4,2411,0.18346156179904938,-0.046654898673295975,0.3193885087966919,0.5001000761985779,0.6398999094963074,0.5194863080978394,0.5355333089828491,0.6688811779022217,0.8079551458358765,0.5017899870872498,0.811460018157959,0.7098000049591064
4,2412,0.08519864827394485,-0.14528271555900574,0.16734763979911804,0.4303002655506134,0.8496997356414795,0.5080237984657288,0.5171934962272644,0.5695395469665527,0.649010419845581,0.4341700077056885,0.8391600251197815,0.7009405493736267
4,2413,0.03456434980034828,-0.14757990837097168,0.10225210338830948,0.4304003417491913,0.9895996451377869,0.49885377287864685,0.5011461973190308,0.49006614089012146,0.5099338293075562,0.4352700114250183,0.9747300148010254,0.7050649523735046
4,2414,0.1478821039199829,-0.0881417915225029,0.2057247757911682,0.5803002715110779,0.9996997117996216,0.5,0.5,0.5,0.5,0.5839499831199646,0.9885500073432922,0.7862905859947205
4,2415,0.05076326057314873,-0.04025828465819359,0.09570655971765518,0.4800654947757721,0.9499516487121582,--,--,--,--,0.49099001288414,0.9485300183296204,0.756851851940155
4,2416,0.07251938432455063,-0.1337677389383316,0.07704126834869385,0.300274133682251,0.9797258973121643,--,--,--,--,0.31373998522758484,0.9750699996948242,0.5885555148124695
4,2417,0.030883237719535828,-0.08909669518470764,0.0726533904671669,0.41016125679016113,0.9299848675727844,--,--,--,--,0.4214499890804291,0.923009991645813,0.7481982707977295
4,2418,0.0958651751279831,-0.19543123245239258,0.04813437908887863,0.41007256507873535,0.7499597072601318,--,--,--,--,0.41572999954223633,0.742169976234436,0.5806452631950378
4,2419,0.07625697553157806,-0.16009391844272614,0.084597148001194,0.30022576451301575,0.8597742319107056,--,--,--,--,0.3128499984741211,0.8562899827957153,0.6138849854469299
4,2420,0.056719820946455,-0.17391571402549744,0.0942460373044014,0.2900007963180542,0.8998960256576538,--,--,--,--,0.3063800036907196,0.8969399929046631,0.6670677661895752
4,2421,0.07087422162294388,-0.18194083869457245,0.17607170343399048,0.09033415466547012,0.9896658658981323,--,--,--,--,0.11680000275373459,0.9819700121879578,0.6125664114952087
4,2422,0.06316714733839035,-0.10093780606985092,0.11486140638589859,0.47016337513923645,0.9098366498947144,--,--,--,--,0.4839499890804291,0.9062899947166443,0.7738431692123413
4,2423,0.058820437639951706,-0.0363740399479866,0.11879908293485641,0.48005199432373047,0.8899997472763062,--,--,--,--,0.4865500032901764,0.8821499943733215,0.6902313232421875
4,2424,0.07059938460588455,-0.16151508688926697,0.14542676508426666,0.25025248527526855,0.9599992036819458,--,--,--,--,0.27063998579978943,0.9431300163269043,0.6364296674728394
4,2425,0.029100175946950912,-0.0876663327217102,0.05419906973838806,0.4800677001476288,0.8599323034286499,--,--,--,--,0.4821299910545349,0.8546900153160095,0.6972131729125977
4,2426,0.10413491725921631,-0.19893749058246613,0.11188599467277527,0.2900961935520172,0.9496999382972717,--,--,--,--,0.29319000244140625,0.9144399762153625,0.6164754629135132
4,2427,0.09989336133003235,-0.05893133208155632,0.18540836870670319,0.850024938583374,0.9899750351905823,--,--,--,--,0.8507699966430664,0.9879500269889832,0.9237215518951416
4,2428,0.030991986393928528,-0.07050202786922455,0.05244654417037964,0.48006412386894226,0.9399880170822144,--,--,--,--,0.4824199974536896,0.9320899844169617,0.769527018070221
4,2429,0.03906461223959923,-0.1765439808368683,0.16738362610340118,0.370324045419693,0.9096759557723999,--,--,--,--,0.42204999923706055,0.8766199946403503,0.6577712893486023
4,2430,0.10415498912334442,-0.2074577659368515,0.13772639632225037,0.2501246929168701,0.9498752951622009,--,--,--,--,0.25382000207901,0.9396399855613708,0.6108037233352661
4,2431,0.04361592233181,-0.11325560510158539,0.13761352002620697,0.39028802514076233,0.9799465537071228,--,--,--,--,0.44196000695228577,0.974590003490448,0.7476930618286133
4,2432,0.0387982577085495,-0.21072785556316376,0.25155723094940186,0.09050405025482178,0.9599501490592957,--,--,--,--,0.17935000360012054,0.9543300271034241,0.6934009194374084
4,2433,0.030232973396778107,-0.0802064761519432,0.05063839256763458,0.4400855004787445,0.9899159669876099,--,--,--,--,0.44301000237464905,0.9745699763298035,0.7769849300384521
4,2434,0.18011799454689026,-0.4266528785228729,0.07107867300510406,0.1401282548904419,0.8698559999465942,--,--,--,--,0.14430999755859375,0.8503699898719788,0.6003443002700806
4,2435,0.4745960831642151,-0.8527002334594727,0.06355641037225723,0.5300000309944153,0.5699999332427979,0.4730723798274994,0.6529015898704529,0.48694419860839844,0.574134111404419,0.5313699841499329,0.6108300089836121,0.5700336694717407
4,2436,0.11147484183311462,-0.04834168776869774,0.1995667964220047,0.5700003504753113,0.8299996256828308,0.518002986907959,0.5359858870506287,0.5087286829948425,0.5174477100372314,0.5767300128936768,0.8236700296401978,0.716292142868042
4,2437,0.2886711061000824,-0.0258815698325634,0.46509501338005066,0.7700002789497375,0.9699997305870056,0.5000066757202148,0.5179895758628845,0.5000032186508179,0.5087222456932068,0.7751100063323975,0.9650400280952454,0.8791951537132263
4,2438,0.07130368053913116,-0.035904306918382645,0.17980457842350006,0.6400001049041748,0.6999999284744263,0.4460712969303131,0.6079175472259521,0.4738527536392212,0.5523236393928528,0.6416900157928467,0.7051100134849548,0.6803509593009949
4,2439,0.152801975607872,-0.029395751655101776,0.2681616246700287,0.6500002145767212,0.789999783039093,0.5000133514404297,0.5359792113304138,0.5000064969062805,0.5174444317817688,0.6536499857902527,0.7866100072860718,0.7298711538314819
4,2440,0.1440858244895935,-0.3368842601776123,0.07318118214607239,0.5700496435165405,0.6899504065513611,0.45226508378982544,0.571603000164032,0.4358047842979431,0.5962936878204346,0.5712199807167053,0.6858400106430054,0.6387935280799866
4,2441,0.31307458877563477,-0.03274961933493614,0.45677077770233154,0.8100578784942627,0.9499421119689941,0.5059671401977539,0.5179009437561035,0.5080248117446899,0.5240737199783325,0.8114100098609924,0.9451599717140198,0.8887544274330139
4,2442,0.255849689245224,-0.04534720256924629,0.37001368403434753,0.7500744462013245,0.9299255609512329,0.49403324723243713,0.517900824546814,0.49197572469711304,0.5240735411643982,0.7517799735069275,0.9236199855804443,0.8441579341888428
4,2443,0.7178148627281189,-1.6182677745819092,0.11088982224464417,0.48004961013793945,0.59995037317276,0.29115891456604004,0.7327091693878174,0.21914474666118622,0.812953770160675,0.48124000430107117,0.623960018157959,0.5487911105155945
4,2444,0.18777842819690704,-0.06334561854600906,0.2873729467391968,0.6800992488861084,0.9199007749557495,0.45226484537124634,0.5477351546287537,0.43580442667007446,0.5641955733299255,0.6823400259017944,0.9113399982452393,0.7995207905769348
4,2445,0.0343940332531929,-0.12341060489416122,0.1756850928068161,0.3001984655857086,0.839999794960022,--,--,--,--,0.30542001128196716,0.8392999768257141,0.6974332332611084
4,2446,0.041036732494831085,-0.07996615022420883,0.07833901792764664,0.5900028944015503,0.8499971032142639,--,--,--,--,0.5942999720573425,0.8456199765205383,0.7107967138290405
4,2447,0.20440036058425903,-0.37132900953292847,0.2168021947145462,0.1403225213289261,0.9196774959564209,--,--,--,--,0.14767000079154968,0.8911399841308594,0.51877361536026
4,2448,0.12639421224594116,-0.28266558051109314,0.05423186346888542,0.4300024211406708,0.6699751615524292,--,--,--,--,0.4339500069618225,0.6667400002479553,0.5856155753135681
4,2449,0.02921067178249359,-0.1407705843448639,0.15830989181995392,0.3702232837677002,0.9097767472267151,--,--,--,--,0.37553998827934265,0.891700029373169,0.6940892934799194
4,2450,0.7031161785125732,-1.2462397813796997,0.150681734085083,0.4001320004463196,0.6198679804801941,0.43067246675491333,0.7773850560188293,0.46013665199279785,0.6594964265823364,0.405349999666214,0.6159899830818176,0.5469963550567627
4,2451,0.07690354436635971,-0.08952954411506653,0.1333569437265396,0.5502640008926392,0.9897359609603882,0.49133217334747314,0.5086678266525269,0.4950160086154938,0.5049840211868286,0.559220016002655,0.9809100031852722,0.7649809122085571
4,2452,0.2803416848182678,-0.012708907015621662,0.4214460849761963,0.8000360131263733,0.8599640130996704,0.5086752772331238,0.5953534245491028,0.5049883127212524,0.5548282265663147,0.801609992980957,0.8737499713897705,0.8494059443473816
4,2453,0.26499319076538086,-0.4091619551181793,0.14668595790863037,0.3901800215244293,0.6898199915885925,0.5433590412139893,0.734050989151001,0.5249314308166504,0.6345793008804321,0.39722999930381775,0.6845700144767761,0.590334951877594
4,2454,0.777071475982666,-1.5765999555587769,0.12383000552654266,0.4900600016117096,0.5899400115013123,0.31798213720321655,0.7687085270881653,0.3953397274017334,0.6545073986053467,0.4924600124359131,0.6071299910545349,0.5541019439697266
4,2455,0.17947733402252197,-0.4226042330265045,0.10151766985654831,0.16000774502754211,0.859992265701294,--,--,--,--,0.1716500073671341,0.8486300110816956,0.5100296139717102
4,2456,0.06484168022871017,-0.1531708836555481,0.08605986833572388,0.30000507831573486,0.9398428797721863,--,--,--,--,0.3083299994468689,0.9233099818229675,0.6302146911621094
4,2457,0.10508878529071808,-0.2526898980140686,0.14227713644504547,0.1800083965063095,0.9797436594963074,--,--,--,--,0.19304999709129333,0.9557300209999084,0.6099342107772827
4,2458,0.05035632848739624,-0.13169696927070618,0.13152062892913818,0.29000774025917053,0.9899922609329224,--,--,--,--,0.30243998765945435,0.9799900054931641,0.7677827477455139
4,2459,0.06514063477516174,-0.16597653925418854,0.164088636636734,0.3402232825756073,0.8797767162322998,--,--,--,--,0.3452099859714508,0.8601099848747253,0.5934030413627625
4,2460,0.08043941855430603,-0.03525311499834061,0.1407053917646408,0.4200034439563751,0.9599990248680115,--,--,--,--,0.4365200102329254,0.9592499732971191,0.758641242980957
4,2461,0.08646808564662933,-0.156644806265831,0.1500890851020813,0.25000885128974915,0.969991147518158,--,--,--,--,0.2797999978065491,0.9559999704360962,0.6320910453796387
4,2462,0.11092868447303772,0.0,0.19259056448936462,0.7300002574920654,0.949999988079071,--,--,--,--,0.7338899970054626,0.949999988079071,0.8525815010070801
4,2463,0.042069509625434875,-0.029972918331623077,0.10210271924734116,0.6300029158592224,0.8099970817565918,--,--,--,--,0.6322500109672546,0.8088600039482117,0.7153365015983582
4,2464,0.1668875813484192,-0.4027178883552551,0.13274246454238892,0.16001132130622864,0.8599886894226074,--,--,--,--,0.16911999881267548,0.855650007724762,0.5283240675926208
4,2465,0.11860448122024536,-0.19354106485843658,0.1756783425807953,0.19011369347572327,0.9298863410949707,--,--,--,--,0.19568000733852386,0.912060022354126,0.5852088928222656
4,2466,0.15326859056949615,-0.2418092042207718,0.18779730796813965,0.19010446965694427,0.8698955178260803,--,--,--,--,0.19518999755382538,0.8533599972724915,0.5354114770889282
4,2467,0.14736232161521912,-0.28387632966041565,0.14453905820846558,0.05040356516838074,0.9495964050292969,--,--,--,--,0.07846699655056,0.9370899796485901,0.5595111846923828
4,2468,0.1506279706954956,-0.22427743673324585,0.17825515568256378,0.13013212382793427,0.9898678660392761,--,--,--,--,0.136570006608963,0.9687100052833557,0.5591179728507996
4,2469,0.18430599570274353,-0.26420438289642334,0.19483694434165955,0.11012597382068634,0.9298740029335022,--,--,--,--,0.11626999825239182,0.9098299741744995,0.5247544050216675
4,2470,0.023922745138406754,-0.07906880229711533,0.05469098314642906,0.5100215077400208,0.799910306930542,--,--,--,--,0.5111299753189087,0.7965999841690063,0.6415610313415527
4,2471,0.02730349823832512,-0.07359997928142548,0.05172699689865112,0.49001842737197876,0.9198744297027588,--,--,--,--,0.4910399913787842,0.9151399731636047,0.6681034564971924
4,2472,0.04364265501499176,-0.06777328997850418,0.08133982121944427,0.5501793622970581,0.9498206377029419,--,--,--,--,0.5626099705696106,0.9439200162887573,0.7341606616973877
4,2473,0.041185084730386734,-0.10896655172109604,0.05006150156259537,0.5200153589248657,0.7299282550811768,--,--,--,--,0.5208100080490112,0.7273100018501282,0.6109504103660583
4,2474,0.10546552389860153,-0.19095343351364136,0.11528170853853226,0.2802600860595703,0.8597398996353149,--,--,--,--,0.29833999276161194,0.8515200018882751,0.592633068561554
4,2475,0.4996744394302368,-0.7867065668106079,0.13688166439533234,0.31017935276031494,0.7098206281661987,0.4812774062156677,0.6499621272087097,0.4930458962917328,0.5557002425193787,0.32264000177383423,0.7041800022125244,0.5258404016494751
4,2476,0.4729107916355133,-0.882926344871521,0.13812656700611115,0.410116583108902,0.6698834300041199,0.33133256435394287,0.781158447265625,0.43735209107398987,0.6044302582740784,0.41822001338005066,0.6662300229072571,0.5521314740180969
4,2477,0.025710497051477432,-0.09883011132478714,0.0929914340376854,0.41017937660217285,0.8098206520080566,0.6218710541725159,0.6593565344810486,0.5452663898468018,0.5591895580291748,0.42267000675201416,0.804419994354248,0.6544644832611084
4,2478,0.23300376534461975,-0.03104599006474018,0.3349117636680603,0.7300717234611511,0.8899282813072205,0.4906315207481384,0.5281170010566711,0.4965202808380127,0.5104434490203857,0.7350500226020813,0.8876299858093262,0.8104440569877625
4,2479,0.07059045135974884,-0.1188625767827034,0.09460697323083878,0.3702331781387329,0.8897668123245239,0.5281285047531128,0.5656139850616455,0.5104477405548096,0.5243709087371826,0.38642001152038574,0.8823400139808655,0.6382169723510742
4,2480,0.03270340338349342,-0.10575322061777115,0.13182209432125092,0.4702919125556946,0.849708080291748,0.5092979073524475,0.527888834476471,0.517710268497467,0.5531215667724609,0.4826200008392334,0.8365899920463562,0.6782537698745728
4,2481,0.1455065757036209,-0.23392710089683533,0.19493494927883148,0.2006145566701889,0.999385416507721,0.5,0.5,0.5,0.5,0.22585999965667725,0.9710800051689148,0.6009762287139893
4,2482,0.3058880865573883,-0.024804770946502686,0.47504183650016785,0.7000921964645386,0.8199078440666199,0.5511317253112793,0.5511317253112793,0.5973937511444092,0.5973937511444092,0.7047899961471558,0.8553699851036072,0.8090476393699646
4,2483,0.058602333068847656,-0.11650241911411285,0.1550542116165161,0.46018436551094055,0.6998156309127808,0.5418368577957153,0.5697232484817505,0.5796892642974854,0.6328062415122986,0.46876001358032227,0.6923199892044067,0.6336512565612793
4,2484,0.03455788269639015,-0.08626861125230789,0.1140301451086998,0.520184338092804,0.7598156332969666,0.5232422947883606,0.5325377583503723,0.5442710518836975,0.5619766712188721,0.5282599925994873,0.7518200278282166,0.6669701337814331
4,2485,0.0670793280005455,-0.16864491999149323,0.09123124182224274,0.3901616632938385,0.849969208240509,--,--,--,--,0.3922399878501892,0.8410400152206421,0.5951683521270752
4,2486,0.06432956457138062,-0.03415496647357941,0.10536976903676987,0.6800175905227661,0.9199824333190918,--,--,--,--,0.6815999746322632,0.9152399897575378,0.7899014949798584
4,2487,0.0733136311173439,-0.20002038776874542,0.0793963223695755,0.2900336980819702,0.8798484206199646,--,--,--,--,0.29343000054359436,0.8730199933052063,0.6243422031402588
4,2488,0.0377160981297493,-0.1218869760632515,0.07958876341581345,0.47001612186431885,0.7499393820762634,--,--,--,--,0.47165000438690186,0.7470399737358093,0.634634792804718
4,2489,0.038604624569416046,-0.05282149836421013,0.10180575400590897,0.3701818883419037,0.979989767074585,--,--,--,--,0.372979998588562,0.974049985408783,0.7311785817146301
4,2490,0.03921843320131302,-0.06258928030729294,0.14382357895374298,0.520006537437439,0.6199934482574463,0.5626580119132996,0.6251717209815979,0.6253160238265991,0.7503434419631958,0.5220000147819519,0.7166799902915955,0.6354468464851379
4,2491,0.2990466356277466,-0.4662470519542694,0.1013861745595932,0.3200300335884094,0.7799699902534485,0.45090270042419434,0.575930118560791,0.40180540084838867,0.651860237121582,0.3264999985694885,0.7710599899291992,0.5587104558944702
4,2492,0.1966487318277359,-0.29807037115097046,0.12340643256902695,0.15005485713481903,0.9899451732635498,0.495534747838974,0.5044652819633484,0.4910694658756256,0.508930504322052,0.16168999671936035,0.9735400080680847,0.5688592195510864
4,2493,0.24411138892173767,-0.3671976327896118,0.11595568805932999,0.14005093276500702,0.9199490547180176,0.522367537021637,0.5312981009483337,0.5447350740432739,0.5625961422920227,0.15102000534534454,0.9049000144004822,0.5476838946342468
4,2494,0.17936350405216217,-0.27419862151145935,0.11582759767770767,0.2300444096326828,0.909955620765686,0.49556222558021545,0.5402148962020874,0.4911244511604309,0.58042973279953,0.23958000540733337,0.8967900276184082,0.5815606713294983
4,2495,0.23420614004135132,-0.008956712670624256,0.34739574790000916,0.7200202345848083,0.759979784488678,0.5644888281822205,0.5829111337661743,0.527228593826294,0.5350069403648376,0.7203500270843506,0.7958700060844421,0.7664903402328491
4,2496,0.20810635387897491,-0.3508283495903015,0.13687030971050262,0.3602020740509033,0.7597979307174683,0.4355327785015106,0.7118671536445618,0.4727804958820343,0.5894550085067749,0.3625200092792511,0.7528899908065796,0.5835011601448059
4,2497,0.05056677758693695,-0.06840457022190094,0.09558779746294022,0.5401010513305664,0.7398989796638489,0.536858081817627,0.6473918557167053,0.5155622959136963,0.5622321367263794,0.5413399934768677,0.7366799712181091,0.6719237565994263
4,2498,1.1162058115005493,-1.8349076509475708,0.15385544300079346,0.4300808310508728,0.5899191498756409,0.5000013709068298,0.5184236168861389,0.5000005960464478,0.5077788829803467,0.4309700131416321,0.587090015411377,0.5122926235198975
4,2499,0.13954685628414154,-0.06392359733581543,0.2420002520084381,0.5701212286949158,0.8098787665367126,0.5644928812980652,0.6381820440292358,0.5272303223609924,0.5583435297012329,0.571590006351471,0.8059899806976318,0.7251260876655579
4,2500,0.04829598218202591,-0.05761938914656639,0.09812606871128082,0.49023377895355225,0.7799999713897705,--,--,--,--,0.4984399974346161,0.7799999713897705,0.7071470618247986
4,2501,0.05010739713907242,-0.11693549156188965,0.1114146038889885,0.41046759486198425,0.8895324468612671,--,--,--,--,0.4241499900817871,0.8825100064277649,0.6486523151397705
4,2502,0.02680886536836624,-0.1152738630771637,0.11146746575832367,0.3006818890571594,0.9993181228637695,--,--,--,--,0.3218100070953369,0.9896900057792664,0.736583411693573
4,2503,0.13723187148571014,-0.3301233649253845,0.14967577159404755,0.1507013738155365,0.8692986369132996,--,--,--,--,0.1715099960565567,0.8590700030326843,0.5337707996368408
4,2504,0.07153454422950745,-0.25589627027511597,0.14143437147140503,0.08085723221302032,0.9591427445411682,--,--,--,--,0.10760000348091125,0.9470800161361694,0.6407381296157837
4,2505,0.046084966510534286,-0.05692579224705696,0.08633098006248474,0.6800338625907898,0.9799794554710388,--,--,--,--,0.6822999715805054,0.9765300154685974,0.787860631942749
4,2506,0.061126939952373505,-0.12108051776885986,0.1156335100531578,0.5200014710426331,0.8098533153533936,--,--,--,--,0.5210700035095215,0.8078600168228149,0.5916502475738525
4,2507,0.02540545165538788,-0.0737420842051506,0.12091474235057831,0.49013540148735046,0.7298645973205566,--,--,--,--,0.4956899881362915,0.7283599972724915,0.6512698531150818
4,2508,0.0727725625038147,-0.16794797778129578,0.15807990729808807,0.23036104440689087,0.869638979434967,--,--,--,--,0.2447499930858612,0.8654900193214417,0.6097026467323303
4,2509,0.06226386874914169,-0.1733100563287735,0.10844918340444565,0.29030463099479675,0.8899706602096558,--,--,--,--,0.302839994430542,0.8851000070571899,0.6380587220191956
4,2510,0.108470119535923,-0.2945009469985962,0.12959469854831696,0.18005725741386414,0.9599427580833435,--,--,--,--,0.19720999896526337,0.9523400068283081,0.6069610714912415
4,2511,0.032380878925323486,-0.1477670520544052,0.10432558506727219,0.38004112243652344,0.9499548673629761,--,--,--,--,0.393530011177063,0.948989987373352,0.7657971978187561
4,2512,0.13038544356822968,-0.319826602935791,0.14612485468387604,0.1400572657585144,0.9199427366256714,--,--,--,--,0.1576399952173233,0.9125300049781799,0.5914946794509888
4,2513,0.17476367950439453,-0.3655690848827362,0.15131084620952606,0.3002482056617737,0.7397517561912537,--,--,--,--,0.31005001068115234,0.7368500232696533,0.544694185256958
4,2514,0.013234219513833523,-0.03250456228852272,0.030619435012340546,0.6000058650970459,0.7799661755561829,--,--,--,--,0.602400004863739,0.7793800234794617,0.6856649518013
4,2515,0.0904175415635109,-0.06276484578847885,0.13338686525821686,0.5901579260826111,0.8698420524597168,0.48200350999832153,0.5299964547157288,0.4760046899318695,0.5399953126907349,0.5960999727249146,0.8679599761962891,0.7297684550285339
4,2516,0.23035548627376556,-0.3733861744403839,0.16419479250907898,0.3402143716812134,0.7197856307029724,0.5660008788108826,0.5779991149902344,0.5880011916160583,0.6039988398551941,0.3487800061702728,0.7173799872398376,0.5827861428260803
4,2517,0.05740191042423248,-0.12483225762844086,0.12734568119049072,0.46015796065330505,0.7398420572280884,0.5420017838478088,0.5659982562065125,0.5560023784637451,0.5879976749420166,0.46647998690605164,0.738070011138916,0.6395253539085388
4,2518,0.21588283777236938,-0.029599536210298538,0.31103456020355225,0.7101354002952576,0.9498646259307861,0.4940008819103241,0.5059991478919983,0.49200117588043213,0.5079988241195679,0.715179979801178,0.9482399821281433,0.8258548974990845
4,2519,0.17308339476585388,-0.061304591596126556,0.25926676392555237,0.6301805377006531,0.9498195052146912,0.5000017881393433,0.5239982604980469,0.5000023245811462,0.5319976806640625,0.6370000243186951,0.9476799964904785,0.7942741513252258
4,2520,0.03495762497186661,-0.08175064623355865,0.07191827148199081,0.43004897236824036,0.929951012134552,--,--,--,--,0.4378199875354767,0.9271100163459778,0.7092751264572144
4,2521,0.10017015784978867,-0.24581174552440643,0.16516880691051483,0.4002040922641754,0.6299843192100525,--,--,--,--,0.4025700092315674,0.6288899779319763,0.5314039587974548
4,2522,0.06576543301343918,-0.16135777533054352,0.1066925972700119,0.3504638373851776,0.8495361804962158,--,--,--,--,0.35514000058174133,0.8442599773406982,0.5785490274429321
4,2523,0.03781371936202049,-0.07558131217956543,0.08935131877660751,0.4003896117210388,0.8999627828598022,--,--,--,--,0.4050999879837036,0.8973900079727173,0.6639068722724915
4,2524,0.06215103715658188,-0.040530093014240265,0.11241672188043594,0.7102226614952087,0.9499803781509399,--,--,--,--,0.7127000093460083,0.9487000107765198,0.8408308625221252
4,2525,0.056150682270526886,-0.12451329827308655,0.08316625654697418,0.2600666284561157,0.9399333596229553,--,--,--,--,0.2699599862098694,0.9360100030899048,0.5986215472221375
4,2526,0.07261405140161514,-0.1443479359149933,0.13737569749355316,0.19061225652694702,0.8799569010734558,--,--,--,--,0.19776999950408936,0.8768500089645386,0.5947073101997375
4,2527,0.026908837258815765,-0.05428142845630646,0.042430102825164795,0.5100176334381104,0.9599443674087524,--,--,--,--,0.5140399932861328,0.95728999376297,0.754062831401825
4,2528,0.08297187089920044,-0.17717857658863068,0.09301271289587021,0.18007053434848785,0.8999294638633728,--,--,--,--,0.19064000248908997,0.8956400156021118,0.5286877155303955
4,2529,0.039207279682159424,-0.09031074494123459,0.0944112166762352,0.35005879402160645,0.9499412178993225,--,--,--,--,0.3591099977493286,0.946619987487793,0.6805741786956787
4,2530,0.01573651097714901,-0.07071664929389954,0.12012547254562378,0.5000355839729309,0.8999643921852112,--,--,--,--,0.5066499710083008,0.8906700015068054,0.6792815923690796
4,2531,0.1103595420718193,-0.21274858713150024,0.19524061679840088,0.27037790417671204,0.9696221351623535,--,--,--,--,0.30285999178886414,0.9391099810600281,0.5865347981452942
4,2532,0.12414534389972687,-0.2568860948085785,0.17632046341896057,0.16007117927074432,0.9599288105964661,--,--,--,--,0.1738000065088272,0.9418699741363525,0.5879813432693481
4,2533,0.1105726957321167,-0.16951186954975128,0.1304992139339447,0.3501943349838257,0.8899555206298828,--,--,--,--,0.3686999976634979,0.8781300187110901,0.5902729630470276
4,2534,0.19206547737121582,-0.3272784948348999,0.12905578315258026,0.47001245617866516,0.6699352264404297,--,--,--,--,0.47262001037597656,0.6642100214958191,0.572533905506134
4,2535,0.2674863040447235,-0.41897085309028625,0.07918712496757507,0.4600176215171814,0.6399823427200317,0.5851448774337769,0.7359840273857117,0.5296156406402588,0.5820813775062561,0.4629000127315521,0.6391400098800659,0.5846482515335083
4,2536,0.21442168951034546,-0.3751833736896515,0.07914996147155762,0.3400450646877289,0.7999549508094788,0.5000350475311279,0.5377448201179504,0.500012218952179,0.5131286382675171,0.34661000967025757,0.7974100112915039,0.574383020401001
4,2537,0.023094473406672478,-0.06649773567914963,0.067102812230587,0.530027449131012,0.8099725842475891,0.4340604543685913,0.6226093769073486,0.4770645201206207,0.5426467061042786,0.534089982509613,0.808430016040802,0.6763503551483154
4,2538,0.0665680393576622,-0.1407107263803482,0.06204371154308319,0.44003918766975403,0.8399608135223389,0.48119768500328064,0.5754721164703369,0.4934600591659546,0.5262511968612671,0.4457800090312958,0.8377500176429749,0.6463928818702698
4,2539,0.29002416133880615,-0.4559520184993744,0.09453631192445755,0.22006073594093323,0.8399392366409302,0.5095150470733643,0.5849345922470093,0.5033096075057983,0.5295424461364746,0.22894999384880066,0.8365300297737122,0.5405892133712769
4,2540,0.19495545327663422,-0.2657870650291443,0.12886671721935272,0.25034868717193604,0.9096512794494629,0.49163681268692017,0.5250924229621887,0.4945206642150879,0.5164398550987244,0.26278001070022583,0.8970999717712402,0.5730560421943665
4,2541,0.04641672223806381,-0.15508970618247986,0.05448358505964279,0.6500105857849121,0.6699894070625305,0.4163610339164734,0.5836389660835266,0.4452020525932312,0.5547979474067688,0.6503900289535522,0.673829972743988,0.6611470580101013
4,2542,0.04897649586200714,-0.12014602869749069,0.09722881764173508,0.3603169918060303,0.9596830010414124,0.49163681268692017,0.5250924229621887,0.4945206642150879,0.5164398550987244,0.3716199994087219,0.9482700228691101,0.6540205478668213
4,2543,0.17022906243801117,-0.05674302205443382,0.2522556483745575,0.6301584839820862,0.9298415184020996,0.46654513478279114,0.5501840710639954,0.47808128595352173,0.5328792333602905,0.6358199715614319,0.9241399765014648,0.779283344745636
4,2544,0.06555983424186707,-0.12992194294929504,0.10307450592517853,0.33033812046051025,0.9696618914604187,0.5083646178245544,0.5083646178245544,0.5054802894592285,0.5054802894592285,0.3423900008201599,0.9574900269508362,0.6430835723876953
4,2545,0.13286779820919037,-0.2742833197116852,0.11529930680990219,0.15000000596046448,0.8899999856948853,--,--,--,--,0.15000000596046448,0.8899999856948853,0.5846347808837891
4,2546,0.10098068416118622,-0.2141493707895279,0.18879246711730957,0.08042716234922409,0.9595728516578674,--,--,--,--,0.10990999639034271,0.939490020275116,0.5428174734115601
4,2547,0.07658696174621582,-0.19585122168064117,0.1750713586807251,0.2802427113056183,0.7797573208808899,--,--,--,--,0.296889990568161,0.7686100006103516,0.5523448586463928
4,2548,0.08369190990924835,-0.1701888144016266,0.10009858757257462,0.33000001311302185,0.8700000047683716,--,--,--,--,0.33000001311302185,0.8700000047683716,0.6048173904418945
4,2549,0.07954441010951996,-0.14481499791145325,0.10041102021932602,0.3499999940395355,0.9997087717056274,--,--,--,--,0.3499999940395355,0.9843800067901611,0.6104500889778137
4,2550,0.08988136053085327,-0.09599848836660385,0.11576074361801147,0.5300136804580688,0.8499863147735596,0.47189927101135254,0.5656344294548035,0.4896470904350281,0.5241811275482178,0.5375499725341797,0.8433300256729126,0.7036593556404114
4,2551,0.19848628342151642,-0.05568404495716095,0.29391852021217346,0.5700076818466187,0.749992311000824,0.5657534003257751,0.6969826221466064,0.5242249369621277,0.5725725293159485,0.5743799805641174,0.7917600274085999,0.724389910697937
4,2552,0.21536798775196075,-0.08022391051054001,0.3106173872947693,0.6100153923034668,0.9699846506118774,0.5187668800354004,0.5187668800354004,0.5069140791893005,0.5069140791893005,0.6184899806976318,0.9624900221824646,0.8042380213737488
4,2553,0.05970044434070587,-0.16633006930351257,0.1843419075012207,0.29002392292022705,0.8499760627746582,0.5750972032546997,0.6313382983207703,0.5276674032211304,0.5483877658843994,0.3032900094985962,0.8386099934577942,0.6268960237503052
4,2554,0.16356132924556732,-0.06656613200902939,0.23731648921966553,0.5700076818466187,0.749992311000824,0.5469667315483093,0.6407018899917603,0.5173035264015198,0.5518375635147095,0.5743399858474731,0.7547299861907959,0.7067691683769226
4,2555,0.09048056602478027,-0.028139350935816765,0.16975520551204681,0.4300679564476013,0.8500000238418579,--,--,--,--,0.43992000818252563,0.8500000238418579,0.6810870170593262
4,2556,0.051075223833322525,-0.16523748636245728,0.17056378722190857,0.20035921037197113,0.9396408200263977,--,--,--,--,0.22596000134944916,0.9233300089836121,0.6245979070663452
4,2557,0.04289939999580383,-0.06823861598968506,0.07614811509847641,0.6101359128952026,0.8898640871047974,--,--,--,--,0.6199600100517273,0.8838000297546387,0.7771530151367188
4,2558,0.11671924591064453,-0.21272848546504974,0.09961596131324768,0.17000000178813934,0.9697378873825073,--,--,--,--,0.17000000178813934,0.9554600119590759,0.6098512411117554
4,2559,0.04043849557638168,-0.10729047656059265,0.14796602725982666,0.3401941657066345,0.8100000023841858,--,--,--,--,0.3559199869632721,0.8100000023841858,0.6203353404998779
4,2560,0.15555697679519653,-0.020610421895980835,0.2640621066093445,0.6500985622406006,0.7299014329910278,0.5595366954803467,0.6389188766479492,0.507442057132721,0.5173648595809937,0.6513000130653381,0.7716799974441528,0.7252634167671204
4,2561,0.1060262992978096,-0.048875946551561356,0.18378496170043945,0.5802218317985535,0.7597782015800476,0.5694594383239746,0.6091505885124207,0.5086824297904968,0.5136438012123108,0.582610011100769,0.7577700018882751,0.704093873500824
4,2562,0.26280468702316284,-0.03614142909646034,0.385514497756958,0.7302957773208618,0.9697042107582092,0.5,0.5198455452919006,0.5,0.502480685710907,0.733240008354187,0.9667400121688843,0.8586695790290833
4,2563,0.04568016901612282,-0.044894225895404816,0.09270628541707993,0.5801725387573242,0.7198274731636047,0.5,0.6389188766479492,0.5,0.5173648595809937,0.5820299983024597,0.7182700037956238,0.6766259074211121
4,2564,0.12240709364414215,-0.2261766642332077,0.11673371493816376,0.26076406240463257,0.8792359232902527,0.5694594383239746,0.6091505885124207,0.5086824297904968,0.5136438012123108,0.26851001381874084,0.871749997138977,0.6138259172439575
4,2565,0.05791725963354111,-0.1298721879720688,0.10191306471824646,0.41999998688697815,0.829990565776825,--,--,--,--,0.41999998688697815,0.8194299936294556,0.6019328236579895
4,2566,0.06235252693295479,-0.15603028237819672,0.09348239749670029,0.31001555919647217,0.9699844717979431,--,--,--,--,0.3249799907207489,0.9528599977493286,0.5892736911773682
4,2567,0.037771183997392654,-0.10578445345163345,0.07327377051115036,0.5199999809265137,0.9299910664558411,--,--,--,--,0.5199999809265137,0.9189599752426147,0.6603835225105286
4,2568,0.04886537790298462,-0.06487379968166351,0.08291498571634293,0.6100000143051147,0.9599971771240234,--,--,--,--,0.6100000143051147,0.9550700187683105,0.833131730556488
4,2569,0.04359818249940872,-0.11649327725172043,0.14427460730075836,0.30001649260520935,0.9999834895133972,--,--,--,--,0.32078999280929565,0.9863799810409546,0.7749887108802795
4,2570,0.02344418317079544,-0.03929522633552551,0.07050604373216629,0.5299999713897705,0.6100000143051147,0.46354347467422485,0.7945144176483154,0.4846498668193817,0.6240060925483704,0.5299999713897705,0.7183600068092346,0.6381107568740845
4,2571,0.1790962666273117,-0.3307844400405884,0.03359920531511307,0.6100000143051147,0.6299999952316284,0.47246450185775757,0.5644009113311768,0.48840612173080444,0.5271161794662476,0.6100000143051147,0.6443300247192383,0.6294629573822021
4,2572,0.19031956791877747,-0.005884518846869469,0.3725079596042633,0.5299999713897705,0.550000011920929,0.6661669611930847,0.886814296245575,0.5699650049209595,0.6628691554069519,0.5299999713897705,0.8264899849891663,0.6899911165237427
4,2573,0.33084046840667725,-0.02639450505375862,0.47330355644226074,0.7799999713897705,0.8799999952316284,0.5092617869377136,0.5460363626480103,0.5038996934890747,0.5193837285041809,0.7799999713897705,0.8799999952316284,0.8430692553520203
4,2574,0.03118693269789219,-0.125310480594635,0.12541677057743073,0.41999998688697815,0.8600000143051147,0.5001136064529419,0.5920499563217163,0.5000478029251099,0.538757860660553,0.41999998688697815,0.8600000143051147,0.6564231514930725
4,2575,0.12425878643989563,-0.2466730922460556,0.14156906306743622,0.25,0.9900000095367432,0.49824216961860657,0.501757800579071,0.4901561737060547,0.5098438262939453,0.25,0.9900000095367432,0.6227498054504395
4,2576,0.1628773957490921,-0.2785871624946594,0.17326213419437408,0.33000001311302185,0.7300000190734863,0.5439476370811462,0.5439476370811462,0.7461069226264954,0.7461069226264954,0.33000001311302185,0.7300000190734863,0.6156324744224548
4,2577,0.10840964317321777,-0.225188747048378,0.14414000511169434,0.28999999165534973,0.9700000286102295,0.49648433923721313,0.5035156607627869,0.48031237721443176,0.5196876525878906,0.28999999165534973,0.9700000286102295,0.6326366662979126
4,2578,0.10342308133840561,-0.1953575760126114,0.14093127846717834,0.4099999964237213,0.7300000190734863,0.5158218741416931,0.5474627017974854,0.5886026620864868,0.7657912969589233,0.4099999964237213,0.7300000190734863,0.6326850652694702
4,2579,0.1741400510072708,-0.34609997272491455,0.13667146861553192,0.3499999940395355,0.8299999833106995,0.49824243783950806,0.5123050212860107,0.4901575744152069,0.5689080953598022,0.3499999940395355,0.8299999833106995,0.6022286415100098
4,2580,0.13473843038082123,-0.2517510950565338,0.10040166229009628,0.4901275336742401,0.7498724460601807,0.5000022053718567,0.5390073657035828,0.5000064373016357,0.6134759187698364,0.4930799901485443,0.7440199851989746,0.6281780004501343
4,2581,0.10928652435541153,-0.1822117120027542,0.11378803849220276,0.46013736724853516,0.7398626208305359,0.5227578282356262,0.5617629289627075,0.5662045478820801,0.679673969745636,0.46342000365257263,0.733680009841919,0.6263554692268372
4,2582,0.038432665169239044,-0.09002229571342468,0.1036258265376091,0.4602649211883545,0.9997351169586182,0.5,0.5,0.5,0.5,0.4662100076675415,0.9873300194740295,0.7140014171600342
4,2583,0.19696290791034698,-0.3315497040748596,0.1290077269077301,0.40019622445106506,0.7998037934303284,0.5097523927688599,0.5097523927688599,0.5283706188201904,0.5283706188201904,0.40463998913764954,0.7906799912452698,0.5961935520172119
4,2584,0.09942736476659775,-0.053683023899793625,0.14826425909996033,0.620117723941803,0.8598822355270386,0.5097523927688599,0.5097523927688599,0.5283706188201904,0.5283706188201904,0.6227999925613403,0.8544300198554993,0.740933895111084
4,2585,0.1986253410577774,-0.3846118748188019,0.07659262418746948,0.46000000834465027,0.6800000071525574,0.5855457186698914,0.6425731778144836,0.5279668569564819,0.5466104745864868,0.46000000834465027,0.6800000071525574,0.6182325482368469
4,2586,0.2979610860347748,-0.45107802748680115,0.11733319610357285,0.09000000357627869,0.9700000286102295,0.4904954135417938,0.5095045566558838,0.4968927204608917,0.5031072497367859,0.09000100195407867,0.9700000286102295,0.5195617079734802
4,2587,0.050354186445474625,-0.05759579688310623,0.07924666255712509,0.5400000214576721,0.8399999737739563,0.48099273443222046,0.6140567660331726,0.493786096572876,0.5372877717018127,0.5400000214576721,0.8399999737739563,0.7067304849624634
4,2588,0.06914033740758896,-0.05670352652668953,0.24463607370853424,0.4000000059604645,0.6600000262260437,0.8041588664054871,0.8231680393218994,0.5994365811347961,0.6056510806083679,0.4000000059604645,0.8299999833106995,0.6678459644317627
4,2589,0.3171969950199127,-0.48278355598449707,0.1221998855471611,0.11999999731779099,0.8999999761581421,0.5380205512046814,0.5760388970375061,0.5124297738075256,0.524858832359314,0.11999999731779099,0.8999999761581421,0.5262113809585571
4,2590,0.028130726888775826,-0.08395402878522873,0.09238702803850174,0.450008362531662,0.869991660118103,0.5559999942779541,0.5879999995231628,0.5419999957084656,0.5659999847412109,0.4550600051879883,0.8671200275421143,0.6915144324302673
4,2591,0.0850607305765152,-0.1403176635503769,0.09187988936901093,0.3700103461742401,0.8899896740913391,0.5239999890327454,0.5400000214576721,0.5180000066757202,0.5299999713897705,0.37610000371932983,0.8863700032234192,0.652070164680481
4,2592,0.16810081899166107,-0.2712098956108093,0.11602645367383957,0.20001472532749176,0.9399852752685547,0.5320000052452087,0.5479999780654907,0.5239999890327454,0.5360000133514404,0.2086700052022934,0.9348300099372864,0.5997779965400696
4,2593,0.22159011662006378,-0.017626238986849785,0.3477613031864166,0.7400016188621521,0.8199983835220337,0.5400000214576721,0.5720000267028809,0.5299999713897705,0.5540000200271606,0.7410899996757507,0.8223699927330017,0.7985198497772217
4,2594,0.2466593235731125,-0.3780590891838074,0.12800616025924683,0.13001592457294464,0.9299840927124023,0.5080000162124634,0.5400000214576721,0.5059999823570251,0.5299999713897705,0.1393200010061264,0.9243800044059753,0.5564197897911072
4,2595,0.10330715030431747,-0.2283293902873993,0.14706596732139587,0.2503434121608734,0.9599601626396179,--,--,--,--,0.2583000063896179,0.9453099966049194,0.6005429625511169
4,2596,0.06856857240200043,-0.14685560762882233,0.12586276233196259,0.35002049803733826,0.9097350835800171,--,--,--,--,0.35666000843048096,0.8970199823379517,0.5886043906211853
4,2597,0.14122670888900757,-0.34377145767211914,0.1311703622341156,0.17004099488258362,0.8899590373039246,--,--,--,--,0.1829099953174591,0.875540018081665,0.5475135445594788
4,2598,0.06479405611753464,-0.14144396781921387,0.08833496272563934,0.3901079297065735,0.93997722864151,--,--,--,--,0.3932400047779083,0.9302399754524231,0.6040818691253662
4,2599,0.046857915818691254,-0.11000149697065353,0.06916380673646927,0.4700784981250763,0.8799829483032227,--,--,--,--,0.4723699986934662,0.8726800084114075,0.6280980706214905
4,2600,0.061120640486478806,-0.13940930366516113,0.16055826842784882,0.260127991437912,0.919871985912323,0.5572687983512878,0.5572687983512878,0.5178964734077454,0.5178964734077454,0.2813299894332886,0.9062700271606445,0.6280434131622314
4,2601,0.20289039611816406,-0.048986081033945084,0.35915184020996094,0.6500426530838013,0.8699573278427124,0.509545624256134,0.5477231740951538,0.502983033657074,0.5149134993553162,0.6571900248527527,0.8654900193214417,0.7764464616775513
4,2602,0.04348420351743698,-0.09627903252840042,0.2062983512878418,0.4200581908226013,0.7199417948722839,0.6431728005409241,0.6813503503799438,0.5447415113449097,0.5566719770431519,0.4305799901485443,0.7170100212097168,0.6326310038566589
4,2603,0.0850263312458992,-0.13799767196178436,0.14279159903526306,0.34010085463523865,0.8598991632461548,0.4618224501609802,0.5381775498390198,0.4880695044994354,0.5119304656982422,0.356550008058548,0.848829984664917,0.6164329051971436
4,2604,0.26274794340133667,-0.38682928681373596,0.17995063960552216,0.270100861787796,0.7898991703987122,0.4904560148715973,0.5286335945129395,0.497017502784729,0.5089479684829712,0.28659000992774963,0.7789099812507629,0.5489320158958435
4,2605,0.532802939414978,-0.8745162487030029,0.11332900077104568,0.2900095582008362,0.7299904227256775,0.4561540484428406,0.5438459515571594,0.4214426875114441,0.5785573124885559,0.2959200143814087,0.7263799905776978,0.49368512630462646
4,2606,0.10899879038333893,-0.28834453225135803,0.0634390190243721,0.5800026059150696,0.6999974250793457,0.4561578333377838,0.5633367896080017,0.4214494526386261,0.613478422164917,0.5817199945449829,0.6990200281143188,0.6389846205711365
4,2607,0.25515997409820557,-0.02191811427474022,0.43057703971862793,0.8100038766860962,0.989996075630188,0.5,0.5,0.5,0.5,0.8124099969863892,0.9885200262069702,0.8944065570831299
4,2608,0.16101451218128204,-0.27145129442214966,0.09629198908805847,0.2700130343437195,0.8699869513511658,0.5389912128448486,0.548734724521637,0.5698592066764832,0.5873163938522339,0.278439998626709,0.865149974822998,0.5778048634529114
4,2609,0.0483381524682045,-0.0569542832672596,0.07740599662065506,0.5200082659721375,0.8999917507171631,0.47564491629600525,0.5438497066497803,0.45636382699012756,0.5785641074180603,0.5252000093460083,0.8968899846076965,0.7020795941352844
4,2610,0.04078246280550957,-0.18879206478595734,0.26902061700820923,0.3105502426624298,0.9099515676498413,--,--,--,--,0.35047000646591187,0.9063199758529663,0.6605798006057739
4,2611,0.154776468873024,-0.32847344875335693,0.1638418734073639,0.25006917119026184,0.8499308228492737,--,--,--,--,0.2640500068664551,0.8451200127601624,0.5438584089279175
4,2612,0.15662580728530884,-0.07875517755746841,0.24837236106395721,0.3903260827064514,0.939997673034668,--,--,--,--,0.41887998580932617,0.9395899772644043,0.8039613366127014
4,2613,0.20956899225711823,-0.3873707354068756,0.24552491307258606,0.34004613757133484,0.7496739029884338,--,--,--,--,0.34981000423431396,0.7417700290679932,0.5569466948509216
4,2614,0.09308134019374847,-0.13062584400177002,0.17492441833019257,0.5604075789451599,0.9595924019813538,--,--,--,--,0.5891500115394592,0.9503700137138367,0.7934773564338684
4,2615,0.032469529658555984,-0.07401835918426514,0.14592942595481873,0.27009695768356323,0.9499978423118591,--,--,--,--,0.2892799973487854,0.948710024356842,0.7094138264656067
4,2616,0.19461661577224731,-0.48344460129737854,0.15040157735347748,0.3500659465789795,0.6899340748786926,--,--,--,--,0.3608599901199341,0.6817799806594849,0.5242415070533752
4,2617,0.0967077687382698,-0.2249617576599121,0.08196728676557541,0.39000606536865234,0.7099728584289551,--,--,--,--,0.3950900137424469,0.7050999999046326,0.5851202607154846
4,2618,0.04994574561715126,-0.0852382481098175,0.0980226993560791,0.4300112724304199,0.9499887228012085,--,--,--,--,0.4387800097465515,0.945900022983551,0.7506484985351562
4,2619,0.0831361711025238,-0.2464897185564041,0.0581677109003067,0.46000391244888306,0.6999651193618774,--,--,--,--,0.4632999897003174,0.6947100162506104,0.5794464945793152
4,2620,0.038884036242961884,-0.1458088904619217,0.12864623963832855,0.6200351715087891,0.7199648022651672,0.351943701505661,0.7139133214950562,0.39789220690727234,0.6475264430046082,0.6211000084877014,0.7196800112724304,0.677951991558075
4,2621,0.2570917010307312,-0.38393330574035645,0.1182733103632927,0.24021804332733154,0.8597819805145264,0.4917845129966736,0.5411440134048462,0.4943341314792633,0.5283751487731934,0.24628999829292297,0.8579199910163879,0.5529245734214783
4,2622,0.2945748567581177,-0.015256926417350769,0.4896438419818878,0.8400281071662903,0.9199718832969666,0.5493983030319214,0.5658514499664307,0.5340678095817566,0.5454148054122925,0.8409199714660645,0.9197700023651123,0.8942916393280029
4,2623,0.1605977714061737,-0.03621802479028702,0.2749107778072357,0.6900492310523987,0.829950749874115,0.5329340696334839,0.5493872165679932,0.5227131247520447,0.5340601801872253,0.6914899945259094,0.82955002784729,0.7700478434562683
4,2624,0.25164270401000977,-0.38259392976760864,0.12473928928375244,0.15027432143688202,0.929725706577301,0.508243203163147,0.5411495566368103,0.5056849718093872,0.5283790230751038,0.15791000425815582,0.9273800253868103,0.5446875095367432
4,2625,0.12357370555400848,-0.278963565826416,0.11497633159160614,0.2002602517604828,0.9397397637367249,--,--,--,--,0.207519993185997,0.9374499917030334,0.5620465874671936
4,2626,0.034133683890104294,-0.09695261716842651,0.0752861350774765,0.4800201952457428,0.8699789047241211,--,--,--,--,0.4829399883747101,0.8694300055503845,0.7025047540664673
4,2627,0.03477524593472481,-0.1070108562707901,0.051027990877628326,0.5200492143630981,0.759979784488678,--,--,--,--,0.5218899846076965,0.7586100101470947,0.6484121680259705
4,2628,0.07310846447944641,-0.19558413326740265,0.0830337181687355,0.3502250909805298,0.9897749423980713,--,--,--,--,0.35611000657081604,0.9876899719238281,0.61616450548172
4,2629,0.09967707097530365,-0.17225772142410278,0.09901464730501175,0.46004924178123474,0.7898921966552734,--,--,--,--,0.4618600010871887,0.7856500148773193,0.5717145204544067
4,2630,0.20803116261959076,-0.36955171823501587,0.14951471984386444,0.1601109355688095,0.8998890519142151,0.4763704538345337,0.5551505088806152,0.48153939843177795,0.5430863499641418,0.1720699965953827,0.8876399993896484,0.5654350519180298
4,2631,0.08085372298955917,-0.09845289587974548,0.12849919497966766,0.4100869596004486,0.9899130463600159,0.5078802704811096,0.5078802704811096,0.5061564445495605,0.5061564445495605,0.4194500148296356,0.9803000092506409,0.7253245115280151
4,2632,0.17822115123271942,-0.051637470722198486,0.2686874270439148,0.5900569558143616,0.9699430465698242,0.4842439889907837,0.5157560110092163,0.48769059777259827,0.5123093724250793,0.5961800217628479,0.9636300206184387,0.7944128513336182
4,2633,0.049397245049476624,-0.08632116764783859,0.12191633880138397,0.5300329923629761,0.7499670386314392,0.4606211185455322,0.6181812882423401,0.46923524141311646,0.5923291444778442,0.5336700081825256,0.746429979801178,0.6673688292503357
4,2634,0.3819035589694977,0.0,0.593208372592926,0.9100059866905212,0.9499940276145935,0.49212646484375,0.5393944978713989,0.4938488006591797,0.5307769775390625,0.9106900095939636,0.9535800218582153,0.9390526413917542
4,2635,0.07135161757469177,-0.052818965166807175,0.12209437787532806,0.47004497051239014,0.9599915146827698,--,--,--,--,0.4755600094795227,0.9591599702835083,0.774264395236969
4,2636,0.13119105994701385,-0.38537725806236267,0.11705926805734634,0.20009595155715942,0.8399040699005127,--,--,--,--,0.21053999662399292,0.8293200135231018,0.5663514137268066
4,2637,0.06948776543140411,-0.0347185842692852,0.09881528466939926,0.6800059676170349,0.8299857974052429,--,--,--,--,0.6808300018310547,0.828790009021759,0.7389354705810547
4,2638,0.12007211148738861,-0.02250778116285801,0.21530167758464813,0.7800198197364807,0.979993999004364,--,--,--,--,0.7858800292015076,0.9789100289344788,0.905215322971344
4,2639,0.16215455532073975,-0.38479581475257874,0.2062126249074936,0.3200538754463196,0.6999461054801941,--,--,--,--,0.3328799903392792,0.6955299973487854,0.5176342129707336
4,2640,0.09663187712430954,-0.17732912302017212,0.1353749930858612,0.4000895321369171,0.8599104285240173,0.474242627620697,0.5773034691810608,0.4846551716327667,0.5460531115531921,0.40560001134872437,0.8450300097465515,0.6380360722541809
4,2641,0.04741445928812027,-0.09429191052913666,0.10040736198425293,0.5200700759887695,0.8799299001693726,0.49142205715179443,0.5773060917854309,0.4948897361755371,0.5460546612739563,0.5244399905204773,0.8684300184249878,0.7124497890472412
4,2642,0.06997508555650711,-0.14631329476833344,0.14474692940711975,0.34011679887771606,0.9398831725120544,0.525775671005249,0.5429524779319763,0.5153557062149048,0.5255886912345886,0.3472900092601776,0.9205399751663208,0.6513945460319519
4,2643,0.3077198565006256,-0.49685245752334595,0.2123699188232422,0.15014015138149261,0.8698598146438599,0.5257834792137146,0.5944907069206238,0.5153603553771973,0.5562923550605774,0.15883000195026398,0.8468300104141235,0.5316710472106934
4,2644,0.20291979610919952,-0.47051745653152466,0.11929088085889816,0.4700545072555542,0.7499455213546753,0.3282371759414673,0.706126868724823,0.39767321944236755,0.6227989792823792,0.473470002412796,0.7407299876213074,0.6139655113220215
4,2645,0.04871697723865509,-0.1054004579782486,0.1398911029100418,0.4502080976963043,0.9697918891906738,--,--,--,--,0.476610004901886,0.9551399946212769,0.7667320370674133
4,2646,0.07452237606048584,-0.16157746315002441,0.12925837934017181,0.45014408230781555,0.8098559379577637,--,--,--,--,0.46663999557495117,0.7982400059700012,0.5817738175392151
4,2647,0.05100790411233902,-0.10167336463928223,0.13484477996826172,0.4701840877532959,0.9298158884048462,--,--,--,--,0.4936999976634979,0.9168499708175659,0.7554455995559692
4,2648,0.04522934556007385,-0.13699722290039062,0.06846053898334503,0.4500560164451599,0.8599488735198975,--,--,--,--,0.4588499963283539,0.8475499749183655,0.6105446815490723
4,2649,0.03813817724585533,-0.08573595434427261,0.08485414832830429,0.4800640344619751,0.9099608659744263,--,--,--,--,0.4903799891471863,0.8996800184249878,0.6783733367919922
4,2650,0.15592917799949646,-0.26068368554115295,0.21208132803440094,0.1503201574087143,0.9496798515319824,--,--,--,--,0.18884000182151794,0.9251199960708618,0.5285261869430542
4,2651,0.03689448535442352,-0.12175948172807693,0.17123663425445557,0.31024011969566345,0.9499578475952148,--,--,--,--,0.34172001481056213,0.9391000270843506,0.7194064855575562
4,2652,0.06788494437932968,-0.05567522719502449,0.1314426064491272,0.4001440703868866,0.9499970078468323,--,--,--,--,0.4217199981212616,0.9460999965667725,0.7770776152610779
4,2653,0.13052092492580414,-0.228443905711174,0.2375846654176712,0.09034416079521179,0.9496558308601379,--,--,--,--,0.13288000226020813,0.92426997423172,0.5541327595710754
4,2654,0.03692588582634926,-0.09097412973642349,0.13422437012195587,0.42015206813812256,0.86996990442276,--,--,--,--,0.44047001004219055,0.8620799779891968,0.6972340941429138
4,2655,0.2584802806377411,-0.02091321535408497,0.41477328538894653,0.7900300621986389,0.9899699091911316,0.5,0.5,0.5,0.5,0.7923399806022644,0.9835100173950195,0.8849766254425049
4,2656,0.07945945113897324,-0.16492126882076263,0.0884745866060257,0.33009928464889526,0.9899007081985474,0.5,0.5,0.5,0.5,0.3377299904823303,0.9685900211334229,0.6434224247932434
4,2657,0.13411125540733337,-0.04309144988656044,0.23217222094535828,0.6000451445579529,0.8999548554420471,0.5183457136154175,0.5183457136154175,0.5355448126792908,0.5355448126792908,0.6036099791526794,0.8905100226402283,0.7548385262489319
4,2658,0.305860698223114,-0.005072299856692553,0.47973278164863586,0.8600060343742371,0.8999939560890198,0.48625171184539795,0.513748288154602,0.4733627140522003,0.5266372561454773,0.8604699969291687,0.8986999988555908,0.8788927793502808
4,2659,0.07799676060676575,-0.16146570444107056,0.08643776178359985,0.34009629487991333,0.9799036979675293,0.49083447456359863,0.5091655254364014,0.48224180936813354,0.5177581906318665,0.34749001264572144,0.9592400193214417,0.643856406211853
4,2660,0.22496406733989716,-0.03308990225195885,0.35480889678001404,0.6500853896141052,0.8299146294593811,0.5452178716659546,0.6098082661628723,0.5534392595291138,0.6297734379768372,0.6541699767112732,0.8268700242042542,0.7710400223731995
4,2661,0.11662750691175461,-0.18497830629348755,0.15065428614616394,0.3102846145629883,0.9097154140472412,0.5064605474472046,0.545214831829071,0.507635235786438,0.5534356832504272,0.32234999537467957,0.8981599807739258,0.6163826584815979
4,2662,0.15549644827842712,-0.020917512476444244,0.28152498602867126,0.6500474214553833,0.7499525547027588,0.4870857000350952,0.6421027183532715,0.4847376346588135,0.6679396033287048,0.6524699926376343,0.7719600200653076,0.7261427044868469
4,2663,0.21385458111763,-0.31938016414642334,0.16195997595787048,0.4001423120498657,0.6998577117919922,0.5904326438903809,0.6162688732147217,0.6068750023841858,0.6374086141586304,0.4067800045013428,0.6946300268173218,0.5910015106201172
4,2664,0.33112797141075134,-0.5016165971755981,0.19563187658786774,0.17033202946186066,0.8696679472923279,0.4547874629497528,0.571050226688385,0.44656699895858765,0.583968460559845,0.1843000054359436,0.8560699820518494,0.5201802849769592
4,2665,0.10526919364929199,-0.040070533752441406,0.1760808676481247,0.5700438618659973,0.9699561595916748,0.5165160298347473,0.5165160298347473,0.5112792253494263,0.5112792253494263,0.573360025882721,0.9666399955749512,0.7706745862960815
4,2666,0.5718093514442444,-0.9186120629310608,0.1543000042438507,0.36003729701042175,0.6999627351760864,0.4339641034603119,0.5990679264068604,0.454902321100235,0.5676561594009399,0.36285001039505005,0.6971499919891357,0.5298084616661072
4,2667,0.17742837965488434,-0.02560717985033989,0.26227322220802307,0.68002849817276,0.9399715065956116,0.4834952652454376,0.5495367646217346,0.48872846364974976,0.5338299870491028,0.6821799874305725,0.9378200173377991,0.8121348023414612
4,2668,0.057684630155563354,-0.052223436534404755,0.10554414242506027,0.5800306797027588,0.8599693179130554,0.4669848680496216,0.566047191619873,0.4774530827999115,0.5451053977012634,0.5823500156402588,0.8576499819755554,0.7214632630348206
4,2669,0.14346757531166077,-0.033592332154512405,0.21981747448444366,0.6200284957885742,0.8799715042114258,0.5412928462028503,0.5578032732009888,0.5282000303268433,0.5394753813743591,0.6221799850463867,0.8778200149536133,0.766482949256897
4,2670,0.052542686462402344,-0.12202052026987076,0.10961540043354034,0.40004825592041016,0.839951753616333,--,--,--,--,0.40369001030921936,0.8363100290298462,0.6304962038993835
4,2671,0.034110285341739655,-0.1089506596326828,0.04486566036939621,0.5800021886825562,0.8899522423744202,--,--,--,--,0.5801699757575989,0.8870000243186951,0.6720800995826721
4,2672,0.03198787569999695,-0.07994193583726883,0.10415464639663696,0.35006144642829895,0.9499605298042297,--,--,--,--,0.35659000277519226,0.9469799995422363,0.6465902924537659
4,2673,0.06313462555408478,-0.1751980185508728,0.11126770079135895,0.3900614380836487,0.7699846625328064,--,--,--,--,0.3962799906730652,0.7688199877738953,0.6329935789108276
4,2674,0.02690170705318451,-0.09343985468149185,0.12028659135103226,0.4300592243671417,0.9699407815933228,--,--,--,--,0.43452998995780945,0.965470016002655,0.7208949327468872
4,2675,0.06682801246643066,-0.20256683230400085,0.08833135664463043,0.5200064778327942,0.7399935722351074,0.4273952543735504,0.6307657957077026,0.43142884969711304,0.6235010623931885,0.5222300291061401,0.7378399968147278,0.6522799134254456
4,2676,0.10874807089567184,-0.20691077411174774,0.10804879665374756,0.290018767118454,0.9299812316894531,0.49274367094039917,0.5217965841293335,0.4931468069553375,0.5205856561660767,0.2963300049304962,0.9235799908638,0.6194448471069336
4,2677,0.15216821432113647,-0.2418832927942276,0.11078861355781555,0.29001760482788086,0.8899824023246765,0.4564274847507477,0.5581128001213074,0.45884817838668823,0.5548843145370483,0.29594001173973083,0.8839799761772156,0.5996846556663513
4,2678,0.019433213397860527,-0.15235823392868042,0.08843647688627243,0.42001524567604065,0.9399847388267517,0.48547354340553284,0.5145264863967896,0.48628056049346924,0.5137194395065308,0.42513999342918396,0.9347699880599976,0.6837881207466125
4,2679,0.3423275649547577,0.0,0.5704432129859924,0.7000005841255188,0.7199994325637817,0.6454302072525024,0.7035360932350159,0.6373507380485535,0.6922285556793213,0.7004899978637695,0.934469997882843,0.8264783024787903
4,2680,0.16211751103401184,-0.0572216771543026,0.23902973532676697,0.5903744101524353,0.8496255874633789,0.5437078475952148,0.5611910223960876,0.5242821574211121,0.5339950323104858,0.597029983997345,0.8435999751091003,0.75217604637146
4,2681,0.3996131420135498,-0.6006951928138733,0.15381355583667755,0.24080638587474823,0.7991936206817627,0.43006742000579834,0.6048988699913025,0.46114856004714966,0.5582771301269531,0.25450998544692993,0.785539984703064,0.535234272480011
4,2682,0.14723138511180878,-0.29272153973579407,0.04744851961731911,0.580028772354126,0.5999711751937866,0.5174831748008728,0.6223820447921753,0.5097128748893738,0.5679900050163269,0.5809800028800964,0.6758800148963928,0.6300882697105408
4,2683,0.07071993499994278,-0.2549079358577728,0.1586134284734726,0.2806623876094818,0.7393376231193542,0.6835730075836182,0.718539297580719,0.6019850373268127,0.6214107275009155,0.29315000772476196,0.734220027923584,0.6284694075584412
4,2684,0.23710571229457855,-0.01159288827329874,0.4672223925590515,0.5300863981246948,0.5899136066436768,0.7622472047805786,0.8321797847747803,0.6456928849220276,0.6845443248748779,0.5331599712371826,0.8913800120353699,0.7295835614204407
4,2685,0.0608346126973629,-0.16955207288265228,0.07302001118659973,0.48001623153686523,0.8599838018417358,--,--,--,--,0.4840799868106842,0.851140022277832,0.5916308760643005
4,2686,0.03403240442276001,-0.12038309872150421,0.12090567499399185,0.30002304911613464,0.9199883341789246,--,--,--,--,0.3089599907398224,0.9186499714851379,0.7232334017753601
4,2687,0.016707992181181908,-0.13000933825969696,0.12198661267757416,0.4201008379459381,0.9398991465568542,--,--,--,--,0.4318299889564514,0.9303600192070007,0.6861274838447571
4,2688,0.032103292644023895,-0.04442550614476204,0.05905533954501152,0.5800068378448486,0.9799495935440063,--,--,--,--,0.5834000110626221,0.9750499725341797,0.7520846724510193
4,2689,0.09104491770267487,-0.16933123767375946,0.12490237504243851,0.32002219557762146,0.9398797750473022,--,--,--,--,0.3275800049304962,0.9284399747848511,0.6043297648429871
4,2690,0.1311827450990677,-0.24849942326545715,0.14927896857261658,0.20100797712802887,0.9100000262260437,--,--,--,--,0.21825000643730164,0.9090999960899353,0.5705837607383728
4,2691,0.031227117404341698,-0.12191925942897797,0.11340723186731339,0.420748770236969,0.9392512440681458,--,--,--,--,0.43327999114990234,0.9263100028038025,0.6752225756645203
4,2692,0.064037024974823,-0.1715421974658966,0.1292305737733841,0.29095038771629333,0.9490495920181274,--,--,--,--,0.3072099983692169,0.9328699707984924,0.6409826278686523
4,2693,0.03009832091629505,-0.11466173827648163,0.12216217070817947,0.38999998569488525,0.9300000071525574,--,--,--,--,0.390749990940094,0.9292399883270264,0.6765822172164917
4,2694,0.11176072061061859,-0.026764385402202606,0.18481044471263885,0.7702016234397888,0.949999988079071,--,--,--,--,0.7739099860191345,0.9498299956321716,0.8667523264884949
4,2695,0.08942637592554092,-0.24093972146511078,0.13847365975379944,0.23002903163433075,0.9099709391593933,--,--,--,--,0.23973000049591064,0.8952599763870239,0.635749101638794
4,2696,0.042782437056303024,-0.008339746855199337,0.08573219925165176,0.5700017213821411,0.8999883532524109,--,--,--,--,0.57218998670578,0.8987200260162354,0.7253949046134949
4,2697,0.09328704327344894,-0.21559083461761475,0.09024453163146973,0.3700239062309265,0.9299761056900024,--,--,--,--,0.3767800033092499,0.9171299934387207,0.5862030982971191
4,2698,0.018217111006379128,-0.1311817467212677,0.11217370629310608,0.4201008379459381,0.9398991465568542,--,--,--,--,0.43237999081611633,0.9303799867630005,0.706612229347229
4,2699,0.08994683623313904,-0.23228169977664948,0.19951896369457245,0.030186181887984276,0.9898138046264648,--,--,--,--,0.054343998432159424,0.972350001335144,0.646319568157196
4,2700,0.06811125576496124,-0.14576995372772217,0.07401581853628159,0.39003872871398926,0.9699612855911255,0.5000047087669373,0.5197100043296814,0.5000007748603821,0.5033650994300842,0.396479994058609,0.9634100198745728,0.6786929368972778
4,2701,0.29515373706817627,-0.013581889681518078,0.4730253517627716,0.850001335144043,0.8699986934661865,0.5197147130966187,0.5197147130966187,0.5033659338951111,0.5033659338951111,0.8502699732780457,0.8709499835968018,0.8641969561576843
4,2702,0.3693079352378845,-0.5783833861351013,0.10926628112792969,0.24003873765468597,0.8199612498283386,0.35220998525619507,0.6477900147438049,0.4747675657272339,0.5252324342727661,0.2464900016784668,0.8133599758148193,0.5259349942207336
4,2703,0.22290028631687164,-0.021595070138573647,0.3709757328033447,0.7500066757202148,0.8499933481216431,0.5000281929969788,0.6182602047920227,0.5000048279762268,0.5201907753944397,0.751259982585907,0.8489599823951721,0.8120974898338318
4,2704,0.14673274755477905,-0.026431651785969734,0.2464364767074585,0.6900079846382141,0.8099920153617859,0.4704560935497284,0.58868807554245,0.4949559271335602,0.5151418447494507,0.6914100050926208,0.80867999792099,0.7555071115493774
4,2705,0.23315398395061493,-0.38725546002388,0.14257018268108368,0.05033021792769432,0.9496697783470154,0.48661887645721436,0.5223253965377808,0.4732377827167511,0.5446507334709167,0.05125899985432625,0.9487400054931641,0.5348241329193115
4,2706,0.18074515461921692,-0.3090250492095947,0.1651868373155594,0.10031554102897644,0.959684431552887,0.49554550647735596,0.5133987665176392,0.4910910129547119,0.5267975330352783,0.10119999945163727,0.9588000178337097,0.5636237859725952
4,2707,0.09285882860422134,-0.10176347196102142,0.18081839382648468,0.4901394248008728,0.8698605895042419,0.4911175072193146,0.5536038875579834,0.48223501443862915,0.607207715511322,0.49053001403808594,0.8694700002670288,0.7083960175514221
4,2708,0.1480826437473297,-0.033610567450523376,0.2954936623573303,0.6300513744354248,0.7699486613273621,0.45541101694107056,0.589310348033905,0.4108220338821411,0.6786206960678101,0.6302000284194946,0.7698000073432922,0.7189056277275085
4,2709,0.029886983335018158,-0.1510160118341446,0.13139919936656952,0.37020546197891235,0.9297945499420166,0.4866100549697876,0.5133899450302124,0.4732201397418976,0.5267798900604248,0.37077999114990234,0.9292200207710266,0.6696661710739136
4,2710,0.14591383934020996,-0.06693016737699509,0.3024490773677826,0.5100857615470886,0.8699142336845398,0.6047244071960449,0.6237624287605286,0.533661425113678,0.5397807955741882,0.5179700255393982,0.865909993648529,0.7364698052406311
4,2711,0.08175387233495712,-0.05806581303477287,0.15012307465076447,0.5600714683532715,0.859928548336029,0.40481239557266235,0.6332687139511108,0.4694039821624756,0.5428363680839539,0.566569983959198,0.8563500046730042,0.7191451787948608
4,2712,0.364609032869339,-0.0027586224023252726,0.5663448572158813,0.9700047373771667,0.9899952411651611,0.5095202922821045,0.5095202922821045,0.5030601024627686,0.5030601024627686,0.9704499840736389,0.9897800087928772,0.9838638305664062
4,2713,0.18694032728672028,-0.02910255268216133,0.31249287724494934,0.6900333762168884,0.82996666431427,0.5190418362617493,0.5380798578262329,0.5061205625534058,0.512239933013916,0.6930800080299377,0.8283600211143494,0.7717015743255615
4,2714,0.2609608471393585,-0.024651451036334038,0.4237707257270813,0.7900381088256836,0.9499619007110596,0.5095202922821045,0.5095202922821045,0.5030601024627686,0.5030601024627686,0.7935000061988831,0.9480699896812439,0.8738448619842529
4,2715,0.08148904889822006,-0.11524738371372223,0.1226334199309349,0.5304144024848938,0.9495856165885925,0.5,0.5,0.49000734090805054,0.5099926590919495,0.54680997133255,0.9347100257873535,0.7265508770942688
4,2716,0.06627565622329712,-0.12124225497245789,0.15028919279575348,0.49025651812553406,0.7497434616088867,0.5,0.5,0.5200366973876953,0.6199632883071899,0.5010799765586853,0.7410600185394287,0.6450647711753845
4,2717,0.2958110570907593,-0.5078991651535034,0.1884782314300537,0.39037492871284485,0.7696250677108765,0.5,0.5,0.32013943791389465,0.6998605728149414,0.40533000230789185,0.7562100291252136,0.5710755586624146
4,2718,0.20477071404457092,-0.29840248823165894,0.21733076870441437,0.2905525267124176,0.84944748878479,0.5,0.5,0.47006604075431824,0.649933934211731,0.31299999356269836,0.830049991607666,0.580346405506134
4,2719,0.35387134552001953,-0.021970894187688828,0.5186907052993774,0.8100789189338684,0.8899210691452026,0.5,0.5,0.5400000214576721,0.5400000214576721,0.8135899901390076,0.8873900175094604,0.8667537569999695
4,2720,0.05127837881445885,-0.03655007481575012,0.09262983500957489,0.5400739312171936,0.9699996113777161,--,--,--,--,0.542639970779419,0.9657599925994873,0.7543919086456299
4,2721,0.031131993979215622,-0.10579828172922134,0.05899960175156593,0.4800020456314087,0.9799979329109192,--,--,--,--,0.4888499975204468,0.9696099758148193,0.6837199926376343
4,2722,0.034158963710069656,-0.12421680241823196,0.06277605146169662,0.44000178575515747,0.8799982070922852,--,--,--,--,0.44832998514175415,0.8713399767875671,0.6561298370361328
4,2723,0.0951300710439682,-0.23900066316127777,0.1209428459405899,0.3200019598007202,0.8194824457168579,--,--,--,--,0.3295699954032898,0.8139500021934509,0.5843232274055481
4,2724,0.03604120388627052,-0.13445772230625153,0.0652194544672966,0.3300020396709442,0.9296056628227234,--,--,--,--,0.340829998254776,0.9247199892997742,0.6708409190177917
4,2725,0.30807363986968994,-0.5526511669158936,0.05052865296602249,0.5200246572494507,0.5399753451347351,0.5153310298919678,0.6686338782310486,0.5128449201583862,0.6412878632545471,0.5207300186157227,0.6301900148391724,0.5754940509796143
4,2726,0.17561253905296326,-0.28441253304481506,0.15667380392551422,0.18098586797714233,0.9790140986442566,0.49233487248420715,0.5076651573181152,0.49357786774635315,0.5064221620559692,0.190870001912117,0.968999981880188,0.567631185054779
4,2727,0.2425626963376999,-0.37575414776802063,0.17584463953971863,0.13098587095737457,0.9290141463279724,0.52299565076828,0.5383259654045105,0.519266664981842,0.5321109294891357,0.14101000130176544,0.9191200137138367,0.5331177115440369
4,2728,0.3604700565338135,-0.017421424388885498,0.5755603313446045,0.8501232266426086,0.9498767852783203,0.5306608080863953,0.5306608080863953,0.5256887674331665,0.5256887674331665,0.8514999747276306,0.9487500190734863,0.9139487147331238
4,2729,0.24332086741924286,-0.0386824831366539,0.3890435993671417,0.6601971983909607,0.8198028206825256,0.5306610465049744,0.5919821858406067,0.5256890058517456,0.57706618309021,0.6624699831008911,0.8180400133132935,0.7682494521141052
4,2730,0.3503651022911072,-0.005282883066684008,0.47815021872520447,0.8500059843063354,0.9699940085411072,0.5000037550926208,0.5089405179023743,0.5000075101852417,0.5178810358047485,0.851069986820221,0.9659600257873535,0.9152573943138123
4,2731,0.20564626157283783,-0.31779754161834717,0.15021872520446777,0.35002195835113525,0.78997802734375,0.5178960561752319,0.5357695817947388,0.5357921123504639,0.5715391635894775,0.3539400100708008,0.7753300070762634,0.5990688800811768
4,2732,0.055192433297634125,-0.07997391372919083,0.12251102179288864,0.4700239598751068,0.9499760270118713,0.5044721364974976,0.5044721364974976,0.5089442729949951,0.5089442729949951,0.4742699861526489,0.9336400032043457,0.7173876166343689
4,2733,0.400546669960022,-0.5730835199356079,0.1369142383337021,0.29002395272254944,0.769976019859314,0.4508553147315979,0.5670332312583923,0.4017106294631958,0.6340664625167847,0.2942799925804138,0.7536900043487549,0.5439335107803345
4,2734,0.05125383287668228,-0.14874212443828583,0.09862849861383438,0.5400030016899109,0.5999969840049744,0.49558794498443604,0.6385761499404907,0.4911758601665497,0.7771522998809814,0.5406200289726257,0.7307000160217285,0.6379074454307556
4,2735,0.10191049426794052,-0.03832310810685158,0.1629045456647873,0.5900011658668518,0.8699988722801208,0.4632481634616852,0.555184543132782,0.48452553153038025,0.5232356190681458,0.5953999757766724,0.8647300004959106,0.7388932704925537
4,2736,0.172010600566864,-0.020305117592215538,0.2615959942340851,0.7100005745887756,0.8499994277954102,0.4724190831184387,0.5275809168815613,0.48838698863983154,0.5116130113601685,0.7126799821853638,0.8473399877548218,0.7829200029373169
4,2737,0.12295565009117126,-0.31257757544517517,0.040090546011924744,0.570000410079956,0.6699995994567871,0.41737082600593567,0.6747927069664001,0.4652087688446045,0.5735969543457031,0.572160005569458,0.6780800223350525,0.6382449269294739
4,2738,0.3352758586406708,0.0,0.5293576121330261,0.9200000166893005,0.9200000166893005,0.44486087560653687,0.5735718011856079,0.47678354382514954,0.5309776067733765,0.9164000153541565,0.938539981842041,0.923477053642273
4,2739,0.13032196462154388,-0.20532159507274628,0.06425949186086655,0.36000195145606995,0.8399980068206787,0.4816581606864929,0.5552072525024414,0.4922771155834198,0.5232451558113098,0.3692600131034851,0.8309800028800964,0.6158909201622009
4,2740,0.19351977109909058,-0.03952255845069885,0.29518362879753113,0.7000129818916321,0.8799870610237122,0.5099778771400452,0.5099778771400452,0.5006651878356934,0.5006651878356934,0.7024400234222412,0.8757699728012085,0.7978010773658752
4,2741,0.17491641640663147,-0.044704195111989975,0.3558333218097687,0.6000129580497742,0.7799870371818542,0.5200029611587524,0.6995097994804382,0.5013335347175598,0.5133006572723389,0.6027500033378601,0.794409990310669,0.7332651019096375
4,2742,0.11443931609392166,-0.15286724269390106,0.15649063885211945,0.2700417637825012,0.8499582409858704,0.5698606967926025,0.6296963095664978,0.5046573877334595,0.5086464285850525,0.2780599892139435,0.8367300033569336,0.6088036298751831
4,2743,0.07936353236436844,-0.09184283018112183,0.12897931039333344,0.4600345492362976,0.9399654269218445,0.519966185092926,0.5598565936088562,0.501331090927124,0.5039904117584229,0.46654000878334045,0.9287800192832947,0.7256265878677368
4,2744,0.0994662493467331,-0.024358980357646942,0.26240426301956177,0.5400086641311646,0.6599913835525513,0.6995675563812256,0.7394579648971558,0.5133045315742493,0.5159638524055481,0.5422499775886536,0.7768599987030029,0.6788065433502197
4,2745,0.3471437394618988,0.0,0.5052154660224915,0.8900003433227539,0.909999668598175,0.4880736470222473,0.5119263529777527,0.46183571219444275,0.5381642580032349,0.890250027179718,0.9098700284957886,0.899847686290741
4,2746,0.16266977787017822,-0.28621795773506165,0.10660257935523987,0.4200051724910736,0.7399948239326477,0.535797655582428,0.5596503615379333,0.6145524978637695,0.690881073474884,0.4244000017642975,0.7380599975585938,0.614334225654602
4,2747,0.09528198838233948,-0.19735242426395416,0.09979638457298279,0.44000518321990967,0.7599948048591614,0.5387803912162781,0.5626330971717834,0.6240972876548767,0.7004258632659912,0.44442999362945557,0.7580699920654297,0.636526882648468
4,2748,0.31339558959007263,-0.48617371916770935,0.13191358745098114,0.300008088350296,0.7999919056892395,0.5029827356338501,0.5029827356338501,0.5095447897911072,0.5095447897911072,0.30630001425743103,0.7968900203704834,0.551196813583374
4,2749,0.2080121487379074,0.0,0.2992109954357147,0.7600003480911255,0.7799996733665466,0.4612417221069336,0.5506892800331116,0.37597352266311646,0.662205696105957,0.7603099942207336,0.7960299849510193,0.7739236354827881
4,2750,0.2753913104534149,-0.021252725273370743,0.4198777377605438,0.8400368094444275,0.9799631834030151,0.5000012516975403,0.517336905002594,0.5000007152557373,0.5099686980247498,0.8421900272369385,0.974049985408783,0.9097713232040405
4,2751,0.11927252262830734,-0.07721910625696182,0.17921754717826843,0.6100999116897583,0.9899000525474548,0.5,0.5,0.5,0.5,0.6158599853515625,0.973609983921051,0.7908092141151428
4,2752,0.3010020852088928,-0.016819272190332413,0.4631991982460022,0.8100262880325317,0.909973680973053,0.5520156025886536,0.5693512558937073,0.5299090147018433,0.5398769974708557,0.8117799758911133,0.9119099974632263,0.8813141584396362
4,2753,0.10919462889432907,-0.07548157125711441,0.1566409468650818,0.5900894403457642,0.9299106001853943,0.5173393487930298,0.5346750020980835,0.5099701285362244,0.5199381113052368,0.5953500270843506,0.9156200289726257,0.7617925405502319
4,2754,0.07608620077371597,-0.1511823982000351,0.1589331030845642,0.6900105476379395,0.7299894690513611,0.33531275391578674,0.6820253729820251,0.40530484914779663,0.6046645641326904,0.6719300150871277,0.7344899773597717,0.7070283889770508
4,2755,0.10622045397758484,-0.2584387958049774,0.24706020951271057,0.15013670921325684,0.8498632907867432,--,--,--,--,0.1790899932384491,0.8245900273323059,0.5813875794410706
4,2756,0.034329961985349655,-0.10269886255264282,0.09982344508171082,0.35000938177108765,0.9799492359161377,--,--,--,--,0.35835000872612,0.9665899872779846,0.7273907661437988
4,2757,0.08537032455205917,-0.22222782671451569,0.1045539602637291,0.2700093686580658,0.9099570512771606,--,--,--,--,0.27847999334335327,0.8977500200271606,0.6599199175834656
4,2758,0.04916278272867203,-0.04490046948194504,0.11053058505058289,0.5900042057037354,0.8499957919120789,--,--,--,--,0.5936499834060669,0.8484299778938293,0.7532967329025269
4,2759,0.18044863641262054,-0.3684132695198059,0.1791258454322815,0.24001002311706543,0.8599899411201477,--,--,--,--,0.24796000123023987,0.8561000227928162,0.5454908609390259
4,2760,0.07002808153629303,-0.03028283827006817,0.1219434067606926,0.6800026893615723,0.9800000190734863,--,--,--,--,0.6827200055122375,0.9776899814605713,0.8495010733604431
4,2761,0.037109438329935074,-0.12978272140026093,0.10640919953584671,0.44999998807907104,0.8700000047683716,--,--,--,--,0.45928001403808594,0.8606799840927124,0.6430681347846985
4,2762,0.03137759119272232,-0.06213011592626572,0.12388929724693298,0.400007039308548,0.9200000166893005,--,--,--,--,0.4066599905490875,0.9169899821281433,0.7510716319084167
4,2763,0.03152688220143318,-0.09137655049562454,0.09411712735891342,0.5299999713897705,0.7099999785423279,--,--,--,--,0.5341200232505798,0.7061799764633179,0.6426203846931458
4,2764,0.16444945335388184,-0.24240438640117645,0.1251399964094162,0.3500046133995056,0.75,--,--,--,--,0.35425999760627747,0.7422599792480469,0.545966625213623
4,2765,0.06459400057792664,-0.144196555018425,0.17427337169647217,0.21005122363567352,0.8699999451637268,--,--,--,--,0.23146000504493713,0.8643699884414673,0.6461756825447083
4,2766,0.031596589833498,-0.10179197788238525,0.09389543533325195,0.3900001049041748,0.8899998664855957,--,--,--,--,0.3971099853515625,0.879010021686554,0.6595152020454407
4,2767,0.0695267766714096,-0.1831134706735611,0.20740562677383423,0.030081959441304207,0.989918053150177,--,--,--,--,0.06337500363588333,0.979640007019043,0.680901050567627
4,2768,0.177603617310524,-0.3066689074039459,0.16987591981887817,0.08000018447637558,0.9399998188018799,--,--,--,--,0.09221100062131882,0.9206600189208984,0.5196799039840698
4,2769,0.03786776587367058,-0.07912798225879669,0.09889278560876846,0.48003244400024414,0.8899999260902405,--,--,--,--,0.4929099977016449,0.8838499784469604,0.7184871435165405
4,2770,0.22243568301200867,-0.010378544218838215,0.3172074854373932,0.7100024223327637,0.8899975419044495,0.5,0.5390474796295166,0.5,0.5455554127693176,0.7121899724006653,0.887719988822937,0.8059278726577759
4,2771,0.12843875586986542,-0.20542559027671814,0.12885162234306335,0.3800065219402313,0.8599935173988342,0.43492087721824646,0.5780949592590332,0.42407435178756714,0.5911107659339905,0.3857499957084656,0.8537399768829346,0.6187245845794678
4,2772,0.10780707001686096,-0.18735161423683167,0.1237432211637497,0.320007860660553,0.8999921083450317,0.5260316729545593,0.5650791525840759,0.5303702354431152,0.5759256482124329,0.32701000571250916,0.8925899863243103,0.6227095723152161
4,2773,0.2203187644481659,-0.001098860870115459,0.3557369112968445,0.6800008416175842,0.7399991750717163,0.6041266322135925,0.6431741118431091,0.6214810609817505,0.6670364737510681,0.6809200048446655,0.8170999884605408,0.7557587027549744
4,2774,0.20234115421772003,-0.009122765623033047,0.28190240263938904,0.6900021433830261,0.8499978184700012,0.48698416352272034,0.5650791525840759,0.4848148822784424,0.5759256482124329,0.6919599771499634,0.8479999899864197,0.7784647941589355
4,2775,0.03454484045505524,-0.07159209251403809,0.02643473818898201,0.46000245213508606,0.9700000286102295,--,--,--,--,0.46279001235961914,0.964169979095459,0.6847891211509705
4,2776,0.04958321154117584,-0.0972902700304985,0.13342612981796265,0.3300075829029083,0.8899924159049988,--,--,--,--,0.3371100127696991,0.8834499716758728,0.6923589706420898
4,2777,0.0352872796356678,-0.07517555356025696,0.1096889078617096,0.4300062358379364,0.8899937868118286,--,--,--,--,0.435479998588562,0.8837900161743164,0.6423644423484802
4,2778,0.13053445518016815,-0.2510925531387329,0.14255206286907196,0.12001112103462219,0.9399888515472412,--,--,--,--,0.13003000617027283,0.9295200109481812,0.5600302815437317
4,2779,0.1447601020336151,-0.2193681299686432,0.14214833080768585,0.34000569581985474,0.7699999809265137,--,--,--,--,0.34516000747680664,0.7610399723052979,0.5585310459136963
4,2780,0.12951724231243134,-0.20223335921764374,0.14280050992965698,0.18000149726867676,0.8999984860420227,--,--,--,--,0.2047100067138672,0.8911899924278259,0.5301434397697449
4,2781,0.10495387762784958,-0.2189827263355255,0.11853902041912079,0.23000356554985046,0.969996452331543,--,--,--,--,0.2549999952316284,0.9391199946403503,0.5894255638122559
4,2782,0.035064809024333954,-0.09293793886899948,0.06889658421278,0.550001859664917,0.9299981594085693,--,--,--,--,0.5629299879074097,0.9143999814987183,0.7395758628845215
4,2783,0.04752926900982857,-0.13693848252296448,0.10501714050769806,0.370002418756485,0.9399994015693665,--,--,--,--,0.38982999324798584,0.9354699850082397,0.7080457806587219
4,2784,0.09006424248218536,-0.20216168463230133,0.0992993637919426,0.13000169396400452,0.9499983191490173,--,--,--,--,0.1582999974489212,0.9411600232124329,0.6273088455200195
4,2785,0.059785980731248856,-0.08009690046310425,0.21329808235168457,0.4204128384590149,0.6395871639251709,0.7158867120742798,0.8136268258094788,0.5431773662567139,0.5627253651618958,0.4304499924182892,0.7514899969100952,0.6347612738609314
4,2786,0.04009857773780823,-0.09772322326898575,0.11242935061454773,0.49071308970451355,0.8692868947982788,0.43164554238319397,0.6075776815414429,0.4863291084766388,0.5215155482292175,0.5048400163650513,0.8560400009155273,0.6841229796409607
4,2787,0.407125860452652,-0.008396494202315807,0.5981060266494751,0.8800750374794006,0.9199249148368835,0.5001271963119507,0.578319251537323,0.5000254511833191,0.5156638622283936,0.8818399906158447,0.9361900091171265,0.9154250025749207
4,2788,0.1365823894739151,-0.18505501747131348,0.1587991863489151,0.25127601623535156,0.9287239909172058,0.5196751952171326,0.5587712526321411,0.5039350390434265,0.5117542743682861,0.27658000588417053,0.9050400257110596,0.5991424322128296
4,2789,0.11352523416280746,-0.17565175890922546,0.1442645937204361,0.3409757912158966,0.8590242266654968,0.4806109666824341,0.6174470782279968,0.49612218141555786,0.5234894156455994,0.3604699969291687,0.8410400152206421,0.6146437525749207
4,2790,0.0791853815317154,-0.19783392548561096,0.07516306638717651,0.29000091552734375,0.9499973654747009,--,--,--,--,0.305400013923645,0.9245499968528748,0.5958449244499207
4,2791,0.07418456673622131,-0.20502014458179474,0.07204374670982361,0.2800009846687317,0.7599989771842957,--,--,--,--,0.29662999510765076,0.7552499771118164,0.6071084141731262
4,2792,0.09148301184177399,-0.2701472043991089,0.057785432785749435,0.030001988634467125,0.989999532699585,--,--,--,--,0.06338000297546387,0.9809100031852722,0.7298320531845093
4,2793,0.02619757689535618,-0.06826116144657135,0.0778450295329094,0.49000102281570435,0.9899989366531372,--,--,--,--,0.5073599815368652,0.9851400256156921,0.8423213958740234
4,2794,0.04937410727143288,-0.1447368711233139,0.10584060102701187,0.3800020217895508,0.8399995565414429,--,--,--,--,0.39656999707221985,0.8366100192070007,0.6632975935935974
4,2795,0.22002188861370087,-0.4074793756008148,0.14950938522815704,0.4005512595176697,0.7394487261772156,0.3708987236022949,0.7289287447929382,0.49240580201148987,0.5134664177894592,0.4135400056838989,0.7276399731636047,0.5996977686882019
4,2796,0.07244814187288284,-0.023277925327420235,0.18596073985099792,0.5600972771644592,0.6199027299880981,0.6498910188674927,0.7294532656669617,0.5088171362876892,0.5134972333908081,0.5631999969482422,0.7577900290489197,0.6710543036460876
4,2797,0.15842720866203308,-0.050745826214551926,0.2639724314212799,0.6302269697189331,0.769773006439209,0.4206625819206238,0.6991303563117981,0.49533310532569885,0.5117135643959045,0.6358299851417542,0.7759199738502502,0.7305169105529785
4,2798,0.044777024537324905,-0.11923681944608688,0.1194102093577385,0.45064854621887207,0.8493514657020569,0.5699166655540466,0.5898072123527527,0.504112720489502,0.5052827596664429,0.4659700095653534,0.8355100154876709,0.6881173253059387
4,2799,0.1416068822145462,-0.09805198013782501,0.29785630106925964,0.4404864013195038,0.7395135760307312,0.7396233081817627,0.7595138549804688,0.5140954852104187,0.5152655243873596,0.45309001207351685,0.8059999942779541,0.6979217529296875
4,2800,0.08936554938554764,-0.14427824318408966,0.09211515635251999,0.4300000071525574,0.9700000286102295,--,--,--,--,0.4309200048446655,0.9690799713134766,0.5987569093704224
4,2801,0.023722894489765167,-0.042806774377822876,0.08727654814720154,0.5099999904632568,0.7999677658081055,--,--,--,--,0.5101400017738342,0.7978799939155579,0.6224228143692017
4,2802,0.06830248981714249,-0.16303177177906036,0.07470165193080902,0.30008599162101746,0.9399139881134033,--,--,--,--,0.30877000093460083,0.935670018196106,0.6845934391021729
4,2803,0.05707861855626106,-0.1233748346567154,0.07159806042909622,0.36008062958717346,0.9599193930625916,--,--,--,--,0.36796000599861145,0.9555400013923645,0.6587998867034912
4,2804,0.13907425105571747,-0.2517692446708679,0.09682327508926392,0.13010749220848083,0.9298925399780273,--,--,--,--,0.14086000621318817,0.9243199825286865,0.5767140984535217
4,2805,0.04742009565234184,-0.14588753879070282,0.1666039228439331,0.3200092017650604,0.8599907755851746,--,--,--,--,0.3375999927520752,0.8445299863815308,0.6603682637214661
4,2806,0.049394652247428894,-0.0685962587594986,0.11816594749689102,0.4300088584423065,0.9898960590362549,--,--,--,--,0.44764000177383423,0.9852499961853027,0.7961244583129883
4,2807,0.06518780440092087,-0.03463965654373169,0.09389165043830872,0.520005464553833,0.9899405837059021,--,--,--,--,0.5318899750709534,0.9865999817848206,0.8029540777206421
4,2808,0.031825292855501175,-0.0771908089518547,0.07904928177595139,0.5700064897537231,0.9499935507774353,--,--,--,--,0.5803800225257874,0.9366899728775024,0.6994896531105042
4,2809,0.055035173892974854,-0.18725734949111938,0.11859983950853348,0.3204158544540405,0.8795841336250305,--,--,--,--,0.33507001399993896,0.8658699989318848,0.6097326874732971
4,2810,0.13156315684318542,-0.255318284034729,0.1048477366566658,0.1900886744260788,0.8499113321304321,--,--,--,--,0.19920000433921814,0.8456299901008606,0.6109129190444946
4,2811,0.07112222909927368,-0.12573488056659698,0.06931573152542114,0.3700752556324005,0.9299247860908508,--,--,--,--,0.3772299885749817,0.925570011138916,0.604961097240448
4,2812,0.04491623491048813,-0.10674645751714706,0.07105323672294617,0.40003761649131775,0.9700000286102295,--,--,--,--,0.4046100080013275,0.9700000286102295,0.7282960414886475
4,2813,0.046167485415935516,-0.08039165288209915,0.09284666925668716,0.5600000023841858,0.8999999761581421,--,--,--,--,0.5605800151824951,0.8994200229644775,0.7522035837173462
4,2814,0.054501973092556,-0.07867849618196487,0.1227271556854248,0.3499999940395355,0.8399972915649414,--,--,--,--,0.35051000118255615,0.8389700055122375,0.685032844543457
4,2815,0.08307074010372162,-0.18611127138137817,0.11864983290433884,0.30043068528175354,0.8795692920684814,--,--,--,--,0.3153499960899353,0.8651099801063538,0.5726207494735718
4,2816,0.09938053786754608,-0.03415132313966751,0.18036064505577087,0.760003387928009,0.9599965810775757,--,--,--,--,0.7660700082778931,0.9537299871444702,0.8611790537834167
4,2817,0.03764926269650459,-0.047718193382024765,0.09391801059246063,0.4800051152706146,0.8699257373809814,--,--,--,--,0.4906499981880188,0.8664900064468384,0.7168707847595215
4,2818,0.07082504034042358,-0.17284400761127472,0.171850323677063,0.23001226782798767,0.9499877095222473,--,--,--,--,0.2528199851512909,0.9282799959182739,0.6426282525062561
4,2819,0.0899214893579483,-0.19120188057422638,0.1063532903790474,0.3703712821006775,0.8696287274360657,--,--,--,--,0.3826200067996979,0.8567100167274475,0.5524684190750122
4,2820,0.022827964276075363,-0.04616185650229454,0.041711561381816864,0.6000461578369141,0.9799982905387878,--,--,--,--,0.6052899956703186,0.9740999937057495,0.798101544380188
4,2821,0.07567939162254333,-0.04963555559515953,0.14914609491825104,0.7900538444519043,0.9299461841583252,--,--,--,--,0.7930099964141846,0.9276800155639648,0.8736156225204468
4,2822,0.12206780910491943,-0.22358180582523346,0.11847764253616333,0.33015379309654236,0.809964120388031,--,--,--,--,0.33893999457359314,0.7939299941062927,0.5606083273887634
4,2823,0.08609017729759216,-0.2381889969110489,0.08435516059398651,0.11033833026885986,0.989661693572998,--,--,--,--,0.12950000166893005,0.9756399989128113,0.6535989046096802
4,2824,0.05748934671282768,-0.07794735580682755,0.12891964614391327,0.4700358510017395,0.9099538922309875,--,--,--,--,0.48532000184059143,0.9066100120544434,0.7731750011444092
4,2825,0.2580179274082184,-0.4019698202610016,0.07655628770589828,0.47005197405815125,0.6099480390548706,0.5004155039787292,0.7483028769493103,0.5003363490104675,0.701007068157196,0.47141000628471375,0.6496300101280212,0.5778248906135559
4,2826,0.20124118030071259,-0.3829810321331024,0.12153078615665436,0.060349009931087494,0.9996510148048401,0.5,0.5,0.5,0.5,0.06821800023317337,0.9859799742698669,0.555536687374115
4,2827,0.05389237776398659,-0.21438418328762054,0.06601373851299286,0.6000222563743591,0.6599777340888977,0.3296293616294861,0.7014604210853577,0.3620809316635132,0.663087010383606,0.6005499958992004,0.6678000092506409,0.6363400220870972
4,2828,0.22913940250873566,-0.032935306429862976,0.36302754282951355,0.7000817060470581,0.9199182987213135,0.5077724456787109,0.5077724456787109,0.5062919855117798,0.5062919855117798,0.7019299864768982,0.9167400002479553,0.8180820345878601
4,2829,0.3037709891796112,-0.021559661254286766,0.4998621344566345,0.7500519752502441,0.8899480104446411,0.5466866493225098,0.57767254114151,0.5377939343452454,0.5628777742385864,0.7513099908828735,0.8880500197410583,0.8406894207000732
4,2830,0.24309246242046356,-0.027199087664484978,0.42698803544044495,0.6800102591514587,0.7999897599220276,0.5138014554977417,0.5826234817504883,0.5145278573036194,0.5869720578193665,0.6844900250434875,0.8158100247383118,0.7718667984008789
4,2831,0.03259535878896713,-0.11109122633934021,0.13607874512672424,0.42004096508026123,0.8999590277671814,0.4931230843067169,0.5206518769264221,0.49276116490364075,0.5217388272285461,0.43540000915527344,0.884630024433136,0.673282265663147
4,2832,0.33069804310798645,-0.01888042874634266,0.5187343955039978,0.8800085186958313,0.9799914360046387,0.4862355887889862,0.5137643814086914,0.4855111539363861,0.5144888162612915,0.8832100033760071,0.9767600297927856,0.9323639869689941
4,2833,0.297286719083786,-0.43772101402282715,0.22743411362171173,0.25004440546035767,0.769955575466156,0.4449688792228699,0.6239060759544373,0.4420725107192993,0.6304274201393127,0.2671299874782562,0.7537000179290771,0.5432347655296326
4,2834,0.2440744936466217,-0.050984494388103485,0.37810879945755005,0.6800221800804138,0.9399778246879578,0.5206677913665771,0.5344321727752686,0.521755576133728,0.5362443923950195,0.6886500120162964,0.9320499897003174,0.831156849861145
4,2835,0.2444658726453781,-0.021891972050070763,0.3949475586414337,0.7500384449958801,0.8499615788459778,0.5194032788276672,0.5242531299591064,0.5776130557060242,0.5970125794410706,0.7522900104522705,0.8501899838447571,0.8185432553291321
4,2836,0.2144002914428711,-0.32778528332710266,0.1057356521487236,0.17030757665634155,0.9696924090385437,0.49757546186447144,0.5072752237319946,0.49030187726020813,0.5291009545326233,0.18456999957561493,0.9554700255393982,0.5495830774307251
4,2837,0.0356610007584095,-0.0851932242512703,0.061676692217588425,0.5001614689826965,0.919838547706604,0.49757587909698486,0.512125551700592,0.49030354619026184,0.5485021471977234,0.5077300071716309,0.9124199748039246,0.7025750875473022
4,2838,0.14788319170475006,-0.23866604268550873,0.1051013320684433,0.28025373816490173,0.9397462606430054,0.49757546186447144,0.5072752237319946,0.49030187726020813,0.5291009545326233,0.29203000664711,0.9280200004577637,0.593532919883728
4,2839,0.5122296810150146,-0.9448856115341187,0.11719785630702972,0.36012303829193115,0.679876983165741,0.46120381355285645,0.5727511644363403,0.34481531381607056,0.7910046577453613,0.36625000834465027,0.6743299961090088,0.5250088572502136
4,2840,0.2908976674079895,-0.041323982179164886,0.4140496253967285,0.7600089907646179,0.9399909973144531,0.5,0.5,0.47999998927116394,0.5400000214576721,0.7664399743080139,0.9336699843406677,0.8526851534843445
4,2841,0.0469009093940258,-0.04619947820901871,0.10904303193092346,0.5100070238113403,0.6499930024147034,0.5,0.5,0.6499999761581421,0.6700000166893005,0.5163499712944031,0.7206299901008606,0.6502472758293152
4,2842,0.26057830452919006,-0.026128487661480904,0.3731487989425659,0.6900050044059753,0.789995014667511,0.5,0.5,0.5299999713897705,0.6299999952316284,0.6942399740219116,0.8117300271987915,0.7747098803520203
4,2843,0.27282601594924927,-0.36609816551208496,0.23747242987155914,0.09004505723714828,0.989954948425293,0.5,0.5,0.49000000953674316,0.5099999904632568,0.12172000110149384,0.9579899907112122,0.5314540863037109
4,2844,0.3685448169708252,-0.02491329051554203,0.5299872756004333,0.8600060343742371,0.979993999004364,0.5,0.5,0.5099999904632568,0.5099999904632568,0.8643199801445007,0.9758099913597107,0.9233394861221313
4,2845,0.04353595897555351,-0.10107601433992386,0.0454811193048954,0.47008585929870605,0.809999942779541,--,--,--,--,0.4734399914741516,0.8080899715423584,0.6548716425895691
4,2846,0.03150128945708275,-0.06691006571054459,0.07927083224058151,0.3500005900859833,0.9599856734275818,--,--,--,--,0.3792499899864197,0.9592599868774414,0.7949247360229492
4,2847,0.04353192448616028,-0.12120333313941956,0.09801390767097473,0.2800007164478302,0.9599993228912354,--,--,--,--,0.3106299936771393,0.9510300159454346,0.6705291271209717
4,2848,0.027160704135894775,-0.03184179216623306,0.05521399900317192,0.6200429201126099,0.8899999260902405,--,--,--,--,0.6218799948692322,0.887969970703125,0.7506811022758484
4,2849,0.08957976847887039,-0.1748257577419281,0.12013150006532669,0.17000076174736023,0.9099992513656616,--,--,--,--,0.20458999276161194,0.9004600048065186,0.6219342947006226
4,2850,0.07933654636144638,-0.1848549097776413,0.06733288615942001,0.5100002884864807,0.7699997425079346,0.48025110363960266,0.5990850925445557,0.4974399507045746,0.5128443837165833,0.5212500095367432,0.766569972038269,0.6526444554328918
4,2851,0.3625411093235016,-0.6836835741996765,0.0698872059583664,0.47000011801719666,0.5899998545646667,0.4308788776397705,0.8467978239059448,0.49103984236717224,0.5449552536010742,0.4768500030040741,0.6558899879455566,0.5755793452262878
4,2852,0.6151423454284668,-1.1326704025268555,0.07087606191635132,0.5100000500679016,0.5699999332427979,0.3713483512401581,0.7476559281349182,0.48332294821739197,0.5321035385131836,0.5134299993515015,0.6141600012779236,0.5597579479217529
4,2853,0.19280214607715607,-0.35243597626686096,0.1037084311246872,0.2700006663799286,0.9099993109703064,0.4405830204486847,0.5594170093536377,0.49229779839515686,0.5077022314071655,0.29635998606681824,0.9011899828910828,0.5890704989433289
4,2854,0.0448034331202507,-0.051918722689151764,0.07972722500562668,0.5500003099441528,0.8299996852874756,0.42083412408828735,0.6585021018981934,0.48973774909973145,0.520546555519104,0.5621600151062012,0.8262699842453003,0.7027540802955627
4,2855,0.05725667625665665,-0.0363411121070385,0.09898309409618378,0.5899999737739563,0.909995973110199,--,--,--,--,0.5899999737739563,0.9049400091171265,0.7495391964912415
4,2856,0.15022149682044983,-0.32451438903808594,0.17510072886943817,0.1599999964237213,0.8999999761581421,--,--,--,--,0.1599999964237213,0.8999999761581421,0.5329617261886597
4,2857,0.029936423525214195,-0.07291630655527115,0.102122463285923,0.3600190281867981,0.9900000095367432,--,--,--,--,0.37617000937461853,0.9900000095367432,0.676690399646759
4,2858,0.04656703397631645,-0.1283349245786667,0.15855000913143158,0.38002604246139526,0.8999999761581421,--,--,--,--,0.39906999468803406,0.8999999761581421,0.6615904569625854
4,2859,0.02765631675720215,-0.057702403515577316,0.0950000062584877,0.43001502752304077,0.9200000166893005,--,--,--,--,0.4429500102996826,0.9200000166893005,0.6905626058578491
4,2860,0.33427056670188904,-0.5105748176574707,0.10458822548389435,0.15012480318546295,0.8698751926422119,0.48020100593566895,0.5989949703216553,0.4971715807914734,0.5141421556472778,0.1528400033712387,0.8618699908256531,0.5060049295425415
4,2861,0.17307880520820618,-0.04421251267194748,0.32326215505599976,0.6200658679008484,0.9999341368675232,0.5,0.5,0.5,0.5,0.6214799880981445,0.9956799745559692,0.804007351398468
4,2862,0.2759963572025299,-0.42860254645347595,0.09784366190433502,0.22010746598243713,0.839892566204071,0.5395979881286621,0.6385929584503174,0.5056568384170532,0.519798994064331,0.22247999906539917,0.8330900073051453,0.5368396639823914
4,2863,0.046106982976198196,-0.09087042510509491,0.10542912036180496,0.4400866627693176,0.9399133324623108,0.5,0.519798994064331,0.5,0.5028284192085266,0.44196000695228577,0.9343299865722656,0.6839584112167358
4,2864,0.27246150374412537,-0.4420478641986847,0.06679023802280426,0.46003466844558716,0.6599653363227844,0.5494974851608276,0.8266833424568176,0.5070710778236389,0.546669065952301,0.46090999245643616,0.65802001953125,0.5919021964073181
4,2865,0.055501438677310944,-0.069159135222435,0.09084492921829224,0.6800000071525574,0.9399999976158142,--,--,--,--,0.6800000071525574,0.9399999976158142,0.7913681268692017
4,2866,0.1717139482498169,-0.3169722259044647,0.2114972621202469,0.14000000059604645,0.8999999761581421,--,--,--,--,0.14000000059604645,0.8999999761581421,0.5239517688751221
4,2867,0.033237818628549576,-0.08321671932935715,0.09813801199197769,0.45008665323257446,0.9499133229255676,--,--,--,--,0.4519299864768982,0.9440799951553345,0.6748755574226379
4,2868,0.14106343686580658,-0.2417173981666565,0.17954707145690918,0.18000000715255737,1.0,--,--,--,--,0.18000000715255737,1.0,0.5390013456344604
4,2869,0.050210703164339066,-0.09277767688035965,0.1014399528503418,0.5899999737739563,0.949999988079071,--,--,--,--,0.5899999737739563,0.949999988079071,0.7814458608627319
4,2870,0.039421629160642624,-0.14650514721870422,0.16351798176765442,0.2600110173225403,0.9599693417549133,--,--,--,--,0.2794399857521057,0.9531000256538391,0.6935545206069946
4,2871,0.0460452139377594,-0.14848192036151886,0.10123126208782196,0.3800522983074188,0.9599477052688599,--,--,--,--,0.3900499939918518,0.94964998960495,0.7480147480964661
4,2872,0.06357995420694351,-0.16000208258628845,0.11790559440851212,0.3200087547302246,0.9899405241012573,--,--,--,--,0.33491000533103943,0.9775000214576721,0.6247929930686951
4,2873,0.04455551505088806,-0.16241152584552765,0.18443329632282257,0.3000093996524811,0.8799905776977539,--,--,--,--,0.3168799877166748,0.8664199709892273,0.6932415962219238
4,2874,0.10255366563796997,-0.28348976373672485,0.19564862549304962,0.12001362442970276,0.9599863886833191,--,--,--,--,0.1429000049829483,0.9371100068092346,0.5909907817840576
4,2875,0.10837535560131073,-0.03265766054391861,0.28428250551223755,0.49000293016433716,0.6699970960617065,0.5655114054679871,0.6561918258666992,0.6123052835464478,0.7677574157714844,0.4959999918937683,0.7667800188064575,0.6558501720428467
4,2876,0.20919296145439148,-0.04887772351503372,0.3085595369338989,0.6700045466423035,0.9499954581260681,0.4848865866661072,0.5151134133338928,0.4740912914276123,0.5259087085723877,0.6775000095367432,0.9424399733543396,0.8220868110656738
4,2877,0.352577269077301,-0.00950686726719141,0.5471203923225403,0.8800009489059448,0.9399990439414978,0.48992621898651123,0.5302286148071289,0.4827306568622589,0.5518205165863037,0.8817200064659119,0.9385300278663635,0.9191514253616333
4,2878,0.10922308266162872,-0.13968434929847717,0.25594791769981384,0.3800058364868164,0.7399941682815552,0.6158912181854248,0.6259668469429016,0.6986706852912903,0.7159431576728821,0.3908900022506714,0.7555000185966492,0.6483588218688965
4,2879,0.15826627612113953,-0.26580312848091125,0.14812757074832916,0.4600032567977905,0.659996747970581,0.5251989960670471,0.5856526494026184,0.54319828748703,0.646833062171936,0.46595001220703125,0.6610100269317627,0.6027175784111023
4,2880,0.03205554932355881,-0.19017764925956726,0.14229688048362732,0.2503775358200073,0.9699991345405579,--,--,--,--,0.27445998787879944,0.9670199751853943,0.7745468020439148
4,2881,0.13019464910030365,-0.25474458932876587,0.12844842672348022,0.24000601470470428,0.9199939966201782,--,--,--,--,0.2504200041294098,0.9087200164794922,0.5849602222442627
4,2882,0.07517442852258682,-0.20093943178653717,0.18176232278347015,0.24044834077358246,0.9995516538619995,--,--,--,--,0.26488998532295227,0.9912499785423279,0.6004099249839783
4,2883,0.05775221064686775,-0.07679295539855957,0.12255818396806717,0.5900031924247742,0.949996829032898,--,--,--,--,0.5960000157356262,0.9445300102233887,0.8307369351387024
4,2884,0.04370389133691788,-0.12108584493398666,0.13871046900749207,0.43000370264053345,0.9097522497177124,--,--,--,--,0.4366599917411804,0.9050700068473816,0.6666411757469177
4,2885,0.04234275966882706,-0.13225604593753815,0.09954965114593506,0.40003952383995056,0.9099799394607544,--,--,--,--,0.40536999702453613,0.901889979839325,0.6544098258018494
4,2886,0.1469612419605255,-0.39024925231933594,0.13445192575454712,0.14005692303180695,0.8599430918693542,--,--,--,--,0.1478399932384491,0.8330399990081787,0.5616896152496338
4,2887,0.04755988344550133,-0.11447831243276596,0.10654473304748535,0.3900192379951477,0.8699807524681091,--,--,--,--,0.39375001192092896,0.8623800277709961,0.6331826448440552
4,2888,0.03469998016953468,-0.2085546851158142,0.11867386102676392,0.28005534410476685,0.9999791383743286,--,--,--,--,0.2876400053501129,0.9909300208091736,0.6915144324302673
4,2889,0.04813710227608681,-0.09015659242868423,0.1242440938949585,0.27002885937690735,0.9899711608886719,--,--,--,--,0.2761099934577942,0.9800999760627747,0.7355543375015259
4,2890,0.036254819482564926,-0.22976955771446228,0.10060065984725952,0.3200331926345825,0.849998414516449,--,--,--,--,0.3249100148677826,0.8475099802017212,0.7016558051109314
4,2891,0.14311948418617249,-0.35034894943237305,0.11909449845552444,0.28003478050231934,0.7499879598617554,--,--,--,--,0.28485000133514404,0.7445499897003174,0.5564271807670593
4,2892,0.09164527803659439,-0.016073253005743027,0.1570751965045929,0.8200055956840515,0.9599984288215637,--,--,--,--,0.8212199807167053,0.9586700201034546,0.9153516292572021
4,2893,0.21290870010852814,-0.39035916328430176,0.13876385986804962,0.0700695663690567,0.9499304294586182,--,--,--,--,0.07942400127649307,0.9147300124168396,0.5135331749916077
4,2894,0.029042033478617668,-0.10219304263591766,0.09095358848571777,0.4500192403793335,0.9299807548522949,--,--,--,--,0.45361998677253723,0.9221900105476379,0.6762832999229431
4,2895,0.3470472991466522,-0.45576056838035583,0.12174901366233826,0.13005849719047546,0.8699414730072021,0.43715131282806396,0.580807089805603,0.4691918194293976,0.5396113395690918,0.1379300057888031,0.8419899940490723,0.5196812152862549
4,2896,0.28223156929016113,-0.39962106943130493,0.11541473120450974,0.15005849301815033,0.8899415135383606,0.5089799165725708,0.5269368886947632,0.5044019222259521,0.5132043361663818,0.15793000161647797,0.8621299862861633,0.5424532890319824
4,2897,0.2208046168088913,-0.05019697546958923,0.3319838345050812,0.6900174021720886,0.9099826216697693,0.5179591178894043,0.5359160900115967,0.5088034868240356,0.5176059603691101,0.6923900246620178,0.9019399881362915,0.8178340196609497
4,2898,0.31151682138442993,-0.012920578941702843,0.48318514227867126,0.8400063514709473,0.9199936985969543,0.5000014305114746,0.5359153747558594,0.5000007152557373,0.5176056027412415,0.8408799767494202,0.917140007019043,0.891053318977356
4,2899,0.09813226759433746,-0.29226022958755493,0.09116584062576294,0.450018972158432,0.6899810433387756,0.46409323811531067,0.7154908776283264,0.48239865899086,0.6056327819824219,0.4526900053024292,0.7043799757957458,0.6234649419784546
4,2900,0.05954752489924431,-0.06045081093907356,0.14037050306797028,0.5,0.9099724292755127,--,--,--,--,0.5080000162124634,0.9024999737739563,0.6869045495986938
4,2901,0.15138590335845947,-0.3269389569759369,0.08952242136001587,0.20005053281784058,0.9599999785423279,--,--,--,--,0.20272000133991241,0.9455100297927856,0.6858460307121277
4,2902,0.16876234114170074,-0.3696817457675934,0.18204878270626068,0.38002297282218933,0.6799770593643188,--,--,--,--,0.3811199963092804,0.6741600036621094,0.5373508334159851
4,2903,0.05328182503581047,-0.01894197054207325,0.12038233876228333,0.699999988079071,0.849993884563446,--,--,--,--,0.7030799984931946,0.8481600284576416,0.7822567224502563
4,2904,0.07173027843236923,-0.09208863228559494,0.2034585326910019,0.20000006258487701,0.9199815988540649,--,--,--,--,0.2170799970626831,0.9138399958610535,0.6683775186538696
4,2905,0.132232666015625,-0.24614112079143524,0.18940132856369019,0.3705051839351654,0.829494833946228,0.382399320602417,0.6344242691993713,0.42439955472946167,0.5864155888557434,0.37408000230789185,0.8182399868965149,0.6230739951133728
4,2906,0.7552497982978821,-1.239861011505127,0.20978666841983795,0.4302196502685547,0.6297803521156311,0.31519263982772827,0.7016308903694153,0.3811952769756317,0.6296198964118958,0.43178001046180725,0.6249200105667114,0.547768771648407
4,2907,0.1463806927204132,-0.1501460075378418,0.29166847467422485,0.4503733813762665,0.7896265983581543,0.5757608413696289,0.6597691178321838,0.5487033724784851,0.6027087569236755,0.45311999320983887,0.7912999987602234,0.7094804644584656
4,2908,0.09268937259912491,-0.20850226283073425,0.21143114566802979,0.28068089485168457,0.8993191123008728,0.5336580872535706,0.5504597425460815,0.5216373205184937,0.5324383974075317,0.2855199873447418,0.8842399716377258,0.636173665523529
4,2909,0.04831640422344208,-0.1529577225446701,0.13099724054336548,0.4902416169643402,0.7097584009170532,0.441281795501709,0.6933067440986633,0.46225258708000183,0.624268651008606,0.4920099973678589,0.7200599908828735,0.6552492380142212
4,2910,0.07521934062242508,-0.10266948491334915,0.12280460447072983,0.5301952958106995,0.8298046588897705,0.5493038892745972,0.5886257886886597,0.5085746049880981,0.5154131650924683,0.5367699861526489,0.8236600160598755,0.6930844783782959
4,2911,0.39342430233955383,-0.014886483550071716,0.5696069598197937,0.8900390863418579,0.9499609470367432,0.4803606867790222,0.539343535900116,0.4965844750404358,0.5068423748016357,0.8913499712944031,0.9487299919128418,0.9212648868560791
4,2912,0.04298754408955574,-0.1161830872297287,0.13765059411525726,0.49015626311302185,0.7298437356948853,0.47074660658836365,0.7459999918937683,0.49491244554519653,0.5427826046943665,0.49549999833106995,0.7249900102615356,0.6380068063735962
4,2913,0.10582979768514633,-0.07620906829833984,0.16750939190387726,0.61014324426651,0.8298567533493042,0.3427123427391052,0.6572876572608948,0.47264564037323,0.52735435962677,0.6148899793624878,0.8252900242805481,0.7125260829925537
4,2914,0.2727758586406708,-0.3521793484687805,0.227299302816391,0.1105729192495346,0.9894270896911621,0.4901695251464844,0.5098304748535156,0.49829035997390747,0.5017096400260925,0.12953999638557434,0.9711700081825256,0.5210529565811157
4,2915,0.15940997004508972,-0.02573545090854168,0.2964429259300232,0.5600199103355408,0.8199800848960876,0.52635258436203,0.5702736377716064,0.5539030432701111,0.6437414884567261,0.5609599947929382,0.8156200051307678,0.710520327091217
4,2916,0.14918042719364166,-0.04013656824827194,0.30387964844703674,0.5200321674346924,0.9399678707122803,0.5175684094429016,0.52635258436203,0.5359354019165039,0.5539030432701111,0.5214899778366089,0.9325299859046936,0.7389176487922668
4,2917,0.055533044040203094,-0.06165360286831856,0.17557325959205627,0.5700015425682068,0.5899984836578369,0.5395289063453674,0.6449393630027771,0.580854594707489,0.7964668273925781,0.570169985294342,0.6864100098609924,0.6198614835739136
4,2918,0.40932878851890564,-0.7614293694496155,0.10231905430555344,0.33002910017967224,0.7099708914756775,0.4780395030975342,0.530744731426239,0.4550808072090149,0.5628868937492371,0.3313399851322174,0.7030799984931946,0.5220094323158264
4,2919,0.3691520094871521,-0.010550372302532196,0.5916345119476318,0.9400045871734619,0.9999954104423523,0.5,0.5,0.5,0.5,0.9402099847793579,0.9989100098609924,0.9699409008026123
4,2920,0.11499419063329697,-0.018214058130979538,0.26628828048706055,0.6600018739700317,0.6799981594085693,0.4314614236354828,0.6921308040618896,0.427429735660553,0.7034326195716858,0.6614800095558167,0.7576500177383423,0.6977017521858215
4,2921,0.22719897329807281,-0.3763573169708252,0.06284939497709274,0.33004462718963623,0.809955358505249,0.37652501463890076,0.6234750151634216,0.369261771440506,0.6307381987571716,0.3442400097846985,0.8045300245285034,0.5706501603126526
4,2922,0.323504239320755,-0.5395463705062866,0.05858343094587326,0.4500204622745514,0.6699795722961426,0.5068792700767517,0.5343181490898132,0.5072839260101318,0.5363368391990662,0.45671001076698303,0.6675699949264526,0.5688228607177734
4,2923,0.03464923053979874,-0.11247534304857254,0.06659195572137833,0.390053927898407,0.9699460864067078,0.4931468069553375,0.5205856561660767,0.49274367094039917,0.5217965841293335,0.4070900082588196,0.9634400010108948,0.682624340057373
4,2924,0.09794433414936066,-0.15962764620780945,0.06650815159082413,0.390042781829834,0.8499572277069092,0.41768985986709595,0.5960426330566406,0.4128480851650238,0.6016921997070312,0.40369001030921936,0.8447800278663635,0.6233416795730591
4,2925,0.05066846311092377,-0.09496953338384628,0.02925887517631054,0.48010265827178955,0.7699921727180481,--,--,--,--,0.48019999265670776,0.7661899924278259,0.6464091539382935
4,2926,0.12847988307476044,-0.011961794458329678,0.191161647439003,0.710015594959259,0.9799266457557678,--,--,--,--,0.7119399905204773,0.9798600077629089,0.8430849313735962
4,2927,0.05877598002552986,-0.04691018909215927,0.07717878371477127,0.6300195455551147,0.72998046875,--,--,--,--,0.631600022315979,0.72639000415802,0.6902029514312744
4,2928,0.11692927032709122,-0.29502424597740173,0.13768109679222107,0.1505279690027237,0.8694720268249512,--,--,--,--,0.15101000666618347,0.8689900040626526,0.6644167900085449
4,2929,0.17263510823249817,-0.32715100049972534,0.15219515562057495,0.41005077958106995,0.6699492335319519,--,--,--,--,0.4142000079154968,0.6606500148773193,0.5706802010536194
4,2930,0.09441690146923065,-0.2200605869293213,0.1357608586549759,0.1606159657239914,0.9993840456008911,--,--,--,--,0.16118000447750092,0.9988200068473816,0.6329452991485596
4,2931,0.06054433807730675,-0.2063790112733841,0.17161819338798523,0.20012889802455902,0.8698239922523499,--,--,--,--,0.2109300047159195,0.8696600198745728,0.6429319381713867
4,2932,0.030516957864165306,-0.12349721044301987,0.11542250961065292,0.40041065216064453,0.9595893621444702,--,--,--,--,0.40077999234199524,0.9592199921607971,0.6751896739006042
4,2933,0.06397896260023117,-0.05125558003783226,0.10355526208877563,0.6202053427696228,0.8997946977615356,--,--,--,--,0.620389997959137,0.8996099829673767,0.7454171180725098
4,2934,0.1338547319173813,-0.22040851414203644,0.1348586082458496,0.2804253101348877,0.9298789501190186,--,--,--,--,0.28080999851226807,0.9053900241851807,0.5932466983795166
4,2935,0.035283412784338,-0.12366382032632828,0.0717492401599884,0.3400576412677765,0.9599423408508301,--,--,--,--,0.3591800034046173,0.953029990196228,0.6712019443511963
4,2936,0.045935213565826416,-0.05953993648290634,0.08132326602935791,0.5800185799598694,0.9098766446113586,--,--,--,--,0.5878199934959412,0.9034299850463867,0.7300460338592529
4,2937,0.03236641734838486,-0.08099041879177094,0.06073543056845665,0.46001672744750977,0.9598292112350464,--,--,--,--,0.4691700041294098,0.9501500129699707,0.6646825075149536
4,2938,0.05232556536793709,-0.14388442039489746,0.07119495421648026,0.41003718972206116,0.809962809085846,--,--,--,--,0.42142999172210693,0.8052200078964233,0.5858611464500427
4,2939,0.045432038605213165,-0.12467316538095474,0.10893931239843369,0.40023717284202576,0.8997628092765808,--,--,--,--,0.40931999683380127,0.8882899880409241,0.5898106098175049
4,2940,0.43706533312797546,-0.7036433219909668,0.07476633042097092,0.3300269544124603,0.7099730372428894,0.480591356754303,0.5249594449996948,0.4328162670135498,0.5863980054855347,0.33125999569892883,0.7041900157928467,0.521216630935669
4,2941,0.203947052359581,-0.052624087780714035,0.34596744179725647,0.6700156331062317,0.8899843692779541,0.5055603384971619,0.5277444124221802,0.5192474126815796,0.596038281917572,0.670740008354187,0.8868700265884399,0.7941190004348755
4,2942,0.02579079195857048,-0.049443747848272324,0.04779805243015289,0.5200113654136658,0.6799886226654053,0.5388651490211487,0.5610491633415222,0.6345331072807312,0.7113239765167236,0.5205699801445007,0.701229989528656,0.6439589262008667
4,2943,0.22625595331192017,-0.04669856280088425,0.375072717666626,0.7300142049789429,0.9299858212471008,0.4972293972969055,0.5083214044570923,0.4904094338417053,0.5288048386573792,0.7306600213050842,0.9269700050354004,0.8318549394607544
4,2944,0.06226777657866478,-0.13901667296886444,0.06901395320892334,0.3300454020500183,0.9699546098709106,0.500002384185791,0.5055484175682068,0.5000082850456238,0.5192059874534607,0.33212000131607056,0.9602500200271606,0.6506040096282959
4,2945,0.03558161109685898,-0.07704471051692963,0.1065707802772522,0.5301034450531006,0.7699857950210571,--,--,--,--,0.5374100208282471,0.7664700150489807,0.6606810092926025
4,2946,0.05271604284644127,-0.15805497765541077,0.07152694463729858,0.36003831028938293,0.8999617099761963,--,--,--,--,0.36177998781204224,0.8912799954414368,0.6119096279144287
4,2947,0.03276267647743225,-0.09989827871322632,0.1238650530576706,0.4601293206214905,0.759870707988739,--,--,--,--,0.4689500033855438,0.750029981136322,0.6205289363861084
4,2948,0.05992155894637108,-0.0409700982272625,0.10514609515666962,0.6100000143051147,0.9199872016906738,--,--,--,--,0.6121199727058411,0.9160400032997131,0.728038489818573
4,2949,0.07677233219146729,-0.19430626928806305,0.12538982927799225,0.2500482499599457,0.9299517273902893,--,--,--,--,0.2523699998855591,0.9211400151252747,0.6927286386489868
4,2950,0.23137018084526062,-0.4685877561569214,0.2030767798423767,0.19030171632766724,0.8896982669830322,0.5134984254837036,0.5134984254837036,0.5376535654067993,0.5376535654067993,0.21003000438213348,0.8672500252723694,0.5547089576721191
4,2951,0.17883020639419556,-0.034207385033369064,0.2885720431804657,0.6800603270530701,0.8199396729469299,0.50674968957901,0.5134979486465454,0.5188281536102295,0.5376522541046143,0.6841999888420105,0.8156499862670898,0.7605273127555847
4,2952,0.06963272392749786,-0.12613913416862488,0.16077138483524323,0.4401034414768219,0.6798965334892273,0.5641181468963623,0.5708664059638977,0.678855836391449,0.6976799368858337,0.44839999079704285,0.7081999778747559,0.6289945840835571
4,2953,0.28942206501960754,-0.5564469695091248,0.23417790234088898,0.21024999022483826,0.7897499799728394,0.5269988179206848,0.5539919137954712,0.5753124952316284,0.6506089568138123,0.22734999656677246,0.7719299793243408,0.5421372652053833
4,2954,0.11064168810844421,-0.04784107208251953,0.16959163546562195,0.6400775909423828,0.8199223875999451,0.4865034520626068,0.5134965181350708,0.4623517692089081,0.5376482605934143,0.645110011100769,0.8140100240707397,0.730402946472168
4,2955,0.13328886032104492,-0.31201183795928955,0.04421801120042801,0.48000356554985046,0.6599209904670715,--,--,--,--,0.4814800024032593,0.6587499976158142,0.5670344829559326
4,2956,0.11746774613857269,-0.1975170224905014,0.161707803606987,0.3200480341911316,0.8599519729614258,--,--,--,--,0.3321300148963928,0.8504300117492676,0.5572553873062134
4,2957,0.04791490361094475,-0.13638049364089966,0.11811556667089462,0.2307901680469513,0.9099768400192261,--,--,--,--,0.2604199945926666,0.904449999332428,0.6537288427352905
4,2958,0.05772755295038223,-0.046152446419000626,0.0874096155166626,0.4703950881958008,0.9699875712394714,--,--,--,--,0.4864400029182434,0.9664000272750854,0.7570986747741699
4,2959,0.032399751245975494,-0.10482864081859589,0.12922774255275726,0.5000302195549011,0.8399697542190552,--,--,--,--,0.5079399943351746,0.8342599868774414,0.6846433877944946
4,2960,0.03763831406831741,-0.1006440743803978,0.08962013572454453,0.43000659346580505,0.979821503162384,--,--,--,--,0.44282999634742737,0.9708600044250488,0.6546447277069092
4,2961,0.049901846796274185,-0.09316603094339371,0.06896677613258362,0.5200071334838867,0.789993941783905,--,--,--,--,0.5212000012397766,0.7820199728012085,0.5915868878364563
4,2962,0.07471337169408798,-0.06421797722578049,0.1434895098209381,0.5600075721740723,0.8599923849105835,--,--,--,--,0.5724599957466125,0.8529899716377258,0.7596253752708435
4,2963,0.04119138792157173,-0.13499480485916138,0.20498165488243103,0.19001923501491547,0.9499807357788086,--,--,--,--,0.22080999612808228,0.9319900274276733,0.6744459867477417
4,2964,0.058384545147418976,-0.17836742103099823,0.08339239656925201,0.3901856541633606,0.9098143577575684,--,--,--,--,0.396589994430542,0.9020699858665466,0.6858817338943481
4,2965,0.057434823364019394,-0.16378162801265717,0.041115980595350266,0.5900428295135498,0.7099571824073792,0.4797300100326538,0.5540564656257629,0.4435335695743561,0.6505858898162842,0.5915499925613403,0.7081800103187561,0.6596677899360657
4,2966,0.30752092599868774,-0.44947996735572815,0.05768319591879845,0.16025705635547638,0.8797429203987122,0.5236508846282959,0.5371648073196411,0.5658845901489258,0.6035304665565491,0.16851000487804413,0.8686500191688538,0.5317909717559814
4,2967,1.2672597169876099,-2.1371121406555176,0.0583551824092865,0.42005711793899536,0.5799428820610046,0.489865243434906,0.5371639132499695,0.47176748514175415,0.6035280823707581,0.421970009803772,0.5775200128555298,0.5070030689239502
4,2968,0.3437516689300537,-0.5238633155822754,0.06378509849309921,0.020342737436294556,0.9796572327613831,0.5033786296844482,0.5033786296844482,0.5094119310379028,0.5094119310379028,0.031008999794721603,0.9645599722862244,0.4902593791484833
4,2969,0.22121450304985046,-0.35456860065460205,0.0786760225892067,0.33017849922180176,0.8298214673995972,0.45270150899887085,0.5540558099746704,0.3682399094104767,0.6505839824676514,0.3357900083065033,0.8219199776649475,0.5754309892654419
4,2970,0.0635765939950943,-0.08170929551124573,0.12049118429422379,0.3100000023841858,0.9599983096122742,--,--,--,--,0.3109000027179718,0.9577199816703796,0.7511612176895142
4,2971,0.03856594115495682,-0.11345616728067398,0.14064429700374603,0.28999999165534973,0.9299862384796143,--,--,--,--,0.29107001423835754,0.9250100255012512,0.7068935632705688
4,2972,0.046808768063783646,-0.10872460156679153,0.10982518643140793,0.49000000953674316,0.8700000047683716,--,--,--,--,0.49081000685691833,0.869189977645874,0.7117152214050293
4,2973,0.1142142191529274,-0.20077049732208252,0.20574937760829926,0.10999999940395355,0.9300000071525574,--,--,--,--,0.11174999922513962,0.9282500147819519,0.590911328792572
4,2974,0.04716220870614052,-0.16513369977474213,0.10061099380254745,0.2500549852848053,0.9399999976158142,--,--,--,--,0.2645399868488312,0.939490020275116,0.6884889602661133
4,2975,0.08176080137491226,-0.1505771279335022,0.1690918356180191,0.24001772701740265,0.9399822950363159,--,--,--,--,0.26458001136779785,0.9205999970436096,0.5497407913208008
4,2976,0.1293686181306839,-0.2332460582256317,0.22412684559822083,0.17001670598983765,0.8299832940101624,--,--,--,--,0.1952899992465973,0.8126800060272217,0.5268582701683044
4,2977,0.10328860580921173,-0.015120315365493298,0.17055970430374146,0.6300050616264343,0.9899928569793701,--,--,--,--,0.6411499977111816,0.9891499876976013,0.8688415288925171
4,2978,0.0491250641644001,-0.08280350267887115,0.1556435227394104,0.28001418709754944,0.9599214792251587,--,--,--,--,0.3051699995994568,0.9545000195503235,0.7206036448478699
4,2979,0.06133199855685234,-0.16930894553661346,0.23240932822227478,0.07002278417348862,0.9699772000312805,--,--,--,--,0.1055700033903122,0.948390007019043,0.6184844374656677
4,2980,0.03157903626561165,-0.11285624653100967,0.08660700917243958,0.4900220036506653,0.8699780106544495,--,--,--,--,0.5054399967193604,0.861050009727478,0.6706158518791199
4,2981,0.03900797665119171,-0.1286657452583313,0.09337049722671509,0.46002432703971863,0.8799756765365601,--,--,--,--,0.4770599901676178,0.8701599836349487,0.6608467102050781
4,2982,0.14261606335639954,-0.33102771639823914,0.17758943140506744,0.1900370568037033,0.829962968826294,--,--,--,--,0.2174299955368042,0.8159599900245667,0.5623344779014587
4,2983,0.02242150343954563,-0.1082090511918068,0.05741194263100624,0.5200867056846619,0.7899953722953796,--,--,--,--,0.5203400254249573,0.7873799800872803,0.6992256045341492
4,2984,0.036852627992630005,-0.10497456043958664,0.1460777372121811,0.32020682096481323,0.9397931694984436,--,--,--,--,0.3208099901676178,0.9391899704933167,0.6579135060310364
4,2985,0.20850761234760284,-0.3349655568599701,0.12574374675750732,0.3801818788051605,0.7798181176185608,0.3434170186519623,0.6565829515457153,0.46810346841812134,0.5318965315818787,0.3869599997997284,0.7776299715042114,0.5806078314781189
4,2986,0.03583862632513046,-0.11532703042030334,0.11886697262525558,0.3402819335460663,0.9597180485725403,0.5098111033439636,0.5293839573860168,0.5019985437393188,0.5059856176376343,0.3508099913597107,0.9563699960708618,0.660431444644928
4,2987,0.26048561930656433,-0.004951957147568464,0.410584956407547,0.7200090885162354,0.7399908900260925,0.5294949412345886,0.686077892780304,0.5060082077980042,0.5379047393798828,0.7207900285720825,0.8428500294685364,0.7828982472419739
4,2988,0.16821540892124176,-0.04038313031196594,0.31190410256385803,0.4700636565685272,0.6099363565444946,0.7646036744117737,0.8233222961425781,0.5539007186889648,0.5658619403839111,0.47360000014305115,0.8061800003051758,0.6842890977859497
4,2989,0.17365959286689758,-0.24332761764526367,0.154103621840477,0.15037287771701813,0.9696271419525146,0.5098111033439636,0.5293839573860168,0.5019985437393188,0.5059856176376343,0.16426999866962433,0.9651899933815002,0.5706958770751953
4,2990,0.21304963529109955,-0.005997051484882832,0.3565562963485718,0.7100251913070679,0.7499748468399048,0.6267759203910828,0.7241731286048889,0.5289773344993591,0.551239550113678,0.710640013217926,0.8339700102806091,0.7722272276878357
4,2991,0.2841157019138336,-0.39228302240371704,0.12543189525604248,0.22039006650447845,0.8396099209785461,0.5487784147262573,0.6266961693763733,0.5111493468284607,0.5289590954780579,0.22551999986171722,0.8333200216293335,0.5482903122901917
4,2992,0.1794033795595169,-0.04073118418455124,0.2657560706138611,0.660176157951355,0.9398238658905029,0.4805382788181305,0.5584560632705688,0.49555161595344543,0.513361394405365,0.6624600291252136,0.9369699954986572,0.8034037947654724
4,2993,0.03572623431682587,-0.08857087045907974,0.09440407156944275,0.5101887583732605,0.8098112344741821,0.37341025471687317,0.6850812435150146,0.4710651934146881,0.542304277420044,0.512660026550293,0.8067600131034851,0.6657025218009949
4,2994,0.29547202587127686,-0.4162280261516571,0.12112253904342651,0.2303900569677353,0.849609911441803,0.4123602509498596,0.6266340613365173,0.4799680709838867,0.5289449095726013,0.23541000485420227,0.843280017375946,0.5418230891227722
4,2995,0.021633081138134003,-0.0719681903719902,0.07401680201292038,0.5700023174285889,0.9198999404907227,--,--,--,--,0.5727199912071228,0.9196100234985352,0.6796654462814331
4,2996,0.04133640602231026,-0.17629855871200562,0.15371321141719818,0.2100440114736557,0.9699559807777405,--,--,--,--,0.24389000236988068,0.9540200233459473,0.7080441117286682
4,2997,0.06900998204946518,-0.024135636165738106,0.12024148553609848,0.7000333666801453,0.800000011920929,--,--,--,--,0.7001299858093262,0.7998700141906738,0.7745440602302551
4,2998,0.04389604553580284,-0.13963818550109863,0.09226951003074646,0.3901401162147522,0.8699803352355957,--,--,--,--,0.39054998755455017,0.8613700270652771,0.6497852802276611
4,2999,0.08693307638168335,-0.16912458837032318,0.16533368825912476,0.19026018679141998,0.9697397947311401,--,--,--,--,0.19101999700069427,0.9689800143241882,0.5630457401275635
4,3000,0.07728884369134903,-0.17731858789920807,0.05499483644962311,0.3500300347805023,0.9499699473381042,0.49514955282211304,0.504850447177887,0.48059818148612976,0.5194018483161926,0.3550100028514862,0.944920003414154,0.6339978575706482
4,3001,0.2578323781490326,-0.43383991718292236,0.059283677488565445,0.3900180160999298,0.7499819993972778,0.4611968696117401,0.5582060217857361,0.3447874188423157,0.7328239679336548,0.3930799961090088,0.7469900250434875,0.5698632597923279
4,3002,0.2622646689414978,-0.03850875794887543,0.4370626211166382,0.8100060224533081,0.9299939870834351,0.49514955282211304,0.504850447177887,0.48059818148612976,0.5194018483161926,0.8109999895095825,0.9289799928665161,0.8667162656784058
4,3003,0.36183837056159973,-0.5084814429283142,0.09012192487716675,0.10004004836082458,0.899959921836853,0.49514979124069214,0.5145516395568848,0.48059919476509094,0.5582064986228943,0.10672000050544739,0.8932499885559082,0.48381561040878296
4,3004,0.06570973992347717,-0.15843205153942108,0.05768955871462822,0.410023033618927,0.8699769973754883,0.4927246868610382,0.5218274593353271,0.4708988070487976,0.5873097777366638,0.41389000415802,0.8661400079727173,0.635331392288208
4,3005,0.038826264441013336,-0.1393563151359558,0.17061182856559753,0.36063045263290405,0.839369535446167,--,--,--,--,0.37231001257896423,0.8292999863624573,0.6898656487464905
4,3006,0.04067813977599144,-0.15392392873764038,0.17475658655166626,0.3007880449295044,0.8992119431495667,--,--,--,--,0.31505998969078064,0.8858399987220764,0.6561883687973022
4,3007,0.06307833641767502,-0.1368429809808731,0.15798412263393402,0.36057791113853455,0.8199858069419861,--,--,--,--,0.3711499869823456,0.814740002155304,0.6196364760398865
4,3008,0.050680581480264664,-0.0879572406411171,0.12865960597991943,0.3505253791809082,0.8999933004379272,--,--,--,--,0.360260009765625,0.8966699838638306,0.7019476294517517
4,3009,0.09517678618431091,-0.024698739871382713,0.16571156680583954,0.7101576328277588,0.9199933409690857,--,--,--,--,0.7130799889564514,0.9174299836158752,0.8096209168434143
4,3010,0.2134360373020172,-0.0701618641614914,0.3050069808959961,0.6500084400177002,0.9699915647506714,0.5000005960464478,0.5116241574287415,0.5000008344650269,0.5162738561630249,0.6634200215339661,0.9557399749755859,0.8205776214599609
4,3011,0.05733450502157211,-0.15418364107608795,0.1983015388250351,0.3300131857395172,0.8299868106842041,0.5348760485649109,0.5697468519210815,0.5488264560699463,0.5976455807685852,0.35168999433517456,0.8085200190544128,0.6313262581825256
4,3012,0.12870486080646515,-0.21406503021717072,0.17612998187541962,0.38001108169555664,0.7999889254570007,0.47094273567199707,0.5639315247535706,0.4593198299407959,0.5895041823387146,0.3978100121021271,0.781440019607544,0.6127098202705383
4,3013,0.37211790680885315,0.0,0.5744453072547913,0.8600000143051147,0.8600000143051147,0.5523120164871216,0.5639356374740601,0.5732368230819702,0.5895098447799683,0.8609200119972229,0.9582200050354004,0.9066513776779175
4,3014,0.06941498070955276,-0.0864870473742485,0.23416966199874878,0.43000686168670654,0.689993143081665,0.5116329193115234,0.6743633151054382,0.5162860751152039,0.7441086173057556,0.44242000579833984,0.7450600266456604,0.641154408454895
4,3015,0.09603716433048248,-0.08952954411506653,0.134587824344635,0.5704728364944458,0.9295271635055542,0.48071590065956116,0.5385706424713135,0.49470633268356323,0.5105879902839661,0.5784100294113159,0.9210900068283081,0.748750627040863
4,3016,0.12721434235572815,-0.24071146547794342,0.202474445104599,0.3305516242980957,0.7494483590126038,0.673578679561615,0.673578679561615,0.547649085521698,0.547649085521698,0.34077000617980957,0.7407199740409851,0.6193751096725464
4,3017,0.15261328220367432,-0.06632821261882782,0.21024641394615173,0.6202889680862427,0.83971107006073,0.5385738611221313,0.5578587651252747,0.5105888843536377,0.5158827900886536,0.6254199743270874,0.834850013256073,0.7503001093864441
4,3018,0.3071032166481018,-0.45605936646461487,0.1831846535205841,0.3405516445636749,0.7594483494758606,0.4807199239730835,0.6349992156028748,0.4947074353694916,0.5370585918426514,0.3501400053501129,0.7499099969863892,0.5709553956985474
4,3019,0.11389348655939102,-0.2699950635433197,0.08288339525461197,0.5000525116920471,0.5399474501609802,0.5096593499183655,0.895357608795166,0.502651572227478,0.6085295677185059,0.5010300278663635,0.7191100120544434,0.616694986820221
4,3020,0.24647413194179535,0.0,0.48495349287986755,0.6800063848495483,0.6999936103820801,0.576927900314331,0.7475146055221558,0.5469072461128235,0.6509235501289368,0.6808500289916992,0.8865100145339966,0.7698104381561279
4,3021,0.20964603126049042,-0.029474783688783646,0.30235427618026733,0.6700703501701355,0.8899296522140503,0.49148792028427124,0.5426639318466187,0.49480971693992615,0.5260145664215088,0.6752499938011169,0.8883399963378906,0.7960317134857178
4,3022,0.21432717144489288,-0.08706723898649216,0.4105783998966217,0.48009592294692993,0.7799040675163269,0.6792972087860107,0.6792972087860107,0.6093275547027588,0.6093275547027588,0.48798999190330505,0.8301299810409546,0.7253906726837158
4,3023,0.1359165906906128,-0.09903734922409058,0.19819846749305725,0.5101215243339539,0.889878511428833,0.5426984429359436,0.5597571134567261,0.5260356068611145,0.5364372730255127,0.5191699862480164,0.887179970741272,0.737252950668335
4,3024,0.3158261477947235,0.0,0.5031641721725464,0.8300064206123352,0.8499935865402222,0.5000431537628174,0.5853365063667297,0.500026285648346,0.5520344376564026,0.8307099938392639,0.8974900245666504,0.8619405627250671
4,3025,0.2832433879375458,-0.45626989006996155,0.10968772321939468,0.4100099503993988,0.7099900245666504,0.5483385920524597,0.5621375441551208,0.5506404042243958,0.5650964975357056,0.4120599925518036,0.708050012588501,0.5794618725776672
4,3026,0.2270464301109314,-0.343468576669693,0.11346559226512909,0.3500145971775055,0.7899854183197021,0.5276190042495728,0.5276190042495728,0.5289342403411865,0.5289342403411865,0.35295000672340393,0.787060022354126,0.5834404826164246
4,3027,0.20694154500961304,-0.023852666839957237,0.38096776604652405,0.7500013113021851,0.7899986505508423,0.5345553755760193,0.6173492670059204,0.5362008810043335,0.6229373216629028,0.7503600120544434,0.8309199810028076,0.792047917842865
4,3028,0.3464468717575073,-0.5034587979316711,0.14859554171562195,0.2800152599811554,0.7399847507476807,0.5276716947555542,0.6656615138053894,0.5289893746376038,0.6735501885414124,0.28317001461982727,0.7370200157165527,0.5433349609375
4,3029,0.16298353672027588,-0.03481917455792427,0.3296823501586914,0.7000020146369934,0.7599980235099792,0.527661144733429,0.6380529999732971,0.5289783477783203,0.6446269750595093,0.7005000114440918,0.7980200052261353,0.7542812824249268
4,3030,0.041995201259851456,-0.1780748814344406,0.1483706682920456,0.2402174323797226,0.9399191737174988,--,--,--,--,0.2573699951171875,0.9386600255966187,0.7294631600379944
4,3031,0.06455913186073303,-0.16109499335289001,0.13748303055763245,0.38015156984329224,0.9698145389556885,--,--,--,--,0.38697999715805054,0.9648600220680237,0.6011483669281006
4,3032,0.04421543702483177,-0.0751945823431015,0.10500876605510712,0.5800319910049438,0.979797899723053,--,--,--,--,0.5832399725914001,0.9774699807167053,0.7077690958976746
4,3033,0.1651846170425415,-0.3727281987667084,0.1787436604499817,0.24017906188964844,0.8197271823883057,--,--,--,--,0.25314000248908997,0.8167999982833862,0.5351391434669495
4,3034,0.0917867124080658,-0.07736501097679138,0.17556443810462952,0.48015350103378296,0.9999797940254211,--,--,--,--,0.49261999130249023,0.9994000196456909,0.8588086366653442
4,3035,0.2026960253715515,-0.39852529764175415,0.12488976866006851,0.3701372742652893,0.7298627495765686,0.5965016484260559,0.612584114074707,0.5713273286819458,0.5832143425941467,0.3767299950122833,0.7150099873542786,0.6195052862167358
4,3036,0.43036001920700073,-0.6537964344024658,0.1287914663553238,0.15028217434883118,0.8897178173065186,0.4919593036174774,0.5241242051124573,0.4940568804740906,0.5178309679031372,0.1626099944114685,0.8555499911308289,0.51902174949646
4,3037,0.06372365355491638,-0.059723302721977234,0.10383209586143494,0.5800839066505432,0.7999160885810852,0.4597965180873871,0.6206210851669312,0.4702844023704529,0.5891547203063965,0.5839899778366089,0.7903599739074707,0.7151516675949097
4,3038,0.03801240772008896,-0.1257437765598297,0.10452357679605484,0.4501143991947174,0.749885618686676,0.5643367767333984,0.6447490453720093,0.5475532412528992,0.6069884300231934,0.4557200074195862,0.7377899885177612,0.6696585416793823
4,3039,0.09636574983596802,-0.07061794400215149,0.16216593980789185,0.5501525402069092,0.9498474597930908,0.5160835385322571,0.5160835385322571,0.5118878483772278,0.5118878483772278,0.556879997253418,0.9315900206565857,0.7577320337295532
4,3040,0.07432528585195541,-0.14203760027885437,0.09465719014406204,0.2000127136707306,0.9797702431678772,--,--,--,--,0.21630999445915222,0.9722300171852112,0.6042119860649109
4,3041,0.048855140805244446,-0.02846815250813961,0.0878128707408905,0.7300014495849609,0.8899497389793396,--,--,--,--,0.7323200106620789,0.88823002576828,0.7943552136421204
4,3042,0.044113144278526306,-0.10985851287841797,0.10892278701066971,0.2902297377586365,0.929770290851593,--,--,--,--,0.29693999886512756,0.9229599833488464,0.5795820355415344
4,3043,0.05116352438926697,-0.12122854590415955,0.11933499574661255,0.21022973954677582,0.9099934697151184,--,--,--,--,0.21765999495983124,0.9058899879455566,0.633994460105896
4,3044,0.05310424044728279,-0.052424315363168716,0.09692852199077606,0.6201220750808716,0.9598779678344727,--,--,--,--,0.6238899827003479,0.9562699794769287,0.7956395149230957
4,3045,0.024151120334863663,-0.09625863283872604,0.06170598790049553,0.47999998927116394,0.9598684310913086,--,--,--,--,0.480679988861084,0.9384099841117859,0.7210960388183594
4,3046,0.10608046501874924,-0.20795217156410217,0.11099052429199219,0.4301809072494507,0.8698191046714783,--,--,--,--,0.4504700005054474,0.8419700264930725,0.604410707950592
4,3047,0.033040404319763184,-0.04265296459197998,0.05326847359538078,0.6300246715545654,0.8399999737739563,--,--,--,--,0.6347100138664246,0.8396599888801575,0.7089362740516663
4,3048,0.03506743907928467,-0.12626400589942932,0.09754101186990738,0.44999998807907104,0.9298273324966431,--,--,--,--,0.45089998841285706,0.9035199880599976,0.6896755695343018
4,3049,0.03316623717546463,-0.14978274703025818,0.1298445463180542,0.390238493680954,0.9697614908218384,--,--,--,--,0.427729994058609,0.9395700097084045,0.7557157874107361
4,3050,0.04046298563480377,-0.056580133736133575,0.07555488497018814,0.5100574493408203,0.6999989151954651,--,--,--,--,0.5119699835777283,0.6991999745368958,0.6314635276794434
4,3051,0.044459376484155655,-0.042736444622278214,0.08776494115591049,0.4301292300224304,0.9799978137016296,--,--,--,--,0.43474000692367554,0.9781000018119812,0.7703890204429626
4,3052,0.040394943207502365,-0.10899027436971664,0.08240639418363571,0.3400116264820099,0.9799883961677551,--,--,--,--,0.3544999957084656,0.9739199876785278,0.7138584852218628
4,3053,0.140646830201149,-0.24975202977657318,0.12848849594593048,0.09001561999320984,0.9499843716621399,--,--,--,--,0.10907000303268433,0.9414399862289429,0.535746693611145
4,3054,0.040015652775764465,-0.10888121277093887,0.07776165008544922,0.3300119936466217,0.9899880290031433,--,--,--,--,0.34595999121665955,0.9839900135993958,0.7718811631202698
4,3055,0.25002822279930115,-0.3667012155056,0.14298713207244873,0.3499999940395355,0.7699999809265137,0.47889280319213867,0.5422405004501343,0.4023791551589966,0.6953622698783875,0.35089999437332153,0.76910001039505,0.5822357535362244
4,3056,0.1260126680135727,-0.06403753161430359,0.2154492437839508,0.6299999952316284,0.7699999809265137,0.4957837760448456,0.5211228728294373,0.4804999530315399,0.5976932048797607,0.630299985408783,0.7696999907493591,0.7172836065292358
4,3057,0.28562405705451965,-0.4818403422832489,0.051563844084739685,0.5,0.6200000047683716,0.49790579080581665,0.5443607568740845,0.4903142750263214,0.7051685452461243,0.5002599954605103,0.6561499834060669,0.6019671559333801
4,3058,0.34480059146881104,-0.002159746829420328,0.4960208237171173,0.8299999833106995,0.9100000262260437,0.48733219504356384,0.5168944597244263,0.44141140580177307,0.5781368613243103,0.8301699757575989,0.9098299741744995,0.8735563158988953
4,3059,0.0312526673078537,-0.08095277100801468,0.14507924020290375,0.5299999713897705,0.6100000143051147,0.5274854302406311,0.5570476651191711,0.6271200776100159,0.7638455629348755,0.5301700234413147,0.7483400106430054,0.6556793451309204
4,3060,0.09581035375595093,-0.08051474392414093,0.16489112377166748,0.5900307893753052,0.9899402260780334,--,--,--,--,0.5990099906921387,0.9776700139045715,0.8431245684623718
4,3061,0.11954856663942337,-0.04192887991666794,0.19902406632900238,0.7200210690498352,0.9799789190292358,--,--,--,--,0.7260500192642212,0.9762499928474426,0.8789938688278198
4,3062,0.07392490655183792,-0.03981461375951767,0.11726679652929306,0.500104546546936,0.9899837970733643,--,--,--,--,0.5187900066375732,0.9858899712562561,0.767383873462677
4,3063,0.041903067380189896,-0.12077178061008453,0.059678491204977036,0.4800298810005188,0.8399772644042969,--,--,--,--,0.4863399863243103,0.8349699974060059,0.610701322555542
4,3064,0.07878948003053665,-0.20076289772987366,0.10109366476535797,0.3900340497493744,0.8099659085273743,--,--,--,--,0.39941999316215515,0.8035799860954285,0.6044266819953918
4,3065,0.11609788239002228,-0.22137387096881866,0.14038227498531342,0.17005515098571777,0.949790894985199,--,--,--,--,0.18591000139713287,0.9121599793434143,0.5883360505104065
4,3066,0.13192172348499298,-0.2398829162120819,0.19088466465473175,0.31020164489746094,0.8497983813285828,--,--,--,--,0.3312700092792511,0.8159499764442444,0.5751660466194153
4,3067,0.030577735975384712,-0.07668539136648178,0.12013065814971924,0.45010456442832947,0.7999886274337769,--,--,--,--,0.4678399860858917,0.7972599864006042,0.6617237329483032
4,3068,0.022824039682745934,-0.0993310958147049,0.1472182720899582,0.3101867139339447,0.9299740195274353,--,--,--,--,0.3415200114250183,0.9241999983787537,0.6674832105636597
4,3069,0.059942856431007385,-0.10984406620264053,0.13426825404167175,0.4602016508579254,0.9997983574867249,--,--,--,--,0.4915199875831604,0.9670500159263611,0.7472656965255737
4,3070,0.1225646436214447,-0.21219508349895477,0.09968729317188263,0.46003443002700806,0.7599655389785767,0.5094581246376038,0.6039402484893799,0.5032739639282227,0.5359793305397034,0.4616599977016449,0.7543699741363525,0.6330918669700623
4,3071,0.15934506058692932,-0.044505201280117035,0.23242832720279694,0.6200183629989624,0.7799816131591797,0.5189145803451538,0.688982367515564,0.5065473318099976,0.5654169917106628,0.6209200024604797,0.7882800102233887,0.7421331405639648
4,3072,0.33019182085990906,-0.5181925892829895,0.16149388253688812,0.2000734657049179,0.839926540851593,0.4811118245124817,0.6133868098258972,0.4934617877006531,0.5392493009567261,0.20350000262260437,0.8275200128555298,0.5394001603126526
4,3073,0.1254456490278244,-0.07163464277982712,0.19239380955696106,0.5900459289550781,0.9899541139602661,0.49055179953575134,0.509448230266571,0.49672946333885193,0.5032705068588257,0.592170000076294,0.9820299744606018,0.7901930809020996
4,3074,0.11861403286457062,-0.27007001638412476,0.08085275441408157,0.5100298523902893,0.769970178604126,0.3677266538143158,0.6511730551719666,0.45421308279037476,0.5523291230201721,0.5114200115203857,0.7648000121116638,0.6437191963195801
4,3075,0.032226212322711945,-0.07009188830852509,0.08022858947515488,0.5000229477882385,0.7299930453300476,--,--,--,--,0.5011500120162964,0.7286999821662903,0.6485776305198669
4,3076,0.14416775107383728,-0.32552671432495117,0.12121125310659409,0.11006975173950195,0.9099302291870117,--,--,--,--,0.11962000280618668,0.9013100266456604,0.5880735516548157
4,3077,0.026698388159275055,-0.03615044802427292,0.07111427932977676,0.470027893781662,0.9799908399581909,--,--,--,--,0.4746200144290924,0.976639986038208,0.7728424668312073
4,3078,0.09366365522146225,-0.20584242045879364,0.1638004332780838,0.080103300511837,0.9798967242240906,--,--,--,--,0.08497700095176697,0.9626500010490417,0.584513783454895
4,3079,0.16215121746063232,-0.30714306235313416,0.14758098125457764,0.31005051732063293,0.7499495148658752,--,--,--,--,0.312389999628067,0.7407100200653076,0.5140600800514221
4,3080,0.08391343057155609,-0.11125573515892029,0.13016800582408905,0.5099999904632568,0.9700000286102295,--,--,--,--,0.5112599730491638,0.9687399864196777,0.8446187973022461
4,3081,0.048156749457120895,-0.12543578445911407,0.06384444236755371,0.4800163507461548,0.8199999928474426,--,--,--,--,0.48335000872612,0.8197299838066101,0.677954375743866
4,3082,0.12506496906280518,-0.26729971170425415,0.11141785234212875,0.4600140154361725,0.7099999785423279,--,--,--,--,0.46254000067710876,0.7094500064849854,0.5916374921798706
4,3083,0.05272284895181656,-0.12407820671796799,0.0476980023086071,0.4600163400173187,0.8799999952316284,--,--,--,--,0.46358001232147217,0.8796200156211853,0.6812047362327576
4,3084,0.1873050034046173,-0.34605321288108826,0.18568523228168488,0.12004901468753815,1.0,--,--,--,--,0.1287900060415268,0.9978600144386292,0.5672597289085388
4,3085,0.2618153989315033,-0.03848112002015114,0.41650545597076416,0.7400631904602051,0.9599368572235107,0.48380032181739807,0.5161996483802795,0.48830023407936096,0.5116997957229614,0.7500600218772888,0.9510800242424011,0.858799934387207
4,3086,0.13134236633777618,-0.07231424003839493,0.20272694528102875,0.5501090884208679,0.9298908710479736,0.49190017580986023,0.5080998539924622,0.4941501021385193,0.5058498978614807,0.567359983921051,0.9146100282669067,0.7547349333763123
4,3087,0.057650964707136154,-0.06887823343276978,0.27464696764945984,0.43005743622779846,0.6299425959587097,0.6054578423500061,0.7674546241760254,0.5761640071868896,0.69316166639328,0.44047999382019043,0.7483400106430054,0.6176915764808655
4,3088,0.10455425828695297,-0.3047233819961548,0.10153233259916306,0.5600057244300842,0.579994261264801,0.41907113790512085,0.7430647015571594,0.4415513873100281,0.6755467057228088,0.5615699887275696,0.6947699785232544,0.6085293292999268
4,3089,0.16238342225551605,-0.010408109053969383,0.4604795575141907,0.4900287091732025,0.5899713039398193,0.7432385087013245,0.8242369294166565,0.6756722927093506,0.7341710925102234,0.49656999111175537,0.8432499766349792,0.6636860370635986
4,3090,0.33991289138793945,-0.5640903115272522,0.22957658767700195,0.28999999165534973,0.75,0.4011313021183014,0.6812728643417358,0.43202778697013855,0.6246250867843628,0.2912600040435791,0.748740017414093,0.5503581762313843
4,3091,0.24086573719978333,-0.011395099572837353,0.37713193893432617,0.5899999737739563,0.6299999952316284,0.5988917350769043,0.7142441868782043,0.5679880976676941,0.6472928524017334,0.5901100039482117,0.8163700103759766,0.7217105031013489
4,3092,0.18478378653526306,-0.0258648544549942,0.27387186884880066,0.699999988079071,0.7599999904632568,0.46704408526420593,0.5659176111221313,0.477342814207077,0.5453183650970459,0.700160026550293,0.7625200152397156,0.7418330311775208
4,3093,0.0573345348238945,-0.15897683799266815,0.16720172762870789,0.38999998569488525,0.8299999833106995,0.47528740763664246,0.6235976219177246,0.48301008343696594,0.5849733948707581,0.39120998978614807,0.828790009021759,0.6462920308113098
4,3094,0.25922831892967224,-0.04604996740818024,0.38655373454093933,0.7099999785423279,0.8500000238418579,0.47528547048568726,0.5906378626823425,0.4830087721347809,0.5623135566711426,0.7103800177574158,0.84961998462677,0.8037846684455872
4,3095,0.5152570009231567,-0.8246665000915527,0.11838819086551666,0.30017155408859253,0.6998284459114075,0.4919545650482178,0.5564292669296265,0.47117048501968384,0.7022048234939575,0.30698999762535095,0.6933500170707703,0.512644350528717
4,3096,0.1474694013595581,-0.03981482610106468,0.23299458622932434,0.6800686120986938,0.8399313688278198,0.5000030994415283,0.5107488632202148,0.5000110864639282,0.5385168194770813,0.6827399730682373,0.8373100161552429,0.7599133849143982
4,3097,0.08111550658941269,-0.048575688153505325,0.136744424700737,0.5801200866699219,0.8598799109458923,0.494633287191391,0.526870608329773,0.48076924681663513,0.596286416053772,0.5848100185394287,0.8553000092506409,0.7211953997612
4,3098,0.14476971328258514,-0.2682941257953644,0.07770760357379913,0.44009435176849365,0.6599056720733643,0.5430094003677368,0.5483822822570801,0.6541169285774231,0.673369824886322,0.4442499876022339,0.6775599718093872,0.5999767184257507
4,3099,0.1887030452489853,-0.25763052701950073,0.11005809158086777,0.2802658975124359,0.8997341394424438,0.5026910901069641,0.5134368538856506,0.509643018245697,0.5481487512588501,0.2904300093650818,0.8894699811935425,0.5739809274673462
4,3100,0.2406550645828247,-0.03328867629170418,0.3469245731830597,0.700015664100647,0.9399843215942383,0.5,0.5146378874778748,0.5,0.513628363609314,0.7033600211143494,0.9353299736976624,0.8276613354682922
4,3101,0.2104020118713379,-0.04171514883637428,0.3163408935070038,0.6400195956230164,0.9399803876876831,0.4926811158657074,0.5365946292877197,0.4931858479976654,0.5340709090232849,0.6442300081253052,0.9341800212860107,0.8021644949913025
4,3102,0.2625696361064911,-0.3624976873397827,0.11675693094730377,0.20004309713840485,0.8599569201469421,0.5219568014144897,0.5219568014144897,0.520442545413971,0.520442545413971,0.20925000309944153,0.8471599817276001,0.55177903175354
4,3103,0.27441641688346863,-0.40109944343566895,0.10421852022409439,0.3200300335884094,0.7799699902534485,0.4268108010292053,0.617102861404419,0.4318583309650421,0.6090267896652222,0.32649001479148865,0.7710700035095215,0.5688120126724243
4,3104,0.13366387784481049,-0.1816624402999878,0.09055835008621216,0.35003265738487244,0.849967360496521,0.4487675428390503,0.5658703446388245,0.4523008167743683,0.5613275766372681,0.35697999596595764,0.8402199745178223,0.6126085519790649
4,3105,0.033067841082811356,-0.11923464387655258,0.10648239403963089,0.4601232409477234,0.8899928331375122,--,--,--,--,0.46088001132011414,0.8807200193405151,0.6360532641410828
4,3106,0.06491196900606155,-0.15999490022659302,0.09653912484645844,0.2802552878856659,0.9599918127059937,--,--,--,--,0.2817699909210205,0.9487299919128418,0.6378297209739685
4,3107,0.0817023441195488,-0.18587468564510345,0.18698903918266296,0.2800092399120331,0.8199907541275024,--,--,--,--,0.29434001445770264,0.8094300031661987,0.5712637305259705
4,3108,0.06289255619049072,-0.10026971250772476,0.13385619223117828,0.4500068426132202,0.8499931693077087,--,--,--,--,0.46132001280784607,0.8429800271987915,0.7257041931152344
4,3109,0.12907996773719788,-0.2633214294910431,0.17077530920505524,0.33000683784484863,0.749850332736969,--,--,--,--,0.34088999032974243,0.7462300062179565,0.5566884875297546
4,3110,0.06967205554246902,-0.19192859530448914,0.1799626350402832,0.06000092253088951,0.9799990653991699,--,--,--,--,0.08640100061893463,0.960640013217926,0.6542598009109497
4,3111,0.030949315056204796,-0.12071670591831207,0.1046229898929596,0.42000052332878113,0.9399994611740112,--,--,--,--,0.4341999888420105,0.9281100034713745,0.6958192586898804
4,3112,0.10105876624584198,-0.04756065085530281,0.1870354562997818,0.7400002479553223,0.9599997997283936,--,--,--,--,0.7460700273513794,0.9562600255012512,0.8605130314826965
4,3113,0.029929667711257935,-0.12147856503725052,0.11638657003641129,0.39000049233436584,0.8799869418144226,--,--,--,--,0.4039500057697296,0.8752099871635437,0.7078335881233215
4,3114,0.032867491245269775,-0.142970010638237,0.15155045688152313,0.3000004291534424,0.7799987196922302,--,--,--,--,0.31356000900268555,0.7783799767494202,0.6495373249053955
4,3115,0.061060287058353424,-0.027155490592122078,0.13364918529987335,0.4500027298927307,0.8100000023841858,--,--,--,--,0.45587998628616333,0.8100000023841858,0.6820272207260132
4,3116,0.07809365540742874,-0.21731434762477875,0.099483422935009,0.1703433394432068,0.9496566653251648,--,--,--,--,0.17244000732898712,0.9425899982452393,0.7102710008621216
4,3117,0.08803176879882812,-0.17489932477474213,0.18596546351909637,0.15001437067985535,0.9899856448173523,--,--,--,--,0.17267000675201416,0.9732599854469299,0.6125024557113647
4,3118,0.08202020823955536,-0.21988917887210846,0.08855043351650238,0.4100041091442108,0.8098239302635193,--,--,--,--,0.4110499918460846,0.8055599927902222,0.5730969309806824
4,3119,0.03522231802344322,-0.058891668915748596,0.10022947192192078,0.47014084458351135,0.9699979424476624,--,--,--,--,0.47113001346588135,0.965149998664856,0.7575981616973877
4,3120,0.05017751455307007,-0.08206123858690262,0.09122999757528305,0.42001116275787354,0.9899814128875732,--,--,--,--,0.43039000034332275,0.9836300015449524,0.7794503569602966
4,3121,0.02686641365289688,-0.062134794890880585,0.10095393657684326,0.3600371479988098,0.9899976253509521,--,--,--,--,0.36417001485824585,0.9878100156784058,0.7115002870559692
4,3122,0.046355895698070526,-0.0960255041718483,0.09975598752498627,0.3800070285797119,0.8799981474876404,--,--,--,--,0.38655999302864075,0.8789600133895874,0.7246592044830322
4,3123,0.030516672879457474,-0.15620358288288116,0.15752103924751282,0.3200182020664215,0.9399818181991577,--,--,--,--,0.33695000410079956,0.9230599999427795,0.7403064370155334
4,3124,0.13430212438106537,-0.2755580544471741,0.16730232536792755,0.05008546635508537,0.9799853563308716,--,--,--,--,0.05887800082564354,0.9663400053977966,0.5923340320587158
4,3125,0.059218280017375946,-0.050975535064935684,0.11159922182559967,0.5000023245811462,0.9799888730049133,--,--,--,--,0.5021899938583374,0.9759399890899658,0.7694717645645142
4,3126,0.0561673603951931,-0.12142699956893921,0.1013140082359314,0.48001113533973694,0.8699900507926941,--,--,--,--,0.48131999373435974,0.8607100248336792,0.6035295128822327
4,3127,0.13831374049186707,-0.23708023130893707,0.1353241354227066,0.24006131291389465,0.899938702583313,--,--,--,--,0.24618999660015106,0.8836299777030945,0.5630366206169128
4,3128,0.05610605329275131,-0.1100270003080368,0.11050497740507126,0.5000134706497192,0.9599865078926086,--,--,--,--,0.5125700235366821,0.9474300146102905,0.7905076146125793
4,3129,0.16423842310905457,-0.30152878165245056,0.22239463031291962,0.04002757743000984,0.9799724221229553,--,--,--,--,0.06569100171327591,0.9543099999427795,0.5167614817619324
4,3130,0.05301250144839287,-0.03975694254040718,0.08730731159448624,0.6500019431114197,0.7999765276908875,--,--,--,--,0.6507700085639954,0.7954599857330322,0.7235453724861145
4,3131,0.06405813246965408,-0.19717131555080414,0.12715798616409302,0.36005476117134094,0.7599954605102539,--,--,--,--,0.3644300103187561,0.7552099823951721,0.5650355219841003
4,3132,0.07003346085548401,-0.03740154579281807,0.14135561883449554,0.7700009942054749,0.9599921703338623,--,--,--,--,0.7704700231552124,0.9568300247192383,0.8636888265609741
4,3133,0.06757256388664246,-0.24614258110523224,0.11172842234373093,0.22001196444034576,0.9599880576133728,--,--,--,--,0.22470000386238098,0.9515799880027771,0.6790652871131897
4,3134,0.04218173399567604,-0.06054098904132843,0.09666896611452103,0.4400547444820404,0.8499960899353027,--,--,--,--,0.4445599913597107,0.8455299735069275,0.6614841818809509
4,3135,0.26380184292793274,-0.0015240841312333941,0.42894446849823,0.8000038862228394,0.8199961185455322,0.5166299343109131,0.5332590341567993,0.5576503276824951,0.6152979135513306,0.8005499839782715,0.8798999786376953,0.8412656784057617
4,3136,0.050286002457141876,-0.08868159353733063,0.10859642177820206,0.5100703835487366,0.8699296116828918,0.5027719736099243,0.5249441266059875,0.5096094608306885,0.5864728689193726,0.5145599842071533,0.858020007610321,0.699218213558197
4,3137,0.17438998818397522,-0.02123154141008854,0.31525102257728577,0.6100234389305115,0.7299765348434448,0.5415745377540588,0.5692897439002991,0.6441251039505005,0.7402043342590332,0.6121399998664856,0.8304799795150757,0.7386295795440674
4,3138,0.1887611746788025,-0.3305661976337433,0.2016105204820633,0.3000938594341278,0.779906153678894,0.5304879546165466,0.5471170544624329,0.6056915521621704,0.6633390784263611,0.30632999539375305,0.7646999955177307,0.580115556716919
4,3139,0.25719761848449707,-0.03153223544359207,0.4166980981826782,0.7800312638282776,0.9399687051773071,0.5110864043235779,0.5110864043235779,0.5384329557418823,0.5384329557418823,0.7820900082588196,0.9348599910736084,0.8713532090187073
4,3140,0.3890930116176605,-0.03407711163163185,0.5827949047088623,0.8300151824951172,0.9499847888946533,0.5127288699150085,0.5254541635513306,0.515428900718689,0.5308535099029541,0.8331699967384338,0.9459900259971619,0.9068171381950378
4,3141,0.2569529414176941,-0.3292909562587738,0.26374655961990356,0.11010634899139404,0.9498936533927917,0.5127288699150085,0.5254541635513306,0.515428900718689,0.5308535099029541,0.13130000233650208,0.9202899932861328,0.5349265336990356
4,3142,0.08658935874700546,-0.26203423738479614,0.30522918701171875,0.29005318880081177,0.7099468111991882,0.6018224358558655,0.6145477294921875,0.6234211325645447,0.6388457417488098,0.3014200031757355,0.696590006351471,0.6002538800239563
4,3143,0.15778160095214844,-0.2383817583322525,0.20049193501472473,0.3400658369064331,0.8599341511726379,0.46818795800209045,0.5445396900177002,0.46143993735313416,0.5539875030517578,0.35315001010894775,0.841509997844696,0.5968742370605469
4,3144,0.23373663425445557,-0.05414419248700142,0.3508646786212921,0.6600151658058167,0.7799848318099976,0.5063673853874207,0.5445432662963867,0.507718026638031,0.5539918541908264,0.6632199883460999,0.7760800123214722,0.7428469061851501
4,3145,0.18624623119831085,-0.49207058548927307,0.09220755100250244,0.47002390027046204,0.629997193813324,--,--,--,--,0.47244998812675476,0.6272500157356262,0.5312219858169556
4,3146,0.02948259375989437,-0.10601086169481277,0.11134608089923859,0.4101833403110504,0.8698166608810425,--,--,--,--,0.4217100143432617,0.8596799969673157,0.6767580509185791
4,3147,0.032180193811655045,-0.17024250328540802,0.0809534564614296,0.28001412749290466,0.9799442291259766,--,--,--,--,0.2932699918746948,0.9735999703407288,0.7594747543334961
4,3148,0.0336429663002491,-0.08405608683824539,0.08599301427602768,0.45000943541526794,0.8499905467033386,--,--,--,--,0.45756998658180237,0.8416399955749512,0.6433467864990234
4,3149,0.04581019654870033,-0.07163294404745102,0.10172408819198608,0.5900009274482727,0.9199202656745911,--,--,--,--,0.5919899940490723,0.913569986820221,0.7257521748542786
4,3150,0.033449385315179825,-0.20609702169895172,0.2335709184408188,0.3400557041168213,0.7799443006515503,--,--,--,--,0.351859986782074,0.7656499743461609,0.6450738906860352
4,3151,0.033906470984220505,-0.15991708636283875,0.16119638085365295,0.44005316495895386,0.8599468469619751,--,--,--,--,0.4508500099182129,0.8452000021934509,0.6584635972976685
4,3152,0.05851384624838829,-0.187489315867424,0.18686836957931519,0.37006330490112305,0.8699367046356201,--,--,--,--,0.38284000754356384,0.8522800207138062,0.6223176121711731
4,3153,nan,-0.0,-0.0,0.40002602338790894,0.9899797439575195,--,--,--,--,--,--,nan
4,3154,nan,-0.0,-0.0,0.5200151801109314,0.8399795889854431,--,--,--,--,--,--,nan
4,3155,nan,-0.0,-0.0,0.5600055456161499,0.8699772357940674,--,--,--,--,--,--,nan
4,3156,0.04828363284468651,-0.25392112135887146,0.283939003944397,0.12010128051042557,0.9198986887931824,--,--,--,--,0.14143000543117523,0.8937600255012512,0.6647433638572693
4,3157,0.04153994098305702,-0.1170714870095253,0.07480793446302414,0.5400390028953552,0.9599609971046448,--,--,--,--,0.5437999963760376,0.9483299851417542,0.7113966345787048
4,3158,0.022205879911780357,-0.15732082724571228,0.1545904278755188,0.44006583094596863,0.9599341750144958,--,--,--,--,0.4530700147151947,0.9413599967956543,0.686461865901947
4,3159,0.04454098269343376,-0.12439441680908203,0.0760086327791214,0.500044584274292,0.9799554347991943,--,--,--,--,0.5044500231742859,0.9677900075912476,0.7485384941101074
4,3160,0.050484441220760345,-0.13382430374622345,0.15550118684768677,0.33019015192985535,0.9698488712310791,--,--,--,--,0.3556300103664398,0.9569100141525269,0.6607227325439453
4,3161,0.07025828957557678,-0.04430855065584183,0.13525453209877014,0.5900856256484985,0.9699465036392212,--,--,--,--,0.601419985294342,0.9656000137329102,0.8191851377487183
4,3162,0.05119539424777031,-0.13571573793888092,0.1549643874168396,0.3401663601398468,0.9198740720748901,--,--,--,--,0.36278000473976135,0.9037700295448303,0.6459794640541077
4,3163,0.028242772445082664,-0.1104976162314415,0.12968094646930695,0.3601611852645874,0.9998388290405273,--,--,--,--,0.3803899884223938,0.98225998878479,0.7410898208618164
4,3164,0.09201424568891525,-0.1604127287864685,0.18801423907279968,0.2501901388168335,0.8898098468780518,--,--,--,--,0.27469000220298767,0.8767799735069275,0.558344304561615
4,3165,0.04115470126271248,-0.13201871514320374,0.12992329895496368,0.30000564455986023,0.9399943351745605,--,--,--,--,0.31009000539779663,0.9196799993515015,0.653771698474884
4,3166,0.024051358923316002,-0.08930724114179611,0.09627994894981384,0.4700031876564026,0.8299968242645264,--,--,--,--,0.4757300019264221,0.818560004234314,0.6724666953086853
4,3167,0.09605065733194351,-0.16030652821063995,0.12822279334068298,0.3300049602985382,0.8899950385093689,--,--,--,--,0.3383300006389618,0.8720899820327759,0.5473129153251648
4,3168,0.03457643464207649,-0.09113147109746933,0.06806260347366333,0.42025166749954224,0.9199973344802856,--,--,--,--,0.42454999685287476,0.9103000164031982,0.6844996809959412
4,3169,0.030462658032774925,-0.1101619303226471,0.11853385716676712,0.2500051259994507,0.9198364019393921,--,--,--,--,0.259770005941391,0.9168800115585327,0.6816131472587585
4,3170,0.03141908347606659,-0.11245682090520859,0.12838001549243927,0.4101259410381317,0.989833652973175,--,--,--,--,0.4257200062274933,0.978190004825592,0.6845788359642029
4,3171,0.049102284014225006,-0.1288294494152069,0.13535967469215393,0.39017826318740845,0.98982173204422,--,--,--,--,0.4112200140953064,0.9767299890518188,0.5960646271705627
4,3172,0.0314645916223526,-0.08068430423736572,0.07633917778730392,0.5200594067573547,0.929909348487854,--,--,--,--,0.5296599864959717,0.9174399971961975,0.6877060532569885
4,3173,0.04890911653637886,-0.16358764469623566,0.11132945120334625,0.41013097763061523,0.9298690557479858,--,--,--,--,0.425029993057251,0.9135800004005432,0.6381641030311584
4,3174,0.0222203116863966,-0.0875256210565567,0.04260716214776039,0.4500403106212616,0.9399405717849731,--,--,--,--,0.45763999223709106,0.9341999888420105,0.6806772947311401
4,3175,0.2313881367444992,-0.047601986676454544,0.36181944608688354,0.7000024914741516,0.9799975156784058,0.4804271161556244,0.5195728540420532,0.49601292610168457,0.5039870738983154,0.7043200135231018,0.9710999727249146,0.8404933214187622
4,3176,0.15823879837989807,-0.28080928325653076,0.18185880780220032,0.2500044107437134,0.7499955892562866,0.705786406993866,0.7253592610359192,0.541919469833374,0.5459065437316895,0.2582400143146515,0.7342399954795837,0.6019974946975708
4,3177,0.0555589385330677,-0.1409081220626831,0.13053877651691437,0.3800033628940582,0.7599966526031494,0.6469814777374268,0.6469814777374268,0.529940664768219,0.529940664768219,0.3862200081348419,0.748009979724884,0.6397114396095276
4,3178,0.24472898244857788,-0.005000775214284658,0.35401421785354614,0.7600001692771912,0.779999852180481,0.500024676322937,0.5391703844070435,0.5000050067901611,0.507979154586792,0.7603600025177002,0.7901700139045715,0.7790127992630005
4,3179,0.03890007361769676,-0.06585562229156494,0.08062659949064255,0.5500019192695618,0.7699980735778809,0.4706900119781494,0.6077001094818115,0.4940294325351715,0.5219389200210571,0.5534899830818176,0.7630299925804138,0.678166389465332
4,3180,0.08821628987789154,-0.19153448939323425,0.14070796966552734,0.24003593623638153,0.9799640774726868,--,--,--,--,0.2529599964618683,0.9683700203895569,0.6051528453826904
4,3181,0.0720183253288269,-0.12015853077173233,0.08124887198209763,0.36016368865966797,0.989976704120636,--,--,--,--,0.3673900067806244,0.9818000197410583,0.634812593460083
4,3182,0.11601786315441132,-0.00669200299307704,0.20592093467712402,0.8200019598007202,0.9599817991256714,--,--,--,--,0.8212800025939941,0.9596199989318848,0.8945677876472473
4,3183,0.11571183800697327,-0.23483490943908691,0.1651763916015625,0.25002816319465637,0.8299718499183655,--,--,--,--,0.26061999797821045,0.8210800290107727,0.5785072445869446
4,3184,0.06473731994628906,-0.12257330119609833,0.11081492900848389,0.4100223481655121,0.8699776530265808,--,--,--,--,0.417820006608963,0.8626400232315063,0.6129607558250427
4,3185,0.2526683211326599,-0.37834984064102173,0.19864685833454132,0.1203281506896019,0.9396718740463257,0.4778136610984802,0.5332803130149841,0.46672049164772034,0.5499204993247986,0.14430999755859375,0.9182800054550171,0.5480014681816101
4,3186,0.27787333726882935,-0.02232743427157402,0.40214717388153076,0.8000479936599731,0.9199519753456116,0.5055469870567322,0.5055469870567322,0.5083205103874207,0.5083205103874207,0.803600013256073,0.9168800115585327,0.8650878071784973
4,3187,0.07736871391534805,-0.03985746577382088,0.10633164644241333,0.6200560331344604,0.759943962097168,0.4833616614341736,0.5721083283424377,0.4750424921512604,0.608162522315979,0.6244099736213684,0.7565600275993347,0.7061302661895752
4,3188,0.2916983962059021,-0.011324058286845684,0.4209311306476593,0.8100240230560303,0.8699759840965271,0.511094331741333,0.5221876502037048,0.5166414976119995,0.5332815051078796,0.8119300007820129,0.8685899972915649,0.8495001196861267
4,3189,0.1676485240459442,-0.06063051149249077,0.2535417973995209,0.6001360416412354,0.939863920211792,0.5166413187980652,0.5277346968650818,0.5249620079994202,0.5416020154953003,0.6102700233459473,0.9312300086021423,0.7876232862472534
4,3190,0.08316067606210709,-0.15704938769340515,0.06950345635414124,0.3502819240093231,0.9697180986404419,0.5094064474105835,0.5282157063484192,0.50339674949646,0.5101889967918396,0.36030998826026917,0.9665799736976624,0.6554030179977417
4,3191,0.3242998421192169,-0.01044598501175642,0.5031169652938843,0.8700454831123352,0.9699545502662659,0.5094064474105835,0.5282157063484192,0.50339674949646,0.5101889967918396,0.871720016002655,0.9694600105285645,0.9238693714141846
4,3192,0.059889718890190125,-0.04725736007094383,0.12022846937179565,0.5202000737190247,0.9597999453544617,0.5000008940696716,0.5188101530075073,0.5000003576278687,0.5067925453186035,0.5273000001907349,0.9575700163841248,0.7355703711509705
4,3193,0.11750763654708862,-0.03535113111138344,0.20634348690509796,0.610127329826355,0.889872670173645,0.5282175540924072,0.5470267534255981,0.5101896524429321,0.5169818997383118,0.6147599816322327,0.888480007648468,0.7564653754234314
4,3194,0.2967544496059418,-0.005154415033757687,0.4545702040195465,0.8400182127952576,0.8799818158149719,0.4811916649341583,0.537619411945343,0.493208110332489,0.5135847926139832,0.8406999707221985,0.8797900080680847,0.8620245456695557
4,3195,0.07224242389202118,-0.13889342546463013,0.12197620421648026,0.34002915024757385,0.939970850944519,--,--,--,--,0.35019001364707947,0.9304500222206116,0.6079495549201965
4,3196,0.03190314769744873,-0.12531091272830963,0.11923994868993759,0.3600301146507263,0.97996985912323,--,--,--,--,0.37117999792099,0.9703500270843506,0.6919209957122803
4,3197,0.05756557360291481,-0.11603385955095291,0.05515439063310623,0.40015459060668945,0.8999873995780945,--,--,--,--,0.40689000487327576,0.8952699899673462,0.6600248217582703
4,3198,0.09871581941843033,-0.16915708780288696,0.14078585803508759,0.2300291359424591,0.8997817635536194,--,--,--,--,0.24140000343322754,0.8970900177955627,0.6003713011741638
4,3199,0.036498770117759705,-0.10039567202329636,0.06154029071331024,0.4302273690700531,0.9297726154327393,--,--,--,--,0.4376800060272217,0.9270399808883667,0.6194788217544556
4,3200,0.2906727194786072,0.0,0.4781627655029297,0.7699999809265137,0.7699999809265137,0.5641198754310608,0.5641198754310608,0.5893791913986206,0.5893791913986206,0.7699999809265137,0.8428999781608582,0.8075587153434753
4,3201,0.732390284538269,-1.3498445749282837,0.043020594865083694,0.550000011920929,0.550000011920929,0.5174872279167175,0.5174872279167175,0.5243761539459229,0.5243761539459229,0.550000011920929,0.5698800086975098,0.5602431297302246
4,3202,0.3149581253528595,0.0,0.5091460943222046,0.8500000238418579,0.8500000238418579,0.5349744558334351,0.5349744558334351,0.5487523078918457,0.5487523078918457,0.8500000238418579,0.8897600173950195,0.8704864978790283
4,3203,0.31220555305480957,-0.0004769005172420293,0.5921882390975952,0.6000000238418579,0.6000000238418579,0.7098468542098999,0.7098468542098999,0.7925137877464294,0.7925137877464294,0.6000000238418579,0.8385800123214722,0.7229192852973938
4,3204,0.244941845536232,-0.0006669947761110961,0.4570923149585724,0.6399999856948853,0.6399999856948853,0.6224106550216675,0.6224106550216675,0.6706330180168152,0.6706330180168152,0.6399999856948853,0.7791699767112732,0.7117027044296265
4,3205,0.038154486566782,-0.08471310138702393,0.05596756562590599,0.550000011920929,0.800000011920929,--,--,--,--,0.5507100224494934,0.800000011920929,0.6671544909477234
4,3206,0.06700684130191803,-0.04322060942649841,0.11990409344434738,0.6700000166893005,0.8999999761581421,--,--,--,--,0.6700000166893005,0.8993399739265442,0.792218029499054
4,3207,0.07478498667478561,-0.04519125819206238,0.12498576939105988,0.8199999928474426,0.9900000095367432,--,--,--,--,0.8199999928474426,0.9895200133323669,0.9103348255157471
4,3208,0.05759895592927933,-0.036118876188993454,0.10217247903347015,0.6499999761581421,0.7699999809265137,--,--,--,--,0.6499999761581421,0.7696599960327148,0.7137659192085266
4,3209,0.019340237602591515,-0.044929295778274536,0.031639523804187775,0.6100000143051147,0.7599999904632568,--,--,--,--,0.6104300022125244,0.7599999904632568,0.6802927255630493
4,3210,0.24227924644947052,-0.003823733888566494,0.39671459794044495,0.75,0.75,0.5695048570632935,0.5695048570632935,0.5978216528892517,0.5978216528892517,0.7501800060272217,0.8142399787902832,0.7797460556030273
4,3211,0.3606569766998291,-0.02007119543850422,0.5651588439941406,0.9900000095367432,0.9900000095367432,0.5,0.5,0.5,0.5,0.9900000095367432,0.9900000095367432,0.9900020360946655
4,3212,0.32477161288261414,-0.016659962013363838,0.5055642127990723,0.8999999761581421,0.8999999761581421,0.517376184463501,0.517376184463501,0.5244554281234741,0.5244554281234741,0.9000499844551086,0.9160599708557129,0.9074364900588989
4,3213,0.15427447855472565,-0.24715125560760498,0.04975215718150139,0.5199999809265137,0.5199999809265137,0.6332176327705383,0.6332176327705383,0.6874914765357971,0.6874914765357971,0.5203499794006348,0.6431300044059753,0.577013373374939
4,3214,0.21545134484767914,0.0,0.3839043080806732,0.6600000262260437,0.6600000262260437,0.6390097141265869,0.6390097141265869,0.6956433057785034,0.6956433057785034,0.6603599786758423,0.7884799838066101,0.7194923758506775
4,3215,0.12496254593133926,-0.005620717536658049,0.22009506821632385,0.7200000286102295,0.7900000214576721,--,--,--,--,0.7200000286102295,0.7900000214576721,0.755062997341156
4,3216,0.17156857252120972,-0.006065161433070898,0.3057709336280823,0.8399999737739563,0.9599999785423279,--,--,--,--,0.8399999737739563,0.9599999785423279,0.9001078605651855
4,3217,0.37404805421829224,-0.7921566367149353,0.034559763967990875,0.550000011920929,0.5600000023841858,--,--,--,--,0.550000011920929,0.5600000023841858,0.5550090670585632
4,3218,0.032704953104257584,-0.06109297648072243,0.06498158723115921,0.5299999713897705,0.699999988079071,--,--,--,--,0.5299999713897705,0.699999988079071,0.6148472428321838
4,3219,0.13034602999687195,-0.012125073932111263,0.2342119663953781,0.7300000190734863,0.9800000190734863,--,--,--,--,0.7300000190734863,0.9800000190734863,0.8552247285842896
4,3220,0.04073581099510193,-0.041655175387859344,0.08219269663095474,0.6299999952316284,0.9300000071525574,--,--,--,--,0.6299999952316284,0.9290400147438049,0.7723982334136963
4,3221,0.08910525590181351,-0.0032342534977942705,0.15970346331596375,0.6899999976158142,0.8399999737739563,--,--,--,--,0.6904799938201904,0.8399999737739563,0.7688010931015015
4,3222,0.0816357359290123,-0.004666712135076523,0.14261884987354279,0.6299999952316284,0.8600000143051147,--,--,--,--,0.6307299733161926,0.8600000143051147,0.7508280277252197
4,3223,0.08876331895589828,-0.008144406601786613,0.17015720903873444,0.6399999856948853,0.9200000166893005,--,--,--,--,0.6408900022506714,0.9200000166893005,0.7870948910713196
4,3224,0.053552333265542984,-0.12828968465328217,0.06280336529016495,0.5600000023841858,0.7099999785423279,--,--,--,--,0.5600000023841858,0.7095199823379517,0.6311991810798645
4,3225,0.33365118503570557,-0.6054877638816833,0.021821102127432823,0.5600000023841858,0.5600000023841858,0.5353553295135498,0.5353553295135498,0.5353553295135498,0.5353553295135498,0.5601400136947632,0.6153299808502197,0.5908548831939697
4,3226,0.24736960232257843,0.0,0.38634568452835083,0.7300000190734863,0.7300000190734863,0.521213173866272,0.521213173866272,0.521213173866272,0.521213173866272,0.7300900220870972,0.7631999850273132,0.7485129833221436
4,3227,0.4128788709640503,0.0,0.6413611769676208,0.699999988079071,0.699999988079071,0.7121320366859436,0.7121320366859436,0.7121320366859436,0.7121320366859436,0.7008600234985352,1.031999945640564,0.8851290941238403
4,3228,0.2311132252216339,0.0,0.38990578055381775,0.5699999928474426,0.5699999928474426,0.6484923958778381,0.6484923958778381,0.6484923958778381,0.6484923958778381,0.5705999732017517,0.8023800253868103,0.6995907425880432
4,3229,0.32678478956222534,0.0,0.5146757364273071,0.6600000262260437,0.6600000262260437,0.641421377658844,0.641421377658844,0.641421377658844,0.641421377658844,0.6605700254440308,0.8813199996948242,0.7834194898605347
4,3230,0.11387094855308533,0.0,0.21724170446395874,0.8100000023841858,0.8600000143051147,--,--,--,--,0.8101400136947632,0.8600000143051147,0.8406023979187012
4,3231,0.09088866412639618,-0.049472760409116745,0.16274850070476532,0.5600000023841858,0.8299999833106995,--,--,--,--,0.5607699751853943,0.8299999833106995,0.7252528667449951
4,3232,0.11962048709392548,-0.0012820569099858403,0.23523177206516266,0.8799999952316284,0.8899999856948853,--,--,--,--,0.8799999952316284,0.8899700045585632,0.8838797211647034
4,3233,0.027048619464039803,-0.047086603939533234,0.02927323430776596,0.6000000238418579,0.8600000143051147,--,--,--,--,0.6000000238418579,0.8592600226402283,0.7008676528930664
4,3234,0.10218773037195206,-0.0043542152270674706,0.19493776559829712,0.8100000023841858,0.8100000023841858,--,--,--,--,0.8100000023841858,0.8100000023841858,0.8099985718727112
4,3235,0.10115436464548111,-0.19952654838562012,0.012796674855053425,0.5199999809265137,0.7200000286102295,--,--,--,--,0.5199999809265137,0.7194300293922424,0.5975903868675232
4,3236,0.13610178232192993,-0.3351377546787262,0.03814934939146042,0.5699999928474426,0.6000000238418579,--,--,--,--,0.5700899958610535,0.6000000238418579,0.5883615016937256
4,3237,0.10394822061061859,-0.009317527525126934,0.21108907461166382,0.8899999856948853,0.9800000190734863,--,--,--,--,0.8899999856948853,0.9797400236129761,0.9249156713485718
4,3238,0.05073260888457298,-0.08609768003225327,0.0214625783264637,0.5400000214576721,0.8799999952316284,--,--,--,--,0.5400000214576721,0.8790299892425537,0.671903669834137
4,3239,0.07638761401176453,-0.014201944693922997,0.15471656620502472,0.800000011920929,0.9200000166893005,--,--,--,--,0.800000011920929,0.9196599721908569,0.8465542793273926
4,3240,0.3666304349899292,-0.002526020398363471,0.5913843512535095,0.9900000095367432,0.9900000095367432,0.5,0.5,0.5,0.5,0.9900000095367432,0.9900000095367432,0.990001916885376
4,3241,0.29848620295524597,0.0,0.4815986156463623,0.8399999737739563,0.8399999737739563,0.5289784669876099,0.5289784669876099,0.50776207447052,0.50776207447052,0.8399999737739563,0.8680700063705444,0.85269695520401
4,3242,0.039594393223524094,-0.09778625518083572,0.046299826353788376,0.6499999761581421,0.6499999761581421,0.509659469127655,0.509659469127655,0.5025873780250549,0.5025873780250549,0.6499999761581421,0.6593599915504456,0.6542322039604187
4,3243,0.2266371250152588,-0.41689595580101013,0.04869585856795311,0.5799999833106995,0.5799999833106995,0.5482974052429199,0.5482974052429199,0.5129368305206299,0.5129368305206299,0.5799999833106995,0.6267899870872498,0.601161539554596
4,3244,0.27140945196151733,0.0,0.43491557240486145,0.8100000023841858,0.8100000023841858,0.5193189382553101,0.5193189382553101,0.5051746964454651,0.5051746964454651,0.8100000023841858,0.828719973564148,0.8184646964073181
4,3245,0.37778639793395996,0.0,0.5822633504867554,0.9900000095367432,0.9900000095367432,0.502509593963623,0.502509593963623,0.5096799731254578,0.5096799731254578,0.9900000095367432,0.995710015296936,0.9921398758888245
4,3246,0.36828678846359253,0.0,0.5683324337005615,0.9700000286102295,0.9700000286102295,0.5050192475318909,0.5050192475318909,0.5193599462509155,0.5193599462509155,0.9700000286102295,0.981410026550293,0.9742794632911682
4,3247,0.19267594814300537,-0.0006421185098588467,0.30318742990493774,0.7300000190734863,0.7300000190734863,0.5276058316230774,0.5276058316230774,0.6064796447753906,0.6064796447753906,0.7300300002098083,0.7927700281143188,0.7535378336906433
4,3248,0.12434114515781403,0.0,0.18762676417827606,0.6899999976158142,0.6899999976158142,0.5250962376594543,0.5250962376594543,0.5967996716499329,0.5967996716499329,0.6900200247764587,0.7470600008964539,0.7113978862762451
4,3249,0.16015775501728058,-0.2892087697982788,0.030779125168919563,0.5899999737739563,0.5899999737739563,0.5301154851913452,0.5301154851913452,0.6161596179008484,0.6161596179008484,0.5900300145149231,0.6584699749946594,0.6156774759292603
4,3250,0.061505869030952454,-0.016328316181898117,0.09776721894741058,0.6899999976158142,0.7400000095367432,--,--,--,--,0.6899999976158142,0.7399799823760986,0.7197714447975159
4,3251,0.10790912806987762,-0.01174499373883009,0.20161336660385132,0.7900000214576721,0.8299999833106995,--,--,--,--,0.7900000214576721,0.8299800157546997,0.8138169646263123
4,3252,0.05497576296329498,-0.002027750015258789,0.09290019422769547,0.6899999976158142,0.800000011920929,--,--,--,--,0.6900500059127808,0.800000011920929,0.7345028519630432
4,3253,0.04472547024488449,-0.0033466978929936886,0.07499188929796219,0.6700000166893005,0.7900000214576721,--,--,--,--,0.6700500249862671,0.7900000214576721,0.7185485363006592
4,3254,0.4109692871570587,-0.938236653804779,0.06708402931690216,0.5600000023841858,0.5600000023841858,--,--,--,--,0.5600000023841858,0.5600000023841858,0.5599991083145142
4,3255,0.032042574137449265,-0.03433188050985336,0.08635441958904266,0.8100000023841858,0.949999988079071,--,--,--,--,0.8100000023841858,0.949999988079071,0.870582103729248
4,3256,0.06815428286790848,-0.0733269527554512,0.14532555639743805,0.6800000071525574,0.8600000143051147,--,--,--,--,0.6800000071525574,0.8600000143051147,0.7821084856987
4,3257,0.02572248876094818,-0.03569844737648964,0.06681375205516815,0.7699999809265137,0.8899999856948853,--,--,--,--,0.7699999809265137,0.8899999856948853,0.8219277262687683
4,3258,0.07636036723852158,-0.06469899415969849,0.1695699542760849,0.7200000286102295,0.9200000166893005,--,--,--,--,0.7200000286102295,0.9200000166893005,0.8334539532661438
4,3259,0.084110327064991,-0.07650966197252274,0.1897355169057846,0.6600000262260437,0.9700000286102295,--,--,--,--,0.6600000262260437,0.9700000286102295,0.8358535766601562
4,3260,0.38869306445121765,0.0,0.5798722505569458,0.9599999785423279,0.9599999785423279,0.5011550188064575,0.5011550188064575,0.5099330544471741,0.5099330544471741,0.9599999785423279,0.9691399931907654,0.9644173383712769
4,3261,0.3691045045852661,0.0,0.5776272416114807,0.8999999761581421,0.8999999761581421,0.5115500688552856,0.5115500688552856,0.599330723285675,0.599330723285675,0.8999999761581421,0.991379976272583,0.9441742300987244
4,3262,0.20275898277759552,0.0,0.28863799571990967,0.7400000095367432,0.7400000095367432,0.5046200156211853,0.5046200156211853,0.5397322773933411,0.5397322773933411,0.7400000095367432,0.7765499949455261,0.7576698064804077
4,3263,0.3078988194465637,0.0,0.45275622606277466,0.8399999737739563,0.8399999737739563,0.502310037612915,0.502310037612915,0.5198661684989929,0.5198661684989929,0.8399999737739563,0.8582800030708313,0.8488349318504333
4,3264,0.39815396070480347,0.0,0.5928412079811096,0.9800000190734863,0.9800000190734863,0.5,0.5,0.5,0.5,0.9800000190734863,0.9800000190734863,0.9799990057945251
4,3265,0.5611802339553833,-1.0355932712554932,0.01411107275635004,0.5899999737739563,0.5899999737739563,0.5,0.5,0.5,0.5,0.5899999737739563,0.5899999737739563,0.5899981260299683
4,3266,0.18652625381946564,0.0,0.28385987877845764,0.7400000095367432,0.7400000095367432,0.5090125203132629,0.5090125203132629,0.504332959651947,0.504332959651947,0.7400000095367432,0.7482900023460388,0.7441372871398926
4,3267,0.2450832724571228,0.0,0.38436731696128845,0.7699999809265137,0.7699999809265137,0.5270375609397888,0.5270375609397888,0.5129988193511963,0.5129988193511963,0.7699999809265137,0.7948799729347229,0.782411515712738
4,3268,0.22672657668590546,0.0,0.4167477786540985,0.5600000023841858,0.5600000023841858,0.8875385522842407,0.8875385522842407,0.6863166093826294,0.6863166093826294,0.5600000023841858,0.9166100025177002,0.737898588180542
4,3269,0.14555294811725616,0.0,0.2810969948768616,0.5699999928474426,0.5699999928474426,0.7433381676673889,0.7433381676673889,0.6169894933700562,0.6169894933700562,0.5699999928474426,0.7939199805259705,0.6817038655281067
4,3270,0.08544141054153442,-0.02778017520904541,0.15144947171211243,0.6200000047683716,0.9800000190734863,--,--,--,--,0.6200000047683716,0.9780399799346924,0.8117853403091431
4,3271,0.04932384192943573,-0.08390215784311295,0.09905961900949478,0.5,0.9700000286102295,--,--,--,--,0.5025500059127808,0.9700000286102295,0.7196137309074402
4,3272,0.04702881723642349,-0.06487149745225906,0.10918304324150085,0.5,0.8399999737739563,--,--,--,--,0.5,0.8381500244140625,0.6811304688453674
4,3273,0.10065063089132309,0.0,0.19197040796279907,0.7599999904632568,0.8100000023841858,--,--,--,--,0.7602699995040894,0.8100000023841858,0.7833631038665771
4,3274,0.09683897346258163,0.0,0.18411067128181458,0.75,0.8100000023841858,--,--,--,--,0.7503299713134766,0.8100000023841858,0.7780357599258423
4,3275,0.04155107960104942,-0.06217673420906067,0.08731257915496826,0.6299999952316284,0.7099999785423279,--,--,--,--,0.6299999952316284,0.7099999785423279,0.675039529800415
4,3276,0.07060985267162323,-0.0280682984739542,0.12947838008403778,0.699999988079071,0.8799999952316284,--,--,--,--,0.699999988079071,0.8799999952316284,0.8013387322425842
4,3277,0.021741773933172226,-0.05164176598191261,0.032417479902505875,0.6100000143051147,0.699999988079071,--,--,--,--,0.6100000143051147,0.699999988079071,0.6493307948112488
4,3278,0.015240591019392014,-0.03630843386054039,0.03804347291588783,0.6299999952316284,0.7200000286102295,--,--,--,--,0.6299999952316284,0.7200000286102295,0.6693306565284729
4,3279,0.07565045356750488,-0.007282603997737169,0.13611087203025818,0.9100000262260437,0.9399999976158142,--,--,--,--,0.9100000262260437,0.9399999976158142,0.9268897771835327
4,3280,0.05358106270432472,-0.032908614724874496,0.11536519229412079,0.6000000238418579,0.7799999713897705,--,--,--,--,0.6000000238418579,0.7799199819564819,0.6981374621391296
4,3281,0.09273675829172134,-0.009618568234145641,0.18269507586956024,0.8399999737739563,0.9100000262260437,--,--,--,--,0.8399999737739563,0.9099699854850769,0.8781645894050598
4,3282,0.0510065071284771,-0.054739803075790405,0.1164478063583374,0.5400000214576721,0.7699999809265137,--,--,--,--,0.5400000214576721,0.7698900103569031,0.6653977036476135
4,3283,0.049087122082710266,-0.07883653789758682,0.10863600671291351,0.5099999904632568,0.7300000190734863,--,--,--,--,0.5099999904632568,0.7299000024795532,0.6299455761909485
4,3284,0.020442746579647064,-0.058803740888834,0.06223166733980179,0.6100000143051147,0.7699999809265137,--,--,--,--,0.610069990158081,0.7699999809265137,0.6827667355537415
4,3285,0.20590665936470032,-0.3515971601009369,0.025391751900315285,0.5899999737739563,0.5899999737739563,0.5242535471916199,0.5242535471916199,0.5970142483711243,0.5970142483711243,0.5900300145149231,0.6483299732208252,0.6139177680015564
4,3286,0.31932276487350464,0.0,0.5400869250297546,0.9200000166893005,0.9200000166893005,0.5194028615951538,0.5194028615951538,0.5776113867759705,0.5776113867759705,0.9200199842453003,0.9666699767112732,0.9391342997550964
4,3287,0.36116743087768555,-0.6050438284873962,0.03412289172410965,0.5600000023841858,0.5600000023841858,0.5266789197921753,0.5266789197921753,0.6067156791687012,0.6067156791687012,0.5600299835205078,0.6241599917411804,0.586309552192688
4,3288,0.30043473839759827,0.0,0.5058301687240601,0.8899999856948853,0.8899999856948853,0.5169774889945984,0.5169774889945984,0.5679099559783936,0.5679099559783936,0.8900200128555298,0.9308300018310547,0.9067426323890686
4,3289,0.07253708690404892,-0.07861851155757904,0.2265177071094513,0.5400000214576721,0.5400000214576721,0.5994396209716797,0.5994396209716797,0.897758424282074,0.897758424282074,0.5400999784469604,0.7791600227355957,0.6380633115768433
4,3290,0.1940479874610901,0.0,0.34387728571891785,0.6100000143051147,0.6100000143051147,0.6877339482307434,0.6877339482307434,0.5689634680747986,0.5689634680747986,0.6100000143051147,0.834559977054596,0.7307401895523071
4,3291,0.4185798764228821,0.0,0.5607808232307434,0.9100000262260437,0.9100000262260437,0.5469334721565247,0.5469334721565247,0.5172408819198608,0.5172408819198608,0.9100000262260437,0.9661399722099304,0.940185010433197
4,3292,0.3907902240753174,0.0,0.5583069920539856,0.8299999833106995,0.8299999833106995,0.6408004760742188,0.6408004760742188,0.5517226457595825,0.5517226457595825,0.8299999833106995,0.998420000076294,0.9205549955368042
4,3293,0.6901013255119324,-1.1399705410003662,0.0357622429728508,0.5199999809265137,0.5199999809265137,0.5750935673713684,0.5750935673713684,0.5275853872299194,0.5275853872299194,0.5199999809265137,0.6098200082778931,0.5682960748672485
4,3294,0.3810361623764038,0.0,0.49821436405181885,0.8799999952316284,0.8799999952316284,0.5,0.5,0.5,0.5,0.8799999952316284,0.8799999952316284,0.8800010681152344
4,3295,0.12721869349479675,-0.004437565803527832,0.2492183893918991,0.7400000095367432,0.8199999928474426,--,--,--,--,0.7400000095367432,0.8199999928474426,0.7880184054374695
4,3296,0.10511214286088943,-0.012374968267977238,0.21181480586528778,0.6200000047683716,0.8999999761581421,--,--,--,--,0.6200000047683716,0.8999999761581421,0.7880646586418152
4,3297,0.0677984207868576,-0.00883340835571289,0.13310039043426514,0.6200000047683716,0.7400000095367432,--,--,--,--,0.6200000047683716,0.7400000095367432,0.6920275688171387
4,3298,0.1166287213563919,-0.005709740333259106,0.22945134341716766,0.7099999785423279,0.8100000023841858,--,--,--,--,0.7099999785423279,0.8100000023841858,0.7700231075286865
4,3299,0.023938415572047234,-0.05894660949707031,0.04303121566772461,0.550000011920929,0.75,--,--,--,--,0.550000011920929,0.75,0.6299540400505066
4,3300,0.05678882077336311,-0.027851594612002373,0.11610454320907593,0.6100000143051147,0.6800000071525574,--,--,--,--,0.6104300022125244,0.6800000071525574,0.6441131234169006
4,3301,0.06862249225378036,-0.02254645712673664,0.11815274506807327,0.6499999761581421,0.8899999856948853,--,--,--,--,0.6499999761581421,0.8885300159454346,0.7730414271354675
4,3302,0.049105048179626465,-0.05497828125953674,0.09412359446287155,0.5099999904632568,0.8899999856948853,--,--,--,--,0.5099999904632568,0.8876699805259705,0.7048154473304749
4,3303,0.12451495975255966,0.0,0.1994934380054474,0.9100000262260437,0.949999988079071,--,--,--,--,0.9102500081062317,0.949999988079071,0.9294931888580322
4,3304,0.12642249464988708,-0.004676481243222952,0.21034473180770874,0.949999988079071,0.9700000286102295,--,--,--,--,0.949999988079071,0.9698799848556519,0.9602531790733337
4,3305,0.057280149310827255,-0.13078908622264862,0.04263211414217949,0.6100000143051147,0.6100000143051147,0.5938343405723572,0.5938343405723572,0.5345705151557922,0.5345705151557922,0.6100000143051147,0.6822500228881836,0.644233763217926
4,3306,1.012647271156311,-1.6675353050231934,0.05348408967256546,0.5299999713897705,0.5299999713897705,0.5563005805015564,0.5563005805015564,0.5207422971725464,0.5207422971725464,0.5299999713897705,0.5733500123023987,0.5505403280258179
4,3307,0.3943713903427124,0.0,0.5801249742507935,0.9700000286102295,0.9700000286102295,0.5,0.5,0.5,0.5,0.9700000286102295,0.9700000286102295,0.9700010418891907
4,3308,0.32037368416786194,0.0,0.513888955116272,0.800000011920929,0.800000011920929,0.659518301486969,0.659518301486969,0.5587698817253113,0.5587698817253113,0.800000011920929,0.9228299856185913,0.8581973910331726
4,3309,0.4089471995830536,0.0,0.6020629405975342,1.0,1.0,0.5,0.5,0.5,0.5,1.0,1.0,1.0
4,3310,0.12834587693214417,-0.0021041680593043566,0.208976611495018,0.9399999976158142,0.9800000190734863,--,--,--,--,0.9399999976158142,0.9800000190734863,0.959174394607544
4,3311,0.05988606438040733,-0.00624502170830965,0.1060238629579544,0.699999988079071,0.7699999809265137,--,--,--,--,0.699999988079071,0.7699999809265137,0.7364447116851807
4,3312,0.09474340081214905,-0.0024126421194523573,0.15260404348373413,0.800000011920929,0.8100000023841858,--,--,--,--,0.800000011920929,0.8100000023841858,0.8047935962677002
4,3313,0.04731450602412224,-0.09492861479520798,0.059317510575056076,0.5199999809265137,0.7900000214576721,--,--,--,--,0.5199999809265137,0.7900000214576721,0.6494272947311401
4,3314,0.7246245741844177,-1.6299492120742798,0.07272060960531235,0.5299999713897705,0.5400000214576721,--,--,--,--,0.5299999713897705,0.5400000214576721,0.534793496131897
4,3315,0.06453853100538254,-0.014782600104808807,0.11066613346338272,0.6899999976158142,0.9599999785423279,--,--,--,--,0.6899999976158142,0.9599999785423279,0.8194272518157959
4,3316,0.10190318524837494,-0.004400015342980623,0.1587727814912796,0.8299999833106995,0.8999999761581421,--,--,--,--,0.8299999833106995,0.8999999761581421,0.8635553121566772
4,3317,0.0665678158402443,-0.1319887638092041,0.05664154514670372,0.5199999809265137,0.7400000095367432,--,--,--,--,0.5199999809265137,0.7400000095367432,0.6254591941833496
4,3318,0.07059615105390549,-0.014408145099878311,0.12229790538549423,0.7099999785423279,0.9900000095367432,--,--,--,--,0.7099999785423279,0.9900000095367432,0.8442205786705017
4,3319,0.07022006809711456,-0.012590939179062843,0.11492954194545746,0.7200000286102295,0.9399999976158142,--,--,--,--,0.7200000286102295,0.9399999976158142,0.8254591822624207
4,3320,0.12277092784643173,0.0,0.2188841551542282,0.7300000190734863,0.8299999833106995,--,--,--,--,0.7305099964141846,0.8299999833106995,0.7900446653366089
4,3321,0.03560230880975723,-0.03503592312335968,0.06275240331888199,0.6600000262260437,0.8399999737739563,--,--,--,--,0.6600000262260437,0.8390799760818481,0.7319197058677673
4,3322,0.11556067317724228,-0.002815325977280736,0.20813782513141632,0.7699999809265137,0.800000011920929,--,--,--,--,0.7701500058174133,0.800000011920929,0.7880133986473083
4,3323,0.11717831343412399,0.0,0.1880822777748108,0.5899999737739563,0.8199999928474426,--,--,--,--,0.5911700129508972,0.8199999928474426,0.7281025052070618
4,3324,0.10882191359996796,-0.2083750218153,0.0,0.5199999809265137,0.75,--,--,--,--,0.5199999809265137,0.7488300204277039,0.6118974685668945
4,3325,0.24042589962482452,0.0,0.3427773118019104,0.7300000190734863,0.7300000190734863,0.5030167102813721,0.5030167102813721,0.5799431204795837,0.5799431204795837,0.7303900122642517,0.8213800191879272,0.7754312753677368
4,3326,0.42497941851615906,0.0,0.5882470607757568,0.9800000190734863,0.9800000190734863,0.5,0.5,0.5,0.5,0.9800000190734863,0.9800000190734863,0.9799990653991699
4,3327,0.2799051105976105,-0.4868081212043762,0.07515698671340942,0.5099999904632568,0.5099999904632568,0.504902184009552,0.504902184009552,0.6299075484275818,0.6299075484275818,0.5106300115585327,0.658490002155304,0.5838261246681213
4,3328,0.3063446581363678,0.0,0.4599958658218384,0.7099999785423279,0.7099999785423279,0.509804368019104,0.509804368019104,0.7598150968551636,0.7598150968551636,0.7112500071525574,1.0069999694824219,0.8576521277427673
4,3329,0.3727112412452698,0.0,0.5424138307571411,0.8700000047683716,0.8700000047683716,0.503393828868866,0.503393828868866,0.5899360179901123,0.5899360179901123,0.8704299926757812,0.9728000164031982,0.9211103916168213
4,3330,0.061351023614406586,-0.028603866696357727,0.10862904787063599,0.7099999785423279,0.8700000047683716,--,--,--,--,0.7099999785423279,0.8691800236701965,0.7739287614822388
4,3331,0.11478175222873688,-0.002567370655015111,0.2061927169561386,0.7599999904632568,0.800000011920929,--,--,--,--,0.760200023651123,0.800000011920929,0.7840179800987244
4,3332,0.09614787995815277,-0.0013339107390493155,0.1567026525735855,0.5099999904632568,0.7900000214576721,--,--,--,--,0.511430025100708,0.7900000214576721,0.6781244874000549
4,3333,0.04014880582690239,-0.037705544382333755,0.07596611231565475,0.6499999761581421,0.6700000166893005,--,--,--,--,0.6500999927520752,0.6700000166893005,0.6620088219642639
4,3334,0.06503632664680481,-0.023508340120315552,0.12742279469966888,0.5199999809265137,0.7200000286102295,--,--,--,--,0.5210199952125549,0.7200000286102295,0.6400890946388245
4,3335,0.17956966161727905,0.0,0.3367076516151428,0.6899999976158142,0.6899999976158142,0.6090429425239563,0.6090429425239563,0.7025083303451538,0.7025083303451538,0.6899999976158142,0.8195400238037109,0.7396605610847473
4,3336,0.14497651159763336,-0.007382613141089678,0.2968027591705322,0.6600000262260437,0.6600000262260437,0.618524968624115,0.618524968624115,0.7201177477836609,0.7201177477836609,0.6600000262260437,0.8008000254631042,0.71397864818573
4,3337,0.0762820765376091,-0.13856710493564606,0.03650874271988869,0.5600000023841858,0.5600000023841858,0.6374889612197876,0.6374889612197876,0.7553366422653198,0.7553366422653198,0.5600000023841858,0.723330020904541,0.6226150989532471
4,3338,0.31669843196868896,0.0,0.4989423155784607,0.8600000143051147,0.8600000143051147,0.5663740038871765,0.5663740038871765,0.6232659816741943,0.6232659816741943,0.8600000143051147,0.9388499855995178,0.8902281522750854
4,3339,0.38672226667404175,0.0,0.5771028995513916,0.9700000286102295,0.9700000286102295,0.5094820261001587,0.5094820261001587,0.5176094174385071,0.5176094174385071,0.9700000286102295,0.9812600016593933,0.9743184447288513
4,3340,0.1044752225279808,-0.025927025824785233,0.19391028583049774,0.5299999713897705,0.7400000095367432,--,--,--,--,0.531220018863678,0.7400000095367432,0.6574062705039978
4,3341,0.017123013734817505,-0.036055587232112885,0.03467894718050957,0.6700000166893005,0.8600000143051147,--,--,--,--,0.6700000166893005,0.8588899970054626,0.744727611541748
4,3342,0.12569034099578857,0.0,0.2079000174999237,0.8600000143051147,0.9900000095367432,--,--,--,--,0.860759973526001,0.9900000095367432,0.9388706088066101
4,3343,0.10107336938381195,0.0,0.1634305715560913,0.7599999904632568,0.800000011920929,--,--,--,--,0.7602300047874451,0.800000011920929,0.7842677235603333
4,3344,0.046125490218400955,-0.023389659821987152,0.07953081279993057,0.7300000190734863,0.8500000238418579,--,--,--,--,0.7300000190734863,0.8493000268936157,0.77719646692276
4,3345,0.1445227414369583,-0.006502650212496519,0.2557713985443115,0.699999988079071,0.699999988079071,0.5534207224845886,0.5534207224845886,0.5961573123931885,0.5961573123931885,0.699999988079071,0.7499899864196777,0.7190209627151489
4,3346,0.6897457838058472,-1.1238493919372559,0.05568723380565643,0.5400000214576721,0.5400000214576721,0.5437078475952148,0.5437078475952148,0.5786741375923157,0.5786741375923157,0.5400000214576721,0.5809000134468079,0.5555626749992371
4,3347,0.08203954994678497,-0.15172643959522247,0.036263782531023026,0.550000011920929,0.550000011920929,0.6408364772796631,0.6408364772796631,0.7535055875778198,0.7535055875778198,0.550000011920929,0.6817899942398071,0.6001466512680054
4,3348,0.16845324635505676,-0.005668243393301964,0.306740403175354,0.699999988079071,0.699999988079071,0.5777028799057007,0.5777028799057007,0.6398651599884033,0.6398651599884033,0.699999988079071,0.7727100253105164,0.7276667356491089
4,3349,0.3757820427417755,0.0,0.5772109627723694,0.9800000190734863,0.9800000190734863,0.5,0.5,0.5,0.5,0.9800000190734863,0.9800000190734863,0.9799990653991699
4,3350,0.015548920258879662,-0.03113812580704689,0.045293353497982025,0.6499999761581421,0.7300000190734863,--,--,--,--,0.6499999761581421,0.7295299768447876,0.6814641356468201
4,3351,0.10260569304227829,0.0,0.16379088163375854,0.6600000262260437,0.7900000214576721,--,--,--,--,0.6607599854469299,0.7900000214576721,0.7388705015182495
4,3352,0.11686908453702927,0.0,0.19065570831298828,0.7900000214576721,0.8899999856948853,--,--,--,--,0.7905799746513367,0.8899999856948853,0.8506697416305542
4,3353,0.11679869145154953,0.0,0.19434282183647156,0.8600000143051147,0.9100000262260437,--,--,--,--,0.860289990901947,0.9100000262260437,0.890334963798523
4,3354,0.11398429423570633,-0.006325046066194773,0.19113102555274963,0.5600000023841858,0.800000011920929,--,--,--,--,0.5613999962806702,0.800000011920929,0.7056074142456055
4,3355,0.07671643048524857,-0.20922911167144775,0.057569317519664764,0.5,0.6700000166893005,--,--,--,--,0.5,0.6700000166893005,0.5898402333259583
4,3356,0.0652075931429863,-0.008511682040989399,0.09973118454217911,0.6100000143051147,0.9300000071525574,--,--,--,--,0.6100000143051147,0.9300000071525574,0.7608891129493713
4,3357,0.11855888366699219,-0.0066492292098701,0.23433156311511993,0.9200000166893005,0.949999988079071,--,--,--,--,0.9200000166893005,0.949999988079071,0.9341456890106201
4,3358,3.080634355545044,-7.763446807861328,0.03975037485361099,0.5,0.5099999904632568,--,--,--,--,0.5,0.5099999904632568,0.5047153234481812
4,3359,0.03939191624522209,-0.09566598385572433,0.07197070121765137,0.5400000214576721,0.7200000286102295,--,--,--,--,0.5400000214576721,0.7200000286102295,0.6248750686645508
4,3360,0.41818907856941223,0.0,0.6159266233444214,0.9200000166893005,0.9200000166893005,0.5585233569145203,0.5585233569145203,0.5384059548377991,0.5384059548377991,0.9200000166893005,0.9825599789619446,0.9522237181663513
4,3361,0.41526421904563904,0.0,0.613683819770813,0.9100000262260437,0.9100000262260437,0.5668838620185852,0.5668838620185852,0.543892502784729,0.543892502784729,0.9100000262260437,0.9814900159835815,0.9468269944190979
4,3362,0.314209520816803,0.0,0.5412260890007019,0.6100000143051147,0.6100000143051147,0.7926167845726013,0.7926167845726013,0.6920297741889954,0.6920297741889954,0.6100000143051147,0.922789990901947,0.7711181640625
4,3363,0.0463150255382061,-0.14912556111812592,0.07229899615049362,0.6600000262260437,0.6600000262260437,0.5167209506034851,0.5167209506034851,0.5109731554985046,0.5109731554985046,0.6600000262260437,0.677869975566864,0.6692068576812744
4,3364,0.4001309871673584,0.0,0.5897077322006226,0.8899999856948853,0.8899999856948853,0.5585233569145203,0.5585233569145203,0.5384059548377991,0.5384059548377991,0.8899999856948853,0.9525600075721741,0.9222236275672913
4,3365,0.0586187019944191,0.0,0.1060812696814537,0.5199999809265137,0.8100000023841858,--,--,--,--,0.5213500261306763,0.8100000023841858,0.6649770736694336
4,3366,0.06692148745059967,0.0,0.12144563347101212,0.5600000023841858,0.9599999785423279,--,--,--,--,0.5618600249290466,0.9599999785423279,0.7599684596061707
4,3367,0.0704997256398201,-0.01614292524755001,0.11759238690137863,0.7400000095367432,0.8299999833106995,--,--,--,--,0.7404199838638306,0.8299999833106995,0.7849929928779602
4,3368,0.05708739906549454,-0.03032166138291359,0.1061931848526001,0.8299999833106995,0.949999988079071,--,--,--,--,0.8299999833106995,0.9494400024414062,0.8900092840194702
4,3369,0.05883361026644707,0.0,0.1046796664595604,0.5299999713897705,0.8299999833106995,--,--,--,--,0.5313900113105774,0.8299999833106995,0.6799764037132263
4,3370,0.09253369271755219,-0.0014799833297729492,0.14954590797424316,0.6899999976158142,1.0,--,--,--,--,0.6899999976158142,1.0,0.8512675762176514
4,3371,0.05746867507696152,-0.0059445695951581,0.09000201523303986,0.7099999785423279,0.7400000095367432,--,--,--,--,0.7099999785423279,0.7400000095367432,0.7243934869766235
4,3372,0.045185234397649765,-0.010894984006881714,0.08746962994337082,0.6000000238418579,0.8199999928474426,--,--,--,--,0.6000000238418579,0.8199999928474426,0.7144479751586914
4,3373,0.05254923552274704,-0.02097681537270546,0.113406702876091,0.6000000238418579,0.9300000071525574,--,--,--,--,0.6000000238418579,0.9300000071525574,0.7583280801773071
4,3374,0.050584711134433746,-0.0014386574039235711,0.09166200459003448,0.6399999856948853,0.800000011920929,--,--,--,--,0.6399999856948853,0.800000011920929,0.7232348322868347
4,3375,0.111332006752491,-0.0007209389586932957,0.1851492077112198,0.800000011920929,0.9300000071525574,--,--,--,--,0.800000011920929,0.9300000071525574,0.8676282167434692
4,3376,0.09500300884246826,-0.0006001335568726063,0.15408140420913696,0.7599999904632568,0.8500000238418579,--,--,--,--,0.7599999904632568,0.8500000238418579,0.8068195581436157
4,3377,0.13463668525218964,-0.0039792307652533054,0.2502326965332031,0.9100000262260437,0.9800000190734863,--,--,--,--,0.9100000262260437,0.9800000190734863,0.9435848593711853
4,3378,0.02683788537979126,-0.016605855897068977,0.05170426890254021,0.6200000047683716,0.7799999713897705,--,--,--,--,0.6200000047683716,0.7799999713897705,0.696765124797821
4,3379,0.0831771045923233,-0.0014889240264892578,0.1358669400215149,0.6700000166893005,0.949999988079071,--,--,--,--,0.6700000166893005,0.949999988079071,0.8156610727310181
4,3380,0.03179343417286873,-0.04037484899163246,0.07807926088571548,0.5400000214576721,0.8999999761581421,--,--,--,--,0.5429499745368958,0.8999999761581421,0.7100921869277954
4,3381,0.05718889459967613,0.0,0.09039220213890076,0.7099999785423279,0.8399999737739563,--,--,--,--,0.7110599875450134,0.8399999737739563,0.7714221477508545
4,3382,0.04912097379565239,-0.003958721645176411,0.07992386817932129,0.6899999976158142,0.9900000095367432,--,--,--,--,0.6924600005149841,0.9900000095367432,0.8317434191703796
4,3383,0.02955709584057331,-0.05293240025639534,0.0788600891828537,0.5099999904632568,0.8600000143051147,--,--,--,--,0.5128700137138367,0.8600000143051147,0.675367534160614
4,3384,0.06536644697189331,0.0,0.10172565281391144,0.7300000190734863,0.800000011920929,--,--,--,--,0.7305700182914734,0.800000011920929,0.7630735039710999
4,3385,0.028938880190253258,-0.04941868782043457,0.04127311706542969,0.550000011920929,1.0,--,--,--,--,0.550000011920929,1.0,0.7472532391548157
4,3386,0.1474771946668625,-0.31349340081214905,0.07878541946411133,0.5799999833106995,0.6299999952316284,--,--,--,--,0.5799999833106995,0.6299999952316284,0.601917028427124
4,3387,0.08430652320384979,-0.0067838141694664955,0.1442345380783081,0.7099999785423279,0.8700000047683716,--,--,--,--,0.7099999785423279,0.8700000047683716,0.7998656034469604
4,3388,0.06530658900737762,-0.007734404411166906,0.10246267169713974,0.7599999904632568,0.8399999737739563,--,--,--,--,0.7599999904632568,0.8399999737739563,0.7950672507286072
4,3389,0.12107902020215988,-0.001769445138052106,0.22180473804473877,0.9399999976158142,0.9399999976158142,--,--,--,--,0.9399999976158142,0.9399999976158142,0.9400015473365784
4,3390,0.038892026990652084,-0.08302124589681625,0.026068780571222305,0.5899999737739563,0.7599999904632568,--,--,--,--,0.5899999737739563,0.7599999904632568,0.664517879486084
4,3391,0.06045258045196533,-0.019379260018467903,0.11248112469911575,0.5099999904632568,0.8999999761581421,--,--,--,--,0.5099999904632568,0.8999999761581421,0.7290472984313965
4,3392,0.05744523927569389,-0.011641183868050575,0.08969128131866455,0.7400000095367432,0.800000011920929,--,--,--,--,0.7400000095367432,0.800000011920929,0.7663005590438843
4,3393,0.04525110498070717,-0.009830454364418983,0.08117999881505966,0.6899999976158142,0.9700000286102295,--,--,--,--,0.6899999976158142,0.9700000286102295,0.812735378742218
4,3394,0.02276771143078804,-0.034969884902238846,0.04496171697974205,0.6200000047683716,0.8700000047683716,--,--,--,--,0.6200000047683716,0.8700000047683716,0.7295852303504944
4,3395,0.26657283306121826,0.0,0.42505815625190735,0.8199999928474426,0.8199999928474426,0.5064835548400879,0.5064835548400879,0.5596486926078796,0.5596486926078796,0.8202700018882751,0.8539800047874451,0.8350880146026611
4,3396,1.6090619564056396,-2.969420909881592,0.02331577055156231,0.5400000214576721,0.5400000214576721,0.5010805726051331,0.5010805726051331,0.5099414587020874,0.5099414587020874,0.5400400161743164,0.5456600189208984,0.5425146222114563
4,3397,0.3538186848163605,-0.010486197657883167,0.5686224699020386,0.9700000286102295,0.9700000286102295,0.5021612048149109,0.5021612048149109,0.5198829174041748,0.5198829174041748,0.9700899720191956,0.9813299775123596,0.9750295281410217
4,3398,0.3134430944919586,0.0,0.5087471008300781,0.8899999856948853,0.8899999856948853,0.5064835548400879,0.5064835548400879,0.5596486926078796,0.5596486926078796,0.8902699947357178,0.9239799976348877,0.9050881862640381
4,3399,0.08046336472034454,-0.2006116509437561,0.07162315398454666,0.6399999856948853,0.6399999856948853,0.503241777420044,0.503241777420044,0.5298243165016174,0.5298243165016174,0.6401299834251404,0.6569899916648865,0.6475443243980408
4,3400,0.06616024672985077,-0.026471443474292755,0.12061339616775513,0.6200000047683716,0.8500000238418579,--,--,--,--,0.6204400062561035,0.8500000238418579,0.7442502975463867
4,3401,0.08458493649959564,0.0,0.132064551115036,0.9100000262260437,0.9900000095367432,--,--,--,--,0.9101499915122986,0.9900000095367432,0.9532174468040466
4,3402,0.047555819153785706,-0.1436517983675003,0.03400515764951706,0.6100000143051147,0.6200000047683716,--,--,--,--,0.6100000143051147,0.619979977607727,0.6145976185798645
4,3403,0.04484698176383972,-0.14041918516159058,0.04900524020195007,0.5799999833106995,0.6399999856948853,--,--,--,--,0.5801200270652771,0.6399999856948853,0.6124129891395569
4,3404,0.05347931385040283,-0.013856949284672737,0.08672267943620682,0.7599999904632568,0.8600000143051147,--,--,--,--,0.7599999904632568,0.8598099946975708,0.8059781193733215
4,3405,0.09998851269483566,-0.0023749966640025377,0.15661530196666718,0.5299999713897705,0.9800000190734863,--,--,--,--,0.530460000038147,0.9800000190734863,0.7566092014312744
4,3406,0.04438740015029907,-0.01956293173134327,0.07907215505838394,0.6299999952316284,0.7799999713897705,--,--,--,--,0.6299999952316284,0.7798500061035156,0.7044636607170105
4,3407,0.08707422763109207,-0.01778050698339939,0.15769138932228088,0.7200000286102295,0.9800000190734863,--,--,--,--,0.7200000286102295,0.9797400236129761,0.8490700721740723
4,3408,0.09697151929140091,-0.002479180693626404,0.15102127194404602,0.5099999904632568,0.9800000190734863,--,--,--,--,0.5104799866676331,0.9800000190734863,0.7466806173324585
4,3409,0.03687901422381401,-0.01895236223936081,0.072902612388134,0.6399999856948853,0.7099999785423279,--,--,--,--,0.6399999856948853,0.7099300026893616,0.6747497916221619
4,3410,0.16703952848911285,-0.01375881489366293,0.37201061844825745,0.5799999833106995,0.5799999833106995,0.7101698517799377,0.7101698517799377,0.7413061261177063,0.7413061261177063,0.5799999833106995,0.8317700028419495,0.6990646719932556
4,3411,0.3606832027435303,0.0,0.5733764171600342,0.800000011920929,0.800000011920929,0.6247883439064026,0.6247883439064026,0.6432754993438721,0.6432754993438721,0.800000011920929,0.9494900107383728,0.870694637298584
4,3412,0.23686128854751587,0.0,0.3442334532737732,0.7400000095367432,0.7400000095367432,0.5262712240219116,0.5262712240219116,0.5301632881164551,0.5301632881164551,0.7400000095367432,0.7714700102806091,0.7548829317092896
4,3413,0.43272504210472107,0.0,0.6145337820053101,0.949999988079071,0.949999988079071,0.5131356120109558,0.5131356120109558,0.5150816440582275,0.5150816440582275,0.949999988079071,0.9657400250434875,0.9574415683746338
4,3414,0.3461581766605377,0.0,0.4935898184776306,0.8299999833106995,0.8299999833106995,0.5197034478187561,0.5197034478187561,0.5226224660873413,0.5226224660873413,0.8299999833106995,0.853600025177002,0.841162383556366
4,3415,0.18388472497463226,-0.39857086539268494,0.002574089216068387,0.5,0.6399999856948853,--,--,--,--,0.5,0.6398599743843079,0.569499135017395
4,3416,0.14065474271774292,-0.000979584059678018,0.22859342396259308,0.800000011920929,0.9900000095367432,--,--,--,--,0.8001899719238281,0.9900000095367432,0.8956792950630188
4,3417,0.1276002675294876,-0.008385217748582363,0.22365568578243256,0.8500000238418579,0.9700000286102295,--,--,--,--,0.8500000238418579,0.9698799848556519,0.9095709323883057
4,3418,0.3354448676109314,-0.8033915162086487,0.05000830069184303,0.5099999904632568,0.5699999928474426,--,--,--,--,0.5100600123405457,0.5699999928474426,0.5402144193649292
4,3419,0.11233492195606232,-0.26377031207084656,0.016171075403690338,0.5400000214576721,0.6499999761581421,--,--,--,--,0.5400000214576721,0.6498900055885315,0.5946065187454224
4,3420,0.025921553373336792,-0.06409796327352524,0.053100667893886566,0.6200000047683716,0.6499999761581421,--,--,--,--,0.6200000047683716,0.6499099731445312,0.6358045935630798
4,3421,0.03642437234520912,-0.10722735524177551,0.047832757234573364,0.6200000047683716,0.6299999952316284,--,--,--,--,0.6200000047683716,0.6299700140953064,0.6252680420875549
4,3422,0.1467570960521698,-0.00757229421287775,0.29484862089157104,0.8600000143051147,0.9399999976158142,--,--,--,--,0.8600000143051147,0.9397600293159485,0.9021454453468323
4,3423,0.04731140658259392,-0.012328571639955044,0.06989862024784088,0.6000000238418579,0.7300000190734863,--,--,--,--,0.6003900170326233,0.7300000190734863,0.6615135669708252
4,3424,0.14802466332912445,-0.32687076926231384,0.04359545558691025,0.5199999809265137,0.6299999952316284,--,--,--,--,0.5199999809265137,0.6296700239181519,0.5779499411582947
4,3425,0.3191350996494293,0.0,0.4702913463115692,0.7799999713897705,0.7799999713897705,0.5351123213768005,0.5351123213768005,0.5936329364776611,0.5936329364776611,0.7799999713897705,0.8649700284004211,0.8188654184341431
4,3426,0.07139958441257477,-0.006429619621485472,0.21127471327781677,0.6000000238418579,0.6000000238418579,0.5632022023200989,0.5632022023200989,0.6685392260551453,0.6685392260551453,0.6000000238418579,0.7529500126838684,0.669958233833313
4,3427,0.2737216055393219,0.0,0.5315558910369873,0.6899999976158142,0.6899999976158142,0.6053370237350464,0.6053370237350464,0.7808987498283386,0.7808987498283386,0.6899999976158142,0.944920003414154,0.8065968751907349
4,3428,0.14483857154846191,-0.2574513554573059,0.05326257273554802,0.5699999928474426,0.5699999928474426,0.5421348214149475,0.5421348214149475,0.6123595237731934,0.6123595237731934,0.5699999928474426,0.671970009803772,0.616638720035553
4,3429,0.463331401348114,0.0,0.6365224719047546,0.9900000095367432,0.9900000095367432,0.5,0.5,0.5,0.5,0.9900000095367432,0.9900000095367432,0.990001916885376
4,3430,0.046449657529592514,-0.024027790874242783,0.1120876893401146,0.6800000071525574,0.8600000143051147,--,--,--,--,0.6800000071525574,0.8600000143051147,0.7577148079872131
4,3431,0.11467146873474121,-0.22503821551799774,0.08195383846759796,0.5299999713897705,0.5699999928474426,--,--,--,--,0.5299999713897705,0.5699999928474426,0.5472699999809265
4,3432,0.11772650480270386,-0.023599425330758095,0.2515910863876343,0.9800000190734863,0.9900000095367432,--,--,--,--,0.9800000190734863,0.9900000095367432,0.984317421913147
4,3433,0.11358890682458878,-0.19747762382030487,0.034165382385253906,0.5,0.6200000047683716,--,--,--,--,0.5,0.6200000047683716,0.5518097877502441
4,3434,0.1168428435921669,-9.671334555605426e-05,0.23176689445972443,0.7799999713897705,0.8100000023841858,--,--,--,--,0.7799999713897705,0.8100000023841858,0.79704749584198
4,3435,0.02406601794064045,-0.03829118236899376,0.06409618258476257,0.6200000047683716,0.8600000143051147,--,--,--,--,0.6200000047683716,0.8600000143051147,0.7236198782920837
4,3436,0.11782249808311462,-0.0005400180816650391,0.23148787021636963,0.699999988079071,1.0,--,--,--,--,0.699999988079071,1.0,0.8704751133918762
4,3437,0.11695405095815659,-0.0005332629079930484,0.22927947342395782,0.6899999976158142,0.949999988079071,--,--,--,--,0.6899999976158142,0.949999988079071,0.8377450108528137
4,3438,0.03994777053594589,-0.07829312980175018,0.04102611914277077,0.5400000214576721,0.9900000095367432,--,--,--,--,0.5400000214576721,0.9900000095367432,0.7342870831489563
4,3439,0.0849430039525032,-0.010838624089956284,0.1779588907957077,0.7400000095367432,0.8100000023841858,--,--,--,--,0.7400000095367432,0.8100000023841858,0.770222544670105
4,3440,0.2760051190853119,-0.013242270797491074,0.461064875125885,0.8399999737739563,0.8399999737739563,0.5297697186470032,0.5297697186470032,0.526716411113739,0.526716411113739,0.8400999903678894,0.8634899854660034,0.8502362966537476
4,3441,0.3444575071334839,-0.013631328009068966,0.5667625069618225,0.9700000286102295,0.9700000286102295,0.5,0.5,0.5,0.5,0.9700000286102295,0.9700000286102295,0.9700010418891907
4,3442,0.028696561232209206,-0.04416383057832718,0.1008780375123024,0.5099999904632568,0.5099999904632568,0.7455999255180359,0.7455999255180359,0.7204102277755737,0.7204102277755737,0.5108299851417542,0.7037799954414368,0.5944502949714661
4,3443,0.31831327080726624,-0.01611752063035965,0.5254594683647156,0.9200000166893005,0.9200000166893005,0.5,0.5,0.5,0.5,0.9200000166893005,0.9200000166893005,0.9199985265731812
4,3444,1.0184470415115356,-1.753251314163208,0.015278097242116928,0.5400000214576721,0.5400000214576721,0.5297697186470032,0.5297697186470032,0.526716411113739,0.526716411113739,0.5400999784469604,0.5634899735450745,0.5502364039421082
4,3445,0.030008465051651,-0.070807084441185,0.049445152282714844,0.550000011920929,0.7699999809265137,--,--,--,--,0.550000011920929,0.7689499855041504,0.6601411700248718
4,3446,0.02472752518951893,-0.05577118322253227,0.06137688085436821,0.6000000238418579,0.7599999904632568,--,--,--,--,0.6000000238418579,0.7592399716377258,0.6801025867462158
4,3447,0.03100270964205265,-0.07019543647766113,0.05722663179039955,0.5400000214576721,0.8899999856948853,--,--,--,--,0.5400000214576721,0.8883299827575684,0.71522456407547
4,3448,0.032423872500658035,-0.06649541854858398,0.06499532610177994,0.5400000214576721,0.949999988079071,--,--,--,--,0.5400000214576721,0.9480400085449219,0.7452629208564758
4,3449,0.04903481528162956,-0.01781608723104,0.0907350480556488,0.7400000095367432,0.8399999737739563,--,--,--,--,0.7400000095367432,0.8395199775695801,0.7900640368461609
4,3450,0.4298152029514313,0.0,0.5730156302452087,0.9300000071525574,0.9300000071525574,0.5,0.5,0.5,0.5,0.9300000071525574,0.9300000071525574,0.9299972057342529
4,3451,0.27853816747665405,0.0,0.47698456048965454,0.5400000214576721,0.5400000214576721,0.7363778352737427,0.7363778352737427,0.7005630135536194,0.7005630135536194,0.5400000214576721,0.8712999820709229,0.7273171544075012
4,3452,0.3319394886493683,0.0,0.5334509611129761,0.6200000047683716,0.6200000047683716,0.7058774828910828,0.7058774828910828,0.6746839284896851,0.6746839284896851,0.6200000047683716,0.9085599780082703,0.7831471562385559
4,3453,0.06331391632556915,-0.13436634838581085,0.10316597670316696,0.5199999809265137,0.5199999809265137,0.6220014691352844,0.6220014691352844,0.6035163998603821,0.6035163998603821,0.5199999809265137,0.6909999847412109,0.6166797876358032
4,3454,0.3074464499950409,0.0,0.41655921936035156,0.7699999809265137,0.7699999809265137,0.5305003523826599,0.5305003523826599,0.5258790850639343,0.5258790850639343,0.7699999809265137,0.812749981880188,0.7941696643829346
4,3455,0.06431864202022552,-0.008769722655415535,0.12961454689502716,0.8600000143051147,0.9300000071525574,--,--,--,--,0.8600000143051147,0.929669976234436,0.8950449824333191
4,3456,0.018320832401514053,-0.01627296395599842,0.03885120525956154,0.6499999761581421,0.699999988079071,--,--,--,--,0.6502400040626526,0.699999988079071,0.674967885017395
4,3457,0.06619183719158173,-0.0001666446478338912,0.13480447232723236,0.8600000143051147,0.9800000190734863,--,--,--,--,0.8605700135231018,0.9800000190734863,0.919922947883606
4,3458,0.06861580908298492,-0.18143703043460846,0.022191304713487625,0.5699999928474426,0.6200000047683716,--,--,--,--,0.5702400207519531,0.6200000047683716,0.5949679017066956
4,3459,0.060005072504282,-0.015923481434583664,0.11939080059528351,0.8299999833106995,0.9300000071525574,--,--,--,--,0.8299999833106995,0.9295200109481812,0.8800641298294067
4,3460,0.4366022050380707,0.0,0.60228031873703,0.949999988079071,0.949999988079071,0.5233523845672607,0.5233523845672607,0.5188325643539429,0.5188325643539429,0.949999988079071,0.976419985294342,0.9629518985748291
4,3461,0.3908575773239136,0.0,0.5353713631629944,0.8899999856948853,0.8899999856948853,0.5077841281890869,0.5077841281890869,0.5062775015830994,0.5062775015830994,0.8899999856948853,0.8988100290298462,0.8943174481391907
4,3462,0.2823614180088043,0.0,0.38645943999290466,0.7699999809265137,0.7699999809265137,0.5311365127563477,0.5311365127563477,0.525110125541687,0.525110125541687,0.7699999809265137,0.8052300214767456,0.7872692346572876
4,3463,0.32580143213272095,0.0,0.4584217369556427,0.7799999713897705,0.7799999713897705,0.5700571537017822,0.5700571537017822,0.5564976930618286,0.5564976930618286,0.7799999713897705,0.8592699766159058,0.8188557624816895
4,3464,0.2276199907064438,-0.008716372773051262,0.408330500125885,0.5799999833106995,0.5799999833106995,0.7880128026008606,0.7880128026008606,0.7322683930397034,0.7322683930397034,0.5799999833106995,0.9058700203895569,0.7397398948669434
4,3465,0.3011550307273865,0.0,0.49175676703453064,0.8500000238418579,0.8500000238418579,0.5424264073371887,0.5424264073371887,0.5424264073371887,0.5424264073371887,0.8500000238418579,0.8808000087738037,0.863920271396637
4,3466,0.18156881630420685,0.0,0.36717212200164795,0.5799999833106995,0.5799999833106995,0.7404162883758545,0.7404162883758545,0.7404162883758545,0.7404162883758545,0.5799999833106995,0.7545300126075745,0.6588817834854126
4,3467,0.253548800945282,0.0,0.45768970251083374,0.6700000166893005,0.6700000166893005,0.7050609588623047,0.7050609588623047,0.7050609588623047,0.7050609588623047,0.6700000166893005,0.8188599944114685,0.7372816205024719
4,3468,0.4959944486618042,-0.8263872861862183,0.11255113780498505,0.550000011920929,0.550000011920929,0.5565685629844666,0.5565685629844666,0.5565685629844666,0.5565685629844666,0.550000011920929,0.5910699963569641,0.5685604214668274
4,3469,0.13060127198696136,0.0,0.24455496668815613,0.6499999761581421,0.6499999761581421,0.6060659885406494,0.6060659885406494,0.6060659885406494,0.6060659885406494,0.6499999761581421,0.7269999980926514,0.6848006844520569
4,3470,0.07199151813983917,0.0,0.11912685632705688,0.5899999737739563,0.8500000238418579,--,--,--,--,0.5899999737739563,0.8500000238418579,0.7164943814277649
4,3471,0.06843448430299759,-0.0217292457818985,0.10820452868938446,0.5899999737739563,0.9800000190734863,--,--,--,--,0.5899999737739563,0.9800000190734863,0.7902584075927734
4,3472,0.10998862236738205,-0.007206924259662628,0.19352328777313232,0.75,0.8299999833106995,--,--,--,--,0.75,0.8299999833106995,0.7910786271095276
4,3473,0.04830305278301239,-0.024929046630859375,0.07888621836900711,0.5400000214576721,0.949999988079071,--,--,--,--,0.5400000214576721,0.949999988079071,0.7505282163619995
4,3474,0.06485483050346375,-0.00634582107886672,0.11206060647964478,0.6600000262260437,0.7300000190734863,--,--,--,--,0.6600000262260437,0.7300000190734863,0.6940560936927795
4,3475,0.03954248130321503,0.0,0.06828831136226654,0.7699999809265137,0.9900000095367432,--,--,--,--,0.7699999809265137,0.9900000095367432,0.8731487989425659
4,3476,0.028866123408079147,-0.09360569715499878,0.08135566860437393,0.6299999952316284,0.6399999856948853,--,--,--,--,0.6299999952316284,0.6399999856948853,0.6346887350082397
4,3477,0.07311694324016571,-0.1483875960111618,0.06314103305339813,0.5799999833106995,0.6299999952316284,--,--,--,--,0.5799999833106995,0.6299999952316284,0.6034428477287292
4,3478,0.06156127154827118,-0.01954762637615204,0.11447326838970184,0.6800000071525574,0.9200000166893005,--,--,--,--,0.6800000071525574,0.9200000166893005,0.8074740171432495
4,3479,0.08373943716287613,-0.012179339304566383,0.1666788011789322,0.9599999785423279,0.9800000190734863,--,--,--,--,0.9599999785423279,0.9800000190734863,0.9706230163574219
4,3480,0.2519330084323883,-0.016438759863376617,0.38492146134376526,0.7699999809265137,0.7699999809265137,0.5173251032829285,0.5173251032829285,0.648996114730835,0.648996114730835,0.7699999809265137,0.8599500060081482,0.8105778694152832
4,3481,0.34842973947525024,-0.007119013462215662,0.5390247106552124,0.9399999976158142,0.9399999976158142,0.5011550188064575,0.5011550188064575,0.5099330544471741,0.5099330544471741,0.9399999976158142,0.9459999799728394,0.9427050948143005
4,3482,0.26809602975845337,-0.015867428854107857,0.4179094731807709,0.7799999713897705,0.7799999713897705,0.520790159702301,0.520790159702301,0.678795337677002,0.678795337677002,0.7799999713897705,0.887939989566803,0.8286933898925781
4,3483,0.2367575764656067,-0.018287071958184242,0.34509316086769104,0.7699999809265137,0.7699999809265137,0.5103950500488281,0.5103950500488281,0.589397668838501,0.589397668838501,0.7699999809265137,0.8239700198173523,0.794346809387207
4,3484,0.14711450040340424,-0.021133888512849808,0.21118131279945374,0.7200000286102295,0.7200000286102295,0.5046200156211853,0.5046200156211853,0.5397322773933411,0.5397322773933411,0.7200000286102295,0.7439900040626526,0.7308208346366882
4,3485,0.34831520915031433,0.0,0.5359088778495789,0.7599999904632568,0.7599999904632568,0.7274907231330872,0.7274907231330872,0.5338816046714783,0.5338816046714783,0.7599999904632568,0.9706400036811829,0.8677576780319214
4,3486,0.20241335034370422,0.0,0.37629660964012146,0.5199999809265137,0.5199999809265137,0.9253087639808655,0.9253087639808655,0.56334388256073,0.56334388256073,0.5199999809265137,0.9138000011444092,0.7214598655700684
4,3487,0.2843252122402191,0.0,0.45850861072540283,0.6499999761581421,0.6499999761581421,0.8165088295936584,0.8165088295936584,0.5471396446228027,0.5471396446228027,0.6499999761581421,0.9430599808692932,0.7999235391616821
4,3488,0.18199914693832397,0.0,0.30951690673828125,0.5799999833106995,0.5799999833106995,0.7670543193817139,0.7670543193817139,0.5397740602493286,0.5397740602493286,0.5799999833106995,0.827269971370697,0.7064982056617737
4,3489,0.4255249500274658,0.0,0.6168088912963867,0.9300000071525574,0.9300000071525574,0.5692363381385803,0.5692363381385803,0.5103117823600769,0.5103117823600769,0.9300000071525574,0.9941099882125854,0.9627960324287415
4,3490,0.09295393526554108,-0.029001308605074883,0.1764877736568451,0.5199999809265137,0.9900000095367432,--,--,--,--,0.5249900221824646,0.9900000095367432,0.7710137963294983
4,3491,0.2337588518857956,-0.42206820845603943,0.06335922330617905,0.5199999809265137,0.5699999928474426,--,--,--,--,0.5199999809265137,0.5694699883460999,0.5432963371276855
4,3492,0.09854058176279068,-0.01319355983287096,0.1584862619638443,0.8600000143051147,0.9100000262260437,--,--,--,--,0.8605300188064575,0.9100000262260437,0.8867036700248718
4,3493,0.07943965494632721,-0.026121506467461586,0.13237275183200836,0.7599999904632568,0.7599999904632568,--,--,--,--,0.7599999904632568,0.7599999904632568,0.7599987387657166
4,3494,0.04470113292336464,-0.10675594955682755,0.02546229586005211,0.5299999713897705,0.7699999809265137,--,--,--,--,0.5299999713897705,0.7674499750137329,0.6418227553367615
4,3495,0.4717884063720703,-0.8419780731201172,0.05271618068218231,0.5699999928474426,0.5699999928474426,0.5660093426704407,0.5660093426704407,0.5232974290847778,0.5232974290847778,0.5699999928474426,0.6148399710655212,0.5895400047302246
4,3496,0.15404357016086578,-0.2712959051132202,0.03558039665222168,0.5699999928474426,0.5699999928474426,0.669738233089447,0.669738233089447,0.5599076151847839,0.5599076151847839,0.5699999928474426,0.6852899789810181,0.6202453970909119
4,3497,0.03615744039416313,-0.0247638002038002,0.0926719382405281,0.6100000143051147,0.6100000143051147,0.688598096370697,0.688598096370697,0.5665640234947205,0.5665640234947205,0.6100000143051147,0.7381100058555603,0.6658284068107605
4,3498,0.18448412418365479,-0.007689489517360926,0.2743271291255951,0.699999988079071,0.699999988079071,0.669738233089447,0.669738233089447,0.5599076151847839,0.5599076151847839,0.699999988079071,0.8152899742126465,0.7502455711364746
4,3499,0.33205437660217285,-0.012300580739974976,0.48547932505607605,0.8799999952316284,0.8799999952316284,0.5188598036766052,0.5188598036766052,0.5066564083099365,0.5066564083099365,0.8799999952316284,0.8928099870681763,0.8855827450752258
4,3500,1.1030364036560059,-1.7933048009872437,0.02303226664662361,0.5099999904632568,0.5099999904632568,0.5988888740539551,0.5988888740539551,0.548176646232605,0.548176646232605,0.5099999904632568,0.5633900165557861,0.5339393019676208
4,3501,0.25502365827560425,-0.0015028881607577205,0.4116714298725128,0.75,0.75,0.6528282761573792,0.6528282761573792,0.5744547843933105,0.5744547843933105,0.75,0.8325099945068359,0.7869970798492432
4,3502,0.0709163248538971,0.0,0.24281145632266998,0.5400000214576721,0.5400000214576721,0.8685858249664307,0.8685858249664307,0.6795674562454224,0.6795674562454224,0.5400000214576721,0.7390099763870239,0.6292283535003662
4,3503,0.3146330416202545,-0.003274576971307397,0.4756476581096649,0.8799999952316284,0.8799999952316284,0.5089898705482483,0.5089898705482483,0.5043796896934509,0.5043796896934509,0.8799999952316284,0.884850025177002,0.8821764588356018
4,3504,0.33563363552093506,0.0,0.5121316313743591,0.9100000262260437,0.9100000262260437,0.5179798007011414,0.5179798007011414,0.5087593793869019,0.5087593793869019,0.9100000262260437,0.9197099804878235,0.9143525958061218
4,3505,0.07122164219617844,-0.03076421283185482,0.12076336145401001,0.6700000166893005,0.8700000047683716,--,--,--,--,0.6700000166893005,0.8700000047683716,0.7791047692298889
4,3506,0.07664382457733154,-0.019121814519166946,0.12351547926664352,0.7599999904632568,0.8700000047683716,--,--,--,--,0.7599999904632568,0.8700000047683716,0.8200077414512634
4,3507,0.027184611186385155,-0.01645873673260212,0.059028368443250656,0.6600000262260437,0.7200000286102295,--,--,--,--,0.6600000262260437,0.7200000286102295,0.6872686147689819
4,3508,0.09099861234426498,-0.005739802960306406,0.1585831195116043,0.8999999761581421,0.9800000190734863,--,--,--,--,0.8999999761581421,0.9800000190734863,0.9436419606208801
4,3509,0.025138337165117264,-0.026402639225125313,0.07602350413799286,0.6100000143051147,0.9300000071525574,--,--,--,--,0.6100000143051147,0.9300000071525574,0.7554324269294739
4,3510,0.07837145030498505,-0.010363495908677578,0.13095246255397797,0.8100000023841858,0.8399999737739563,--,--,--,--,0.8100000023841858,0.8399999737739563,0.8263656497001648
4,3511,0.07589653134346008,-0.01709052361547947,0.1238623633980751,0.7699999809265137,0.8500000238418579,--,--,--,--,0.7699999809265137,0.8500000238418579,0.8136420845985413
4,3512,0.08526817709207535,-0.013589470647275448,0.13917192816734314,0.8199999928474426,0.9599999785423279,--,--,--,--,0.8199999928474426,0.9599999785423279,0.8963732719421387
4,3513,0.024224793538451195,-0.025554109364748,0.07229781150817871,0.6100000143051147,0.9100000262260437,--,--,--,--,0.6100000143051147,0.9100000262260437,0.746342658996582
4,3514,0.017842072993516922,-0.03839102014899254,0.04483858495950699,0.6100000143051147,0.6800000071525574,--,--,--,--,0.6100000143051147,0.6800000071525574,0.6418132781982422
4,3515,0.15861083567142487,-0.3412407338619232,0.02179061248898506,0.6399999856948853,0.6399999856948853,0.502780556678772,0.502780556678772,0.5096056461334229,0.5096056461334229,0.6400200128555298,0.6489499807357788,0.6442141532897949
4,3516,0.3195362091064453,0.0,0.49555379152297974,0.8199999928474426,0.8199999928474426,0.5278058052062988,0.5278058052062988,0.5960564017295837,0.5960564017295837,0.820169985294342,0.9094700217247009,0.8621405959129333
4,3517,0.2990676164627075,0.0,0.4934209883213043,0.7599999904632568,0.7599999904632568,0.5500504374504089,0.5500504374504089,0.6729015707969666,0.6729015707969666,0.7602999806404114,0.9210500121116638,0.8358529210090637
4,3518,0.17415288090705872,0.0,0.3509030044078827,0.5299999713897705,0.5299999713897705,0.6279067397117615,0.6279067397117615,0.9418595433235168,0.9418595433235168,0.5307599902153015,0.9415799975395203,0.7238465547561646
4,3519,0.2213917076587677,0.0,0.4036720097064972,0.6299999952316284,0.6299999952316284,0.5861980319023132,0.5861980319023132,0.7977749109268188,0.7977749109268188,0.6305099725723267,0.9073699712753296,0.7606357932090759
4,3520,0.36095669865608215,0.0,0.5033315420150757,0.7400000095367432,0.7400000095367432,0.6734210848808289,0.6734210848808289,0.5996248722076416,0.5996248722076416,0.7400000095367432,0.9531400203704834,0.8617835640907288
4,3521,0.19278044998645782,0.0,0.23350153863430023,0.6200000047683716,0.6200000047683716,0.6300658583641052,0.6300658583641052,0.5747186541557312,0.5747186541557312,0.6200000047683716,0.7798500061035156,0.7113376259803772
4,3522,0.32157838344573975,0.0,0.4399056136608124,0.7099999785423279,0.7099999785423279,0.6474079489707947,0.6474079489707947,0.5846811532974243,0.5846811532974243,0.7099999785423279,0.8911700248718262,0.8135160803794861
4,3523,0.3501225709915161,0.0,0.45853331685066223,0.8299999833106995,0.8299999833106995,0.5346842408180237,0.5346842408180237,0.5199249982833862,0.5199249982833862,0.8299999833106995,0.8726300001144409,0.8543567657470703
4,3524,0.083519846200943,-0.16711163520812988,0.09598527103662491,0.6100000143051147,0.6100000143051147,0.5520263314247131,0.5520263314247131,0.5298874974250793,0.5298874974250793,0.6100000143051147,0.6739400029182434,0.6465349197387695
4,3525,0.10164181888103485,-0.012117251753807068,0.16673710942268372,0.5899999737739563,0.8199999928474426,--,--,--,--,0.5899999737739563,0.8199999928474426,0.7306615114212036
4,3526,0.0711478516459465,-0.03431875258684158,0.13776902854442596,0.5299999713897705,0.7599999904632568,--,--,--,--,0.5299999713897705,0.7599999904632568,0.6706613898277283
4,3527,0.02144630253314972,-0.0276150181889534,0.05558021366596222,0.6100000143051147,0.8199999928474426,--,--,--,--,0.6100000143051147,0.8199999928474426,0.6915699243545532
4,3528,0.03692521154880524,-0.0211480800062418,0.07919862866401672,0.6600000262260437,0.8399999737739563,--,--,--,--,0.6600000262260437,0.8399999737739563,0.7299171090126038
4,3529,0.10431896895170212,-0.008567236363887787,0.16006511449813843,0.7900000214576721,0.8199999928474426,--,--,--,--,0.7900000214576721,0.8199999928474426,0.8016529679298401
4,3530,0.34540095925331116,0.0,0.5862712264060974,0.9300000071525574,0.9300000071525574,0.519821047782898,0.519821047782898,0.5566315054893494,0.5566315054893494,0.9300000071525574,0.969730019569397,0.9458709359169006
4,3531,0.2768750488758087,0.0,0.473989337682724,0.800000011920929,0.800000011920929,0.5297315120697021,0.5297315120697021,0.5849472284317017,0.5849472284317017,0.800000011920929,0.8596000075340271,0.82380610704422
4,3532,0.0705731213092804,-0.1309521347284317,0.132290780544281,0.6200000047683716,0.6200000047683716,0.5231245160102844,0.5231245160102844,0.5660700798034668,0.5660700798034668,0.6200000047683716,0.6663500070571899,0.6385158896446228
4,3533,0.05465332418680191,-0.1261751502752304,0.12070869654417038,0.5799999833106995,0.5799999833106995,0.5594630837440491,0.5594630837440491,0.6698945164680481,0.6698945164680481,0.5799999833106995,0.6991999745368958,0.627612292766571
4,3534,0.35792067646980286,-0.003122395370155573,0.5882160067558289,0.9700000286102295,0.9700000286102295,0.5,0.5,0.5,0.5,0.9700000286102295,0.9700000286102295,0.9700009822845459
4,3535,0.041232313960790634,-0.024068832397460938,0.08651530742645264,0.6800000071525574,1.0,--,--,--,--,0.6800000071525574,1.0,0.8042970299720764
4,3536,0.05243006721138954,-0.12605008482933044,0.03419855237007141,0.5699999928474426,0.7300000190734863,--,--,--,--,0.5699999928474426,0.7300000190734863,0.6321484446525574
4,3537,0.04590515419840813,-0.024532729759812355,0.09096319228410721,0.6899999976158142,0.9399999976158142,--,--,--,--,0.6899999976158142,0.9399999976158142,0.7871070504188538
4,3538,0.04316510260105133,-0.024257006123661995,0.08612916618585587,0.6800000071525574,0.8999999761581421,--,--,--,--,0.6800000071525574,0.8999999761581421,0.765454113483429
4,3539,0.10729210078716278,-0.0027954578399658203,0.2015383392572403,0.5099999904632568,0.9399999976158142,--,--,--,--,0.5099999904632568,0.9399999976158142,0.7729756832122803
4,3540,0.2496885508298874,0.0,0.37200719118118286,0.7200000286102295,0.7200000286102295,0.5917149782180786,0.5917149782180786,0.5773845314979553,0.5773845314979553,0.7200000286102295,0.8215699791908264,0.7717923521995544
4,3541,0.0612642839550972,-0.011755145154893398,0.14560814201831818,0.5699999928474426,0.5699999928474426,0.6452153921127319,0.6452153921127319,0.6225254535675049,0.6225254535675049,0.5699999928474426,0.7308200001716614,0.6520046591758728
4,3542,0.7752957344055176,-1.2930259704589844,0.05774476379156113,0.5400000214576721,0.5400000214576721,0.5458574891090393,0.5458574891090393,0.5386922359466553,0.5386922359466553,0.5400000214576721,0.5907899737358093,0.5658961534500122
4,3543,0.2944181263446808,0.0,0.43306201696395874,0.7599999904632568,0.7599999904632568,0.5917149782180786,0.5917149782180786,0.5773845314979553,0.5773845314979553,0.7599999904632568,0.8615700006484985,0.8117921948432922
4,3544,0.31462332606315613,0.0,0.4520127773284912,0.800000011920929,0.800000011920929,0.5687862038612366,0.5687862038612366,0.5580384135246277,0.5580384135246277,0.800000011920929,0.8761799931526184,0.8388441205024719
4,3545,0.21303194761276245,-0.005230793263763189,0.4074688255786896,0.6200000047683716,0.6200000047683716,0.6801838278770447,0.6801838278770447,0.7522573471069336,0.7522573471069336,0.6200000047683716,0.8282999992370605,0.7242457270622253
4,3546,0.24281804263591766,0.0,0.3953694999217987,0.7200000286102295,0.7200000286102295,0.5871857404708862,0.5871857404708862,0.6220600008964539,0.6220600008964539,0.7200000286102295,0.8207899928092957,0.7704414129257202
4,3547,0.35247600078582764,0.0,0.5280062556266785,0.8600000143051147,0.8600000143051147,0.56974858045578,0.56974858045578,0.597648024559021,0.597648024559021,0.8600000143051147,0.9406300187110901,0.9003532528877258
4,3548,0.054191455245018005,-0.110381580889225,0.08831661194562912,0.5600000023841858,0.5600000023841858,0.6162476539611816,0.6162476539611816,0.6627466678619385,0.6627466678619385,0.5600000023841858,0.6943899989128113,0.6272554993629456
4,3549,0.038277726620435715,-0.04990273341536522,0.15252789855003357,0.550000011920929,0.550000011920929,0.6394971609115601,0.6394971609115601,0.695296049118042,0.695296049118042,0.550000011920929,0.7112600207328796,0.6307067275047302
4,3550,0.08803298324346542,-0.21936190128326416,0.05628185719251633,0.5400000214576721,0.6700000166893005,--,--,--,--,0.5400000214576721,0.6700000166893005,0.6074573397636414
4,3551,0.03746680170297623,-0.01612125150859356,0.06999626755714417,0.6299999952316284,0.8299999833106995,--,--,--,--,0.6299999952316284,0.8299999833106995,0.7262197732925415
4,3552,0.03240300714969635,-0.030574286356568336,0.06723267585039139,0.5699999928474426,0.8500000238418579,--,--,--,--,0.5699999928474426,0.8500000238418579,0.7047075629234314
4,3553,0.07858572900295258,-0.16325515508651733,0.032254066318273544,0.5799999833106995,0.6499999761581421,--,--,--,--,0.5799999833106995,0.6499999761581421,0.6136767864227295
4,3554,0.0864536464214325,-0.000315747776767239,0.13062672317028046,0.75,0.8799999952316284,--,--,--,--,0.75,0.8799999952316284,0.8174571394920349
4,3555,0.3357335925102234,-0.002329339040443301,0.5405927300453186,0.9800000190734863,0.9800000190734863,0.5065252184867859,0.5065252184867859,0.5075777173042297,0.5075777173042297,0.9800199866294861,0.9862099885940552,0.9829397201538086
4,3556,0.11628614366054535,0.0,0.25385963916778564,0.5299999713897705,0.5299999713897705,0.7936354279518127,0.7936354279518127,0.8409959673881531,0.8409959673881531,0.530709981918335,0.8095099925994873,0.6622827649116516
4,3557,0.2313193380832672,0.0,0.3824693262577057,0.699999988079071,0.699999988079071,0.6827064752578735,0.6827064752578735,0.7121752500534058,0.7121752500534058,0.700439989566803,0.8739200234413147,0.7823092341423035
4,3558,0.3291262984275818,-0.0006086381035856903,0.5297732949256897,0.9599999785423279,0.9599999785423279,0.5130504369735718,0.5130504369735718,0.5151553750038147,0.5151553750038147,0.9600300192832947,0.9724199771881104,0.9658791422843933
4,3559,0.2963562309741974,0.0,0.4765590727329254,0.8700000047683716,0.8700000047683716,0.5522018671035767,0.5522018671035767,0.5606215000152588,0.5606215000152588,0.8701300024986267,0.9196900129318237,0.8935168981552124
4,3560,0.07526884227991104,-0.19534307718276978,0.1259748935699463,0.6399999856948853,0.6399999856948853,0.509993851184845,0.509993851184845,0.5003506541252136,0.5003506541252136,0.6399999856948853,0.6464300155639648,0.6430420875549316
4,3561,1.1376878023147583,-2.029245615005493,0.03530773147940636,0.5199999809265137,0.5199999809265137,0.5499692559242249,0.5499692559242249,0.5017533302307129,0.5017533302307129,0.5199999809265137,0.5521299839019775,0.5352098941802979
4,3562,0.3695685863494873,0.0,0.6065187454223633,0.9800000190734863,0.9800000190734863,0.5199877023696899,0.5199877023696899,0.5007013082504272,0.5007013082504272,0.9800000190734863,0.9928500056266785,0.986083984375
4,3563,0.20424984395503998,0.0,0.3599648177623749,0.5600000023841858,0.5600000023841858,0.9397293925285339,0.9397293925285339,0.5154290795326233,0.5154290795326233,0.5600000023841858,0.8427600264549255,0.6938483715057373
4,3564,0.2712808847427368,-0.0074320523999631405,0.4531404674053192,0.800000011920929,0.800000011920929,0.5199877023696899,0.5199877023696899,0.5007013082504272,0.5007013082504272,0.800000011920929,0.8128499984741211,0.8060839176177979
4,3565,0.06761641055345535,-0.0037014486733824015,0.1377882957458496,0.7200000286102295,0.7599999904632568,--,--,--,--,0.7200000286102295,0.7599999904632568,0.7408753633499146
4,3566,0.06169268861413002,-0.004295831546187401,0.10920818150043488,0.8399999737739563,0.9300000071525574,--,--,--,--,0.8399999737739563,0.9300000071525574,0.8869696259498596
4,3567,0.059961941093206406,-0.0022916742600500584,0.1086600050330162,0.949999988079071,0.9800000190734863,--,--,--,--,0.949999988079071,0.9800000190734863,0.9643433690071106
4,3568,0.055744122713804245,-0.09750901162624359,0.18304410576820374,0.5699999928474426,0.7699999809265137,--,--,--,--,0.5699999928474426,0.7699999809265137,0.6656229496002197
4,3569,0.047619353979825974,-0.029715709388256073,0.13814140856266022,0.5299999713897705,0.8199999928474426,--,--,--,--,0.5299999713897705,0.8199999928474426,0.6813466548919678
4,3570,0.15167488157749176,0.0,0.24274231493473053,0.8199999928474426,0.8999999761581421,--,--,--,--,0.8214899897575378,0.8999999761581421,0.8638999462127686
4,3571,0.05585616081953049,-0.02168404869735241,0.09157397598028183,0.6299999952316284,0.9200000166893005,--,--,--,--,0.6299999952316284,0.9145900011062622,0.7608628273010254
4,3572,0.09167607128620148,-0.010397871024906635,0.1381499171257019,0.7200000286102295,0.8299999833106995,--,--,--,--,0.7200000286102295,0.8279500007629395,0.7696378231048584
4,3573,0.09297304600477219,-0.017020566388964653,0.153360515832901,0.7099999785423279,0.9599999785423279,--,--,--,--,0.7099999785423279,0.9553300142288208,0.8228129148483276
4,3574,0.15428905189037323,-0.0016773734241724014,0.24837592244148254,0.8500000238418579,0.8700000047683716,--,--,--,--,0.8500000238418579,0.869629979133606,0.8590250015258789
4,3575,0.2509289085865021,0.0,0.39591649174690247,0.6100000143051147,0.6100000143051147,0.5556228160858154,0.5556228160858154,0.7642084360122681,0.7642084360122681,0.614870011806488,0.8814600110054016,0.7529542446136475
4,3576,0.23236174881458282,0.0,0.3587094247341156,0.6299999952316284,0.6299999952316284,0.5432621836662292,0.5432621836662292,0.7054954767227173,0.7054954767227173,0.6337800025939941,0.8411399722099304,0.7411865592002869
4,3577,0.3121730387210846,0.0,0.4381673336029053,0.7699999809265137,0.7699999809265137,0.5164808630943298,0.5164808630943298,0.578283965587616,0.578283965587616,0.7714400291442871,0.8504300117492676,0.81235671043396
4,3578,0.44057321548461914,0.0,0.5905622243881226,0.9599999785423279,0.9599999785423279,0.5041202306747437,0.5041202306747437,0.5195710062980652,0.5195710062980652,0.9603599905967712,0.9801099896430969,0.9705890417098999
4,3579,0.45453768968582153,0.0,0.6069843173027039,0.9900000095367432,0.9900000095367432,0.5020601153373718,0.5020601153373718,0.5097854733467102,0.5097854733467102,0.9901800155639648,1.000100016593933,0.9952946901321411
4,3580,0.2452082633972168,-1.4847250895400066e-05,0.4518771469593048,0.7200000286102295,0.7200000286102295,0.6498972177505493,0.6498972177505493,0.5055517554283142,0.5055517554283142,0.7200000286102295,0.8372200131416321,0.7782553434371948
4,3581,0.1911652833223343,-0.39850544929504395,0.10292917490005493,0.6100000143051147,0.6100000143051147,0.5399726033210754,0.5399726033210754,0.5014804601669312,0.5014804601669312,0.6100000143051147,0.641260027885437,0.6255346536636353
4,3582,0.16554665565490723,-0.00562796788290143,0.3102708160877228,0.7200000286102295,0.7200000286102295,0.5299794673919678,0.5299794673919678,0.5011103749275208,0.5011103749275208,0.7200000286102295,0.7434399724006653,0.7316510081291199
4,3583,0.21093907952308655,-0.0032945480197668076,0.42141127586364746,0.5799999833106995,0.5799999833106995,0.9097191095352173,0.9097191095352173,0.5151748061180115,0.5151748061180115,0.5799999833106995,0.900409996509552,0.7392311692237854
4,3584,0.2569153606891632,-0.00171141535975039,0.46274346113204956,0.7400000095367432,0.7400000095367432,0.629910945892334,0.629910945892334,0.5048115253448486,0.5048115253448486,0.7400000095367432,0.8415899872779846,0.7904877662658691
4,3585,1.1012492179870605,-2.6042933464050293,0.163772851228714,0.5099999904632568,0.5199999809265137,--,--,--,--,0.5099999904632568,0.5199999809265137,0.515378475189209
4,3586,0.0889851525425911,-0.006387792993336916,0.16579602658748627,0.7400000095367432,0.9900000095367432,--,--,--,--,0.7400000095367432,0.9900000095367432,0.8744577765464783
4,3587,0.06635214388370514,-0.02884707972407341,0.11766961216926575,0.6899999976158142,0.6899999976158142,--,--,--,--,0.6899999976158142,0.6899999976158142,0.6900012493133545
4,3588,0.025203999131917953,-0.05835648253560066,0.05040323734283447,0.6000000238418579,0.7699999809265137,--,--,--,--,0.6000000238418579,0.7699999809265137,0.6785686016082764
4,3589,0.03164475038647652,-0.04804256930947304,0.07201831042766571,0.6200000047683716,0.8899999856948853,--,--,--,--,0.6200000047683716,0.8899999856948853,0.7447853684425354
4,3590,0.15644137561321259,-0.0027157634031027555,0.3115207254886627,0.949999988079071,0.9900000095367432,--,--,--,--,0.949999988079071,0.9897400140762329,0.9710893034934998
4,3591,0.05477059632539749,-0.034264881163835526,0.10810486227273941,0.5400000214576721,0.9100000262260437,--,--,--,--,0.5400000214576721,0.9076300263404846,0.7350756525993347
4,3592,0.05598067864775658,-0.011564868502318859,0.09707806259393692,0.6700000166893005,0.7400000095367432,--,--,--,--,0.6700000166893005,0.739549994468689,0.7069061994552612
4,3593,0.11479110270738602,-0.2589869499206543,0.015399671159684658,0.5600000023841858,0.6299999952316284,--,--,--,--,0.5600000023841858,0.6295499801635742,0.5969061851501465
4,3594,0.3425338566303253,-0.7871586680412292,0.0059087625704705715,0.5099999904632568,0.5799999833106995,--,--,--,--,0.5099999904632568,0.57955002784729,0.5469061732292175
4,3595,0.24916446208953857,-0.0013563564280048013,0.483285516500473,0.6499999761581421,0.6499999761581421,0.5619583129882812,0.5619583129882812,0.7422006726264954,0.7422006726264954,0.6499999761581421,0.8733100295066833,0.7610076665878296
4,3596,0.2669709622859955,0.0,0.495045006275177,0.6800000071525574,0.6800000071525574,0.5545232892036438,0.5545232892036438,0.713136613368988,0.713136613368988,0.6800000071525574,0.8765199780464172,0.7776867151260376
4,3597,0.23815064132213593,0.0,0.4391299784183502,0.699999988079071,0.699999988079071,0.5297399759292603,0.5297399759292603,0.6162562966346741,0.6162562966346741,0.699999988079071,0.8071900010108948,0.7532837390899658
4,3598,0.2638142704963684,0.0,0.4516270160675049,0.7400000095367432,0.7400000095367432,0.5173483490943909,0.5173483490943909,0.5678161978721619,0.5678161978721619,0.7400000095367432,0.8025299906730652,0.7710821628570557
4,3599,0.23448851704597473,0.0,0.4173426330089569,0.7200000286102295,0.7200000286102295,0.5173483490943909,0.5173483490943909,0.5678161978721619,0.5678161978721619,0.7200000286102295,0.7825300097465515,0.751082181930542
4,3600,0.37300074100494385,0.0,0.5541525483131409,0.8299999833106995,0.8299999833106995,0.5897541046142578,0.5897541046142578,0.5066484808921814,0.5066484808921814,0.8299999833106995,0.9183599948883057,0.8792465925216675
4,3601,0.20687724649906158,0.0,0.30412402749061584,0.7099999785423279,0.7099999785423279,0.539890706539154,0.539890706539154,0.5029548406600952,0.5029548406600952,0.7099999785423279,0.7492700219154358,0.7318873405456543
4,3602,0.38036656379699707,0.0,0.5769365429878235,0.8100000023841858,0.8100000023841858,0.6595628261566162,0.6595628261566162,0.5118194818496704,0.5118194818496704,0.8100000023841858,0.9670900106430054,0.8975493907928467
4,3603,0.10883238166570663,-0.001018070732243359,0.2410859614610672,0.5600000023841858,0.5600000023841858,0.6894809007644653,0.6894809007644653,0.5140356421470642,0.5140356421470642,0.5600000023841858,0.7465400099754333,0.6639648675918579
4,3604,0.39630162715911865,0.0,0.5725153684616089,0.9100000262260437,0.9100000262260437,0.5,0.5,0.5,0.5,0.9100000262260437,0.9100000262260437,0.910002589225769
4,3605,0.40176117420196533,-0.002746105194091797,0.6690757274627686,1.0,1.0,0.5,0.5,0.5,0.5,1.0,1.0,1.0
4,3606,0.22848039865493774,-0.004298135172575712,0.42473071813583374,0.7400000095367432,0.7400000095367432,0.539416491985321,0.539416491985321,0.6238803267478943,0.6238803267478943,0.7400000095367432,0.8359000086784363,0.7808553576469421
4,3607,0.3322248160839081,0.0,0.5704883933067322,0.8700000047683716,0.8700000047683716,0.5060640573501587,0.5060640573501587,0.5190585255622864,0.5190585255622864,0.8700000047683716,0.8847500085830688,0.8762854933738708
4,3608,0.1358862966299057,-0.018498120829463005,0.28983333706855774,0.6499999761581421,0.6499999761581421,0.5636727809906006,0.5636727809906006,0.7001144289970398,0.7001144289970398,0.6499999761581421,0.8049200177192688,0.7159973978996277
4,3609,0.24193598330020905,-0.003375809406861663,0.4477684795856476,0.75,0.75,0.5485125780105591,0.5485125780105591,0.6524681448936462,0.6524681448936462,0.75,0.8680300116539001,0.800283670425415
4,3610,0.09349539875984192,0.0,0.17137888073921204,0.7699999809265137,0.8799999952316284,--,--,--,--,0.7705600261688232,0.8799999952316284,0.8262101411819458
4,3611,0.09923005104064941,-0.0027435668744146824,0.19038181006908417,0.8299999833106995,0.8399999737739563,--,--,--,--,0.830049991607666,0.8399999737739563,0.8351100087165833
4,3612,0.04955887049436569,-0.018670663237571716,0.09983868151903152,0.6700000166893005,0.75,--,--,--,--,0.6700000166893005,0.7495899796485901,0.7091197967529297
4,3613,0.09935212135314941,0.0,0.18791639804840088,0.7900000214576721,0.9300000071525574,--,--,--,--,0.7907199859619141,0.9300000071525574,0.8615401387214661
4,3614,0.08566343039274216,-0.011010670103132725,0.16843004524707794,0.800000011920929,0.8700000047683716,--,--,--,--,0.800000011920929,0.8696399927139282,0.8342299461364746
4,3615,0.029560131952166557,-0.051102861762046814,0.05634743720293045,0.5699999928474426,0.9700000286102295,--,--,--,--,0.5699999928474426,0.9700000286102295,0.7333840131759644
4,3616,0.11028745770454407,-0.005064038094133139,0.17564088106155396,0.8199999928474426,0.9300000071525574,--,--,--,--,0.8199999928474426,0.9300000071525574,0.8850693702697754
4,3617,0.17467549443244934,-0.38924115896224976,0.03557155281305313,0.550000011920929,0.6200000047683716,--,--,--,--,0.550000011920929,0.6200000047683716,0.5785921216011047
4,3618,0.11709804087877274,-0.0008024952840059996,0.17716532945632935,0.9200000166893005,0.9399999976158142,--,--,--,--,0.9200000166893005,0.9399999976158142,0.931830883026123
4,3619,0.032725781202316284,-0.056364092975854874,0.052992258220911026,0.5699999928474426,0.8999999761581421,--,--,--,--,0.5699999928474426,0.8999999761581421,0.7047919034957886
4,3620,0.09956840425729752,0.0,0.2134888768196106,0.5199999809265137,0.5199999809265137,0.8615092635154724,0.8615092635154724,0.6463251709938049,0.6463251709938049,0.5199999809265137,0.8412399888038635,0.6659279465675354
4,3621,0.31363052129745483,0.0,0.48021048307418823,0.8600000143051147,0.8600000143051147,0.5463473200798035,0.5463473200798035,0.5187596082687378,0.5187596082687378,0.8600000143051147,0.9011800289154053,0.8787087798118591
4,3622,0.059164419770240784,-0.02429790422320366,0.10878697037696838,0.6299999952316284,0.6299999952316284,0.6297725439071655,0.6297725439071655,0.5525270104408264,0.5525270104408264,0.6299999952316284,0.7453200221061707,0.6823844313621521
4,3623,0.1053498238325119,0.0,0.20020808279514313,0.5600000023841858,0.5600000023841858,0.7966229915618896,0.7966229915618896,0.6200616955757141,0.6200616955757141,0.5600000023841858,0.8235800266265869,0.6797356009483337
4,3624,0.3376317620277405,0.0,0.5168790221214294,0.8999999761581421,0.8999999761581421,0.5092694759368896,0.5092694759368896,0.5037519335746765,0.5037519335746765,0.8999999761581421,0.908240020275116,0.9037415385246277
4,3625,0.4291616380214691,0.0,0.6344260573387146,0.9800000190734863,0.9800000190734863,0.5033482909202576,0.5033482909202576,0.5197177529335022,0.5197177529335022,0.9801700115203857,0.99617999792099,0.9887519478797913
4,3626,0.4203784763813019,0.0,0.6213489174842834,0.9599999785423279,0.9599999785423279,0.5033482909202576,0.5033482909202576,0.5197177529335022,0.5197177529335022,0.9601699709892273,0.9761800169944763,0.9687519073486328
4,3627,0.33854973316192627,0.0,0.517938494682312,0.7699999809265137,0.7699999809265137,0.523438036441803,0.523438036441803,0.638024091720581,0.638024091720581,0.7712100148200989,0.8832299709320068,0.8312640190124512
4,3628,0.378334641456604,0.0,0.5678070187568665,0.8199999928474426,0.8199999928474426,0.5284605026245117,0.5284605026245117,0.667600691318512,0.667600691318512,0.8214700222015381,0.9574999809265137,0.8943924307823181
4,3629,0.41819873452186584,0.0,0.6162881255149841,0.9599999785423279,0.9599999785423279,0.5016741752624512,0.5016741752624512,0.5098588466644287,0.5098588466644287,0.9600899815559387,0.9680899977684021,0.9643760323524475
4,3630,0.12449625134468079,-0.0030981996096670628,0.22689861059188843,0.6800000071525574,0.9800000190734863,--,--,--,--,0.6833500266075134,0.9800000190734863,0.8498824834823608
4,3631,0.09239305555820465,-0.024384260177612305,0.15687477588653564,0.5,0.8199999928474426,--,--,--,--,0.5035799741744995,0.8199999928474426,0.6812079548835754
4,3632,0.1057380884885788,-0.004930325783789158,0.17677117884159088,0.6399999856948853,0.8500000238418579,--,--,--,--,0.6423500180244446,0.8500000238418579,0.7589179277420044
4,3633,0.10827187448740005,-0.017411114647984505,0.17819882929325104,0.550000011920929,0.8999999761581421,--,--,--,--,0.5539100170135498,0.8999999761581421,0.7481961846351624
4,3634,0.023489242419600487,-0.036097291857004166,0.0400938019156456,0.6000000238418579,0.8600000143051147,--,--,--,--,0.6000000238418579,0.8570899963378906,0.7127685546875
4,3635,0.21498717367649078,-0.011263602413237095,0.3554702699184418,0.7200000286102295,0.7200000286102295,0.5412167906761169,0.5412167906761169,0.6854755282402039,0.6854755282402039,0.7200000286102295,0.823989987373352,0.764698326587677
4,3636,0.14478865265846252,-0.013841366395354271,0.24359823763370514,0.6800000071525574,0.6800000071525574,0.5347088575363159,0.5347088575363159,0.6561899185180664,0.6561899185180664,0.6800000071525574,0.7675700187683105,0.7176408171653748
4,3637,0.37772440910339355,-0.006925602909177542,0.5857781767845154,0.949999988079071,0.949999988079071,0.5086772441864014,0.5086772441864014,0.5390474796295166,0.5390474796295166,0.949999988079071,0.9718899726867676,0.9594102501869202
4,3638,0.2874433696269989,-0.0038897318299859762,0.45873722434043884,0.800000011920929,0.800000011920929,0.5368781685829163,0.5368781685829163,0.6659517884254456,0.6659517884254456,0.800000011920929,0.8930500149726868,0.839993417263031
4,3639,0.2797931432723999,-0.4726980924606323,0.058323074132204056,0.5099999904632568,0.5099999904632568,0.5542325973510742,0.5542325973510742,0.7440467476844788,0.7440467476844788,0.5099999904632568,0.6468300223350525,0.568813681602478
4,3640,0.16976557672023773,0.0,0.26093941926956177,0.6600000262260437,0.6600000262260437,0.6597864031791687,0.6597864031791687,0.5082648396492004,0.5082648396492004,0.6600000262260437,0.7619199752807617,0.7121542692184448
4,3641,0.3558836281299591,0.0,0.576355516910553,0.9700000286102295,0.9700000286102295,0.5299599766731262,0.5299599766731262,0.5015496611595154,0.5015496611595154,0.9700000286102295,0.989109992980957,0.9797787666320801
4,3642,0.3271023631095886,0.0,0.5138777494430542,0.8700000047683716,0.8700000047683716,0.6098531484603882,0.6098531484603882,0.5056820511817932,0.5056820511817932,0.8700000047683716,0.9400699734687805,0.9058562517166138
4,3643,0.24985139071941376,0.0,0.4098954498767853,0.699999988079071,0.699999988079071,0.7396795749664307,0.7396795749664307,0.5123972296714783,0.5123972296714783,0.699999988079071,0.8528800010681152,0.778231143951416
4,3644,0.2990569770336151,0.0,0.46838483214378357,0.8299999833106995,0.8299999833106995,0.5898798704147339,0.5898798704147339,0.5046489834785461,0.5046489834785461,0.8299999833106995,0.8873299956321716,0.8593366742134094
4,3645,0.16693367063999176,0.0,0.27923110127449036,0.8600000143051147,0.8999999761581421,--,--,--,--,0.8602399826049805,0.8999999761581421,0.8800075650215149
4,3646,0.17785325646400452,0.0,0.29771965742111206,0.9100000262260437,0.9399999976158142,--,--,--,--,0.9101799726486206,0.9399999976158142,0.9250058531761169
4,3647,0.1468954235315323,0.0,0.24035213887691498,0.7900000214576721,0.800000011920929,--,--,--,--,0.7900599837303162,0.800000011920929,0.7950019836425781
4,3648,0.05094638466835022,0.0,0.07724842429161072,0.6399999856948853,0.7200000286102295,--,--,--,--,0.6404799818992615,0.7200000286102295,0.6800154447555542
4,3649,0.07747150957584381,0.0,0.134190171957016,0.5400000214576721,0.9800000190734863,--,--,--,--,0.542639970779419,0.9800000190734863,0.7600849270820618
4,3650,0.22600093483924866,-0.4264620840549469,0.026298487558960915,0.6299999952316284,0.6299999952316284,0.5,0.5,0.5,0.5,0.6299999952316284,0.6299999952316284,0.6299995183944702
4,3651,0.3670864999294281,0.0,0.5261886119842529,0.8299999833106995,0.8299999833106995,0.5294173955917358,0.5294173955917358,0.6470870971679688,0.6470870971679688,0.8299999833106995,0.962440013885498,0.8939819931983948
4,3652,0.7157828211784363,-1.1252241134643555,0.02256966196000576,0.5699999928474426,0.5699999928474426,0.5039223432540894,0.5039223432540894,0.5196115970611572,0.5196115970611572,0.5699999928474426,0.587660014629364,0.5785308480262756
4,3653,0.37043502926826477,0.0,0.5118231773376465,0.8600000143051147,0.8600000143051147,0.5058834552764893,0.5058834552764893,0.5294173955917358,0.5294173955917358,0.8600000143051147,0.886489987373352,0.8727964162826538
4,3654,0.31967195868492126,0.0,0.45951753854751587,0.7699999809265137,0.7699999809265137,0.5294173955917358,0.5294173955917358,0.6470870971679688,0.6470870971679688,0.7699999809265137,0.9024400115013123,0.833981990814209
4,3655,0.028759118169546127,-0.040018245577812195,0.05913079157471657,0.550000011920929,0.7799999713897705,--,--,--,--,0.550000011920929,0.7786200046539307,0.6649556159973145
4,3656,0.12580126523971558,0.0,0.20961642265319824,0.7099999785423279,1.0,--,--,--,--,0.7117400169372559,1.0,0.85505610704422
4,3657,0.12864062190055847,0.0,0.21267437934875488,0.7300000190734863,0.9399999976158142,--,--,--,--,0.7312600016593933,0.9399999976158142,0.8350405097007751
4,3658,0.029995329678058624,-0.05154727026820183,0.0645848885178566,0.5199999809265137,0.800000011920929,--,--,--,--,0.5199999809265137,0.7983199954032898,0.6599458456039429
4,3659,0.05688045546412468,-0.13992470502853394,0.03768285736441612,0.5899999737739563,0.6499999761581421,--,--,--,--,0.5903599858283997,0.6499999761581421,0.6200116276741028
4,3660,0.11517754942178726,0.0,0.24825899302959442,0.8899999856948853,0.9100000262260437,--,--,--,--,0.8900600075721741,0.9100000262260437,0.9001745581626892
4,3661,0.11251632124185562,0.0,0.23771634697914124,0.8600000143051147,0.9800000190734863,--,--,--,--,0.8603500127792358,0.9800000190734863,0.9210467338562012
4,3662,0.060879841446876526,-0.16546973586082458,0.030639875680208206,0.550000011920929,0.6800000071525574,--,--,--,--,0.550000011920929,0.6796200275421143,0.6138662099838257
4,3663,0.07275113463401794,-0.031248677521944046,0.12286508083343506,0.6000000238418579,0.9100000262260437,--,--,--,--,0.6009100079536438,0.9100000262260437,0.7577039003372192
4,3664,0.10276084393262863,-0.0017431596061214805,0.21786701679229736,0.8399999737739563,0.8500000238418579,--,--,--,--,0.8399999737739563,0.8499699831008911,0.8449127674102783
4,3665,0.1004902645945549,0.0,0.19840188324451447,0.6499999761581421,0.6499999761581421,0.506507933139801,0.506507933139801,0.5997880101203918,0.5997880101203918,0.6502100229263306,0.7330300211906433,0.6859809160232544
4,3666,0.1144939586520195,-0.013212747871875763,0.30512404441833496,0.550000011920929,0.550000011920929,0.5195237398147583,0.5195237398147583,0.7993640303611755,0.7993640303611755,0.5506299734115601,0.7990800142288208,0.6579428315162659
4,3667,0.27937743067741394,0.0,0.4831790030002594,0.7699999809265137,0.7699999809265137,0.508460283279419,0.508460283279419,0.6297244429588318,0.6297244429588318,0.7702699899673462,0.8779299855232239,0.8167752027511597
4,3668,0.13238555192947388,0.0,0.2027827948331833,0.699999988079071,0.699999988079071,0.5026031732559204,0.5026031732559204,0.5399152040481567,0.5399152040481567,0.7000799775123596,0.733210027217865,0.7143922448158264
4,3669,0.034173350781202316,-0.08790040016174316,0.03731187433004379,0.6600000262260437,0.6600000262260437,0.5006507635116577,0.5006507635116577,0.5099788308143616,0.5099788308143616,0.6600199937820435,0.6682999730110168,0.6635980606079102
4,3670,0.02280791662633419,-0.03543079271912575,0.050474707037210464,0.6399999856948853,0.8999999761581421,--,--,--,--,0.6399999856948853,0.8999999761581421,0.7444351315498352
4,3671,0.07933983951807022,-0.02178215980529785,0.14934849739074707,0.5199999809265137,0.75,--,--,--,--,0.5199999809265137,0.75,0.6576152443885803
4,3672,0.07289775460958481,-0.0021395294461399317,0.14668883383274078,0.8399999737739563,0.9300000071525574,--,--,--,--,0.8399999737739563,0.9300000071525574,0.8761504292488098
4,3673,0.1057068258523941,-0.0072083123959600925,0.19384360313415527,0.7900000214576721,0.9800000190734863,--,--,--,--,0.7900000214576721,0.9800000190734863,0.9036821722984314
4,3674,0.04961637035012245,-0.09852973371744156,0.04726124927401543,0.5699999928474426,0.8299999833106995,--,--,--,--,0.5699999928474426,0.8299999833106995,0.6744350790977478
4,3675,0.38920363783836365,0.0,0.5810086727142334,0.9300000071525574,0.9300000071525574,0.5653342008590698,0.5653342008590698,0.5251285433769226,0.5251285433769226,0.9300000071525574,1.000100016593933,0.9692511558532715
4,3676,0.3933551013469696,0.0,0.5852130651473999,0.9800000190734863,0.9800000190734863,0.5093334317207336,0.5093334317207336,0.5035898089408875,0.5035898089408875,0.9800000190734863,0.9900100231170654,0.9856071472167969
4,3677,0.36791303753852844,0.0,0.552650511264801,0.8199999928474426,0.8199999928474426,0.6493353247642517,0.6493353247642517,0.5574366450309753,0.5574366450309753,0.8199999928474426,0.980180025100708,0.9097171425819397
4,3678,0.16903670132160187,0.0,0.24771814048290253,0.6399999856948853,0.6399999856948853,0.6213349103927612,0.6213349103927612,0.5466672778129578,0.5466672778129578,0.6399999856948853,0.7701500058174133,0.7128951549530029
4,3679,0.1691666841506958,0.0,0.2678636312484741,0.5199999809265137,0.5199999809265137,0.7520033121109009,0.7520033121109009,0.596924364566803,0.596924364566803,0.5199999809265137,0.7903100252151489,0.6713975071907043
4,3680,0.3436915874481201,-0.8525689244270325,0.1637279987335205,0.5199999809265137,0.5600000023841858,--,--,--,--,0.5199999809265137,0.5600000023841858,0.5390025973320007
4,3681,0.09055023640394211,-0.02851943112909794,0.20151694118976593,0.7599999904632568,0.800000011920929,--,--,--,--,0.7599999904632568,0.800000011920929,0.7809974551200867
4,3682,0.11612460762262344,-0.011497583240270615,0.2671854794025421,0.8500000238418579,0.8899999856948853,--,--,--,--,0.8500000238418579,0.8899999856948853,0.8690025806427002
4,3683,0.13944245874881744,-0.3302936553955078,0.07108499109745026,0.5199999809265137,0.6200000047683716,--,--,--,--,0.5199999809265137,0.6200000047683716,0.5724934339523315
4,3684,0.04648291692137718,-0.04993605613708496,0.11066389083862305,0.5400000214576721,1.0,--,--,--,--,0.5400000214576721,1.0,0.7814695239067078
4,3685,0.037213850766420364,-0.13302786648273468,0.0605858750641346,0.6600000262260437,0.6600000262260437,--,--,--,--,0.6600000262260437,0.6600000262260437,0.6600021123886108
4,3686,0.11140862852334976,-0.25519341230392456,0.08417472243309021,0.5600000023841858,0.6700000166893005,--,--,--,--,0.5600000023841858,0.6700000166893005,0.6063293814659119
4,3687,0.030145684257149696,-0.03304954990744591,0.06506548821926117,0.7200000286102295,0.8399999737739563,--,--,--,--,0.7200000286102295,0.8399999737739563,0.7705411314964294
4,3688,0.06334703415632248,-0.15911747515201569,0.05993112549185753,0.550000011920929,0.8100000023841858,--,--,--,--,0.550000011920929,0.8100000023841858,0.6595057845115662
4,3689,0.02782125025987625,-0.08268648386001587,0.044214967638254166,0.6299999952316284,0.9900000095367432,--,--,--,--,0.6299999952316284,0.9900000095367432,0.7816235423088074
4,3690,0.2336210459470749,0.0,0.428708016872406,0.7099999785423279,0.7099999785423279,0.5808379054069519,0.5808379054069519,0.6495500802993774,0.6495500802993774,0.7099999785423279,0.8296899795532227,0.7613509297370911
4,3691,0.3702232241630554,-0.006226528901606798,0.5794740319252014,0.9700000286102295,0.9700000286102295,0.5,0.5,0.5,0.5,0.9700000286102295,0.9700000286102295,0.9700010418891907
4,3692,0.16807030141353607,-0.01216184627264738,0.24422265589237213,0.7300000190734863,0.7300000190734863,0.5142655372619629,0.5142655372619629,0.5263912081718445,0.5263912081718445,0.7300000190734863,0.7511199712753296,0.7390619516372681
4,3693,0.0989317074418068,0.0,0.31168538331985474,0.5400000214576721,0.5400000214576721,0.6854516267776489,0.6854516267776489,0.843085527420044,0.843085527420044,0.5400000214576721,0.8145899772644043,0.6578055024147034
4,3694,0.3015393614768982,0.0,0.5043322443962097,0.8100000023841858,0.8100000023841858,0.5523068904876709,0.5523068904876709,0.5967677235603333,0.5967677235603333,0.8100000023841858,0.8874499797821045,0.8432273864746094
4,3695,0.22708086669445038,-0.030828284099698067,0.5903558135032654,0.5199999809265137,0.5199999809265137,0.8323401808738708,0.8323401808738708,0.8323401808738708,0.8323401808738708,0.5199999809265137,0.7832199931144714,0.6286942362785339
4,3696,0.38646256923675537,0.0,0.602566659450531,0.949999988079071,0.949999988079071,0.5141421556472778,0.5141421556472778,0.5141421556472778,0.5141421556472778,0.949999988079071,0.9611999988555908,0.9546253681182861
4,3697,0.06075984239578247,-0.07935326546430588,0.12063667178153992,0.6600000262260437,0.6600000262260437,0.5282842516899109,0.5282842516899109,0.5282842516899109,0.5282842516899109,0.6600000262260437,0.6823999881744385,0.6692506670951843
4,3698,0.2503461539745331,-0.008115138858556747,0.5001452565193176,0.6800000071525574,0.6800000071525574,0.641421377658844,0.641421377658844,0.641421377658844,0.641421377658844,0.6800000071525574,0.7920100092887878,0.7262528538703918
4,3699,0.3744316101074219,0.0,0.5968952775001526,0.9100000262260437,0.9100000262260437,0.5353553295135498,0.5353553295135498,0.5353553295135498,0.5353553295135498,0.9100000262260437,0.9380000233650208,0.9215633273124695
4,3700,0.09115654975175858,-0.0074998424388468266,0.16481491923332214,0.5400000214576721,0.8399999737739563,--,--,--,--,0.5400000214576721,0.8399999737739563,0.7177662253379822
4,3701,0.08514845371246338,-0.005785695742815733,0.14946888387203217,0.5899999737739563,0.7799999713897705,--,--,--,--,0.5899999737739563,0.7799999713897705,0.7025853395462036
4,3702,0.03533091023564339,-0.06748735904693604,0.0427154116332531,0.5299999713897705,0.9599999785423279,--,--,--,--,0.5299999713897705,0.9599999785423279,0.7052018642425537
4,3703,0.12847800552845,-0.004371549468487501,0.2100357562303543,0.8100000023841858,0.8299999833106995,--,--,--,--,0.8100000023841858,0.8299999833106995,0.8181487917900085
4,3704,0.11769706010818481,-0.000346165441442281,0.1906537115573883,0.75,0.7599999904632568,--,--,--,--,0.75,0.7599999904632568,0.7559254765510559
4,3705,0.25700825452804565,-0.00018871320935431868,0.3848423957824707,0.7799999713897705,0.7799999713897705,0.5038977861404419,0.5038977861404419,0.5799049735069275,0.5799049735069275,0.7799999713897705,0.8278499841690063,0.7997708916664124
4,3706,0.36510536074638367,0.0,0.5413390398025513,0.9200000166893005,0.9200000166893005,0.5029233694076538,0.5029233694076538,0.5599287152290344,0.5599287152290344,0.9200000166893005,0.9558899998664856,0.9348281025886536
4,3707,0.3850853741168976,0.0,0.5647997856140137,0.949999988079071,0.949999988079071,0.5009744763374329,0.5009744763374329,0.5199762582778931,0.5199762582778931,0.949999988079071,0.9619600176811218,0.9549427628517151
4,3708,0.19842374324798584,-0.004465191625058651,0.3309306502342224,0.7099999785423279,0.7099999785423279,0.5092572569847107,0.5092572569847107,0.6897743344306946,0.6897743344306946,0.7099999785423279,0.823639988899231,0.756955623626709
4,3709,0.35979902744293213,0.0,0.5301147103309631,0.9100000262260437,0.9100000262260437,0.501948893070221,0.501948893070221,0.5399525165557861,0.5399525165557861,0.9100000262260437,0.9339200258255005,0.9198854565620422
4,3710,0.38269147276878357,0.0,0.5471529960632324,0.8299999833106995,0.8299999833106995,0.589983344078064,0.589983344078064,0.5017304420471191,0.5017304420471191,0.8299999833106995,0.9284499883651733,0.8807194232940674
4,3711,0.4295191466808319,0.0,0.6060830950737,0.9200000166893005,0.9200000166893005,0.5699870586395264,0.5699870586395264,0.5013459324836731,0.5013459324836731,0.9200000166893005,0.9965699911117554,0.9594484567642212
4,3712,0.3711757957935333,0.0,0.5700090527534485,0.7599999904632568,0.7599999904632568,0.6799667477607727,0.6799667477607727,0.5034608840942383,0.5034608840942383,0.7599999904632568,0.9569000005722046,0.8614387512207031
4,3713,0.17981675267219543,0.0,0.2715730667114258,0.7200000286102295,0.7200000286102295,0.5099981427192688,0.5099981427192688,0.5001922845840454,0.5001922845840454,0.7200000286102295,0.7309399843215942,0.7256353497505188
4,3714,0.3356999158859253,0.0,0.4922741651535034,0.75,0.75,0.6199778318405151,0.6199778318405151,0.5023072361946106,0.5023072361946106,0.75,0.8812699913978577,0.8176257610321045
4,3715,0.14932237565517426,0.0,0.34311559796333313,0.9700000286102295,0.9900000095367432,--,--,--,--,0.9702399969100952,0.9900000095367432,0.98114013671875
4,3716,0.07219460606575012,-0.129569873213768,0.14459194242954254,0.5699999928474426,0.6399999856948853,--,--,--,--,0.5708600282669067,0.6399999856948853,0.6089906692504883
4,3717,0.09532219916582108,-0.014827806502580643,0.2258138656616211,0.7799999713897705,0.8700000047683716,--,--,--,--,0.7799999713897705,0.8689000010490417,0.8198690414428711
4,3718,0.31760644912719727,-0.764277458190918,0.17045816779136658,0.5,0.5899999737739563,--,--,--,--,0.5,0.5889000296592712,0.5398688912391663
4,3719,0.1469702422618866,-0.36345216631889343,0.1088959276676178,0.5400000214576721,0.6200000047683716,--,--,--,--,0.5400000214576721,0.6190199851989746,0.5754389762878418
4,3720,0.24137838184833527,0.0,0.46590039134025574,0.6399999856948853,0.6399999856948853,0.7631455063819885,0.7631455063819885,0.7153008580207825,0.7153008580207825,0.6405900120735168,0.8705800175666809,0.7314168214797974
4,3721,0.25381115078926086,0.0,0.46865013241767883,0.6700000166893005,0.6700000166893005,0.7244476079940796,0.7244476079940796,0.6836389303207397,0.6836389303207397,0.6704999804496765,0.8666700124740601,0.7479731440544128
4,3722,0.33077341318130493,-0.5941034555435181,0.03405851870775223,0.5799999833106995,0.5799999833106995,0.5386978387832642,0.5386978387832642,0.531661868095398,0.531661868095398,0.5800899863243103,0.6139100193977356,0.5934436321258545
4,3723,0.3557620644569397,0.0,0.5436540842056274,0.8799999952316284,0.8799999952316284,0.5232186913490295,0.5232186913490295,0.5189971327781677,0.5189971327781677,0.880050003528595,0.9003499746322632,0.8880661725997925
4,3724,0.06713013350963593,-0.038279250264167786,0.21601314842700958,0.5299999713897705,0.5299999713897705,0.7476663589477539,0.7476663589477539,0.7026360630989075,0.7026360630989075,0.5305500030517578,0.7470200061798096,0.6160392761230469
4,3725,0.05612993985414505,-0.032574962824583054,0.12716037034988403,0.5099999904632568,0.5099999904632568,0.5695701241493225,0.5695701241493225,0.7087103128433228,0.7087103128433228,0.5099999904632568,0.7367299795150757,0.6294436454772949
4,3726,0.35991454124450684,0.0,0.525890588760376,0.7699999809265137,0.7699999809265137,0.5569210052490234,0.5569210052490234,0.6707630157470703,0.6707630157470703,0.7699999809265137,0.9555100202560425,0.8677264451980591
4,3727,0.40676242113113403,0.0,0.584684431552887,0.9100000262260437,0.9100000262260437,0.5158113837242126,0.5158113837242126,0.5474341511726379,0.5474341511726379,0.9100000262260437,0.9615300297737122,0.9371463060379028
4,3728,0.3786158263683319,0.0,0.5452800989151001,0.8399999737739563,0.8399999737739563,0.5284605026245117,0.5284605026245117,0.5853815078735352,0.5853815078735352,0.8399999737739563,0.9327499866485596,0.888863205909729
4,3729,0.35485586524009705,0.0,0.5358702540397644,0.7300000190734863,0.7300000190734863,0.5822192430496216,0.5822192430496216,0.74665766954422,0.74665766954422,0.7300000190734863,0.9979599714279175,0.8711604475975037
4,3730,0.11244295537471771,0.0,0.20518414676189423,0.6499999761581421,0.8700000047683716,--,--,--,--,0.6499999761581421,0.8700000047683716,0.775700032711029
4,3731,0.07469826936721802,-0.018078088760375977,0.1348990648984909,0.7099999785423279,0.7599999904632568,--,--,--,--,0.7099999785423279,0.7599999904632568,0.731431782245636
4,3732,0.07148831337690353,-0.21421317756175995,0.10633768886327744,0.5600000023841858,0.5799999833106995,--,--,--,--,0.5600000023841858,0.5799999833106995,0.5714272856712341
4,3733,0.12123213708400726,-0.003652870887890458,0.2509433329105377,0.8799999952316284,0.8999999761581421,--,--,--,--,0.8799999952316284,0.8999999761581421,0.8914272785186768
4,3734,0.1093888133764267,0.0,0.20010900497436523,0.6800000071525574,0.8199999928474426,--,--,--,--,0.6800000071525574,0.8199999928474426,0.7599911689758301
4,3735,0.16876475512981415,-0.3507782816886902,0.02652009204030037,0.5400000214576721,0.6200000047683716,--,--,--,--,0.5402200222015381,0.6200000047683716,0.5740399956703186
4,3736,0.10293833911418915,0.0,0.208011656999588,0.75,0.8899999856948853,--,--,--,--,0.7503799796104431,0.8899999856948853,0.8095703125
4,3737,0.04417463764548302,-0.06016508489847183,0.0775943472981453,0.6600000262260437,0.6800000071525574,--,--,--,--,0.6600000262260437,0.6799499988555908,0.671489953994751
4,3738,0.0964047759771347,0.0,0.19281157851219177,0.7300000190734863,0.9599999785423279,--,--,--,--,0.7306299805641174,0.9599999785423279,0.8278655409812927
4,3739,0.13006240129470825,0.0,0.2654845714569092,0.8199999928474426,0.8799999952316284,--,--,--,--,0.8201599717140198,0.8799999952316284,0.8455301523208618
4,3740,0.04277932271361351,-0.08972045034170151,0.016341518610715866,0.5600000023841858,0.9399999976158142,--,--,--,--,0.5600000023841858,0.9348400235176086,0.7072783708572388
4,3741,0.057776905596256256,-0.12008129060268402,0.023575009778141975,0.5199999809265137,0.9800000190734863,--,--,--,--,0.5199999809265137,0.9737600088119507,0.6982845067977905
4,3742,0.03837253898382187,-0.0460747554898262,0.08875875174999237,0.5099999904632568,0.6600000262260437,--,--,--,--,0.5120400190353394,0.6600000262260437,0.6018637418746948
4,3743,0.10463107377290726,-0.1942996233701706,0.03560975193977356,0.5600000023841858,0.6499999761581421,--,--,--,--,0.5600000023841858,0.6487799882888794,0.5948818325996399
4,3744,0.14581024646759033,-0.012104786932468414,0.24298658967018127,0.8100000023841858,0.8899999856948853,--,--,--,--,0.8110899925231934,0.8899999856948853,0.8589941263198853
4,3745,0.30150994658470154,0.0,0.4309137463569641,0.7900000214576721,0.7900000214576721,0.5161017775535583,0.5161017775535583,0.568122923374176,0.568122923374176,0.7909299731254578,0.8635299801826477,0.8322516679763794
4,3746,0.3282582461833954,0.0,0.46798175573349,0.699999988079071,0.699999988079071,0.5575063824653625,0.5575063824653625,0.7432961463928223,0.7432961463928223,0.7033399939537048,0.9625999927520752,0.8508988618850708
4,3747,0.3122543394565582,0.0,0.44712257385253906,0.6499999761581421,0.6499999761581421,0.5667073726654053,0.5667073726654053,0.7822235226631165,0.7822235226631165,0.6538699865341187,0.9546099901199341,0.8250426054000854
4,3748,0.4039459526538849,0.0,0.5810590386390686,0.9800000190734863,0.9800000190734863,0.5023002624511719,0.5023002624511719,0.5097318291664124,0.5097318291664124,0.9801300168037415,0.9904999732971191,0.986035943031311
4,3749,0.23490236699581146,-0.5380381345748901,0.03740847855806351,0.5899999737739563,0.5899999737739563,0.5115012526512146,0.5115012526512146,0.5486592054367065,0.5486592054367065,0.5906699895858765,0.642520010471344,0.6201798319816589
4,3750,0.05280863121151924,-0.019086962565779686,0.12099523097276688,0.5299999713897705,0.9599999785423279,--,--,--,--,0.5299999713897705,0.9599999785423279,0.7452564239501953
4,3751,0.12992426753044128,-0.005989148747175932,0.31272828578948975,0.9599999785423279,0.9800000190734863,--,--,--,--,0.9599999785423279,0.9800000190734863,0.9700119495391846
4,3752,0.11332890391349792,-0.00783679448068142,0.273367702960968,0.8899999856948853,0.9900000095367432,--,--,--,--,0.8899999856948853,0.9900000095367432,0.9399404525756836
4,3753,0.06966296583414078,-0.19554977118968964,0.0979594737291336,0.5099999904632568,0.6600000262260437,--,--,--,--,0.5099999904632568,0.6600000262260437,0.5850893259048462
4,3754,0.05825111269950867,-0.02037491649389267,0.12230388820171356,0.6499999761581421,0.8199999928474426,--,--,--,--,0.6499999761581421,0.8199999928474426,0.7348986268043518
4,3755,0.06172948703169823,-0.019884424284100533,0.12067587673664093,0.5199999809265137,0.6899999976158142,--,--,--,--,0.5223100185394287,0.6899999976158142,0.6241123080253601
4,3756,0.0676734670996666,-0.1351209580898285,0.03912163898348808,0.5899999737739563,0.6399999856948853,--,--,--,--,0.5899999737739563,0.6393200159072876,0.6093789339065552
4,3757,0.09580171853303909,-0.005570650100708008,0.1600794792175293,0.5099999904632568,0.75,--,--,--,--,0.513260006904602,0.75,0.656981885433197
4,3758,0.08106116950511932,-0.016877323389053345,0.1570996344089508,0.7799999713897705,0.9100000262260437,--,--,--,--,0.7799999713897705,0.908240020275116,0.8303849101066589
4,3759,0.15445464849472046,-0.0003933906555175781,0.24286264181137085,0.6399999856948853,0.8899999856948853,--,--,--,--,0.6433899998664856,0.8899999856948853,0.7931062579154968
4,3760,0.03850354254245758,-0.13064943253993988,0.03441493213176727,0.6000000238418579,0.6499999761581421,--,--,--,--,0.6002900004386902,0.6499999761581421,0.6247066259384155
4,3761,0.05235463008284569,-0.013112413696944714,0.09655234217643738,0.6000000238418579,0.9900000095367432,--,--,--,--,0.6022700071334839,0.9900000095367432,0.7927114367485046
4,3762,0.08541058748960495,-0.008517695590853691,0.16291852295398712,0.800000011920929,0.8100000023841858,--,--,--,--,0.800059974193573,0.8100000023841858,0.8049414753913879
4,3763,0.07468926906585693,-0.029001576825976372,0.14861278235912323,0.75,0.8299999833106995,--,--,--,--,0.75,0.8295300006866455,0.7904694080352783
4,3764,0.041845936328172684,-0.08889523893594742,0.07448897510766983,0.6299999952316284,0.7699999809265137,--,--,--,--,0.6299999952316284,0.7691799998283386,0.7008215188980103
4,3765,0.10461048036813736,-0.012989132665097713,0.2523462474346161,0.6100000143051147,0.6100000143051147,0.7599734663963318,0.7599734663963318,0.6039893627166748,0.6039893627166748,0.6100000143051147,0.7775999903678894,0.6804150342941284
4,3766,0.24983453750610352,0.0,0.3650389611721039,0.75,0.75,0.5649933815002441,0.5649933815002441,0.5259973406791687,0.5259973406791687,0.75,0.7918999791145325,0.7676036953926086
4,3767,0.13770343363285065,-0.012590814381837845,0.28025004267692566,0.6399999856948853,0.6399999856948853,0.7228344082832336,0.7228344082832336,0.5891337394714355,0.5891337394714355,0.6399999856948853,0.7836599946022034,0.7003557682037354
4,3768,0.5233973264694214,-0.7926815748214722,0.03979285806417465,0.5,0.5,0.6949800848960876,0.6949800848960876,0.5779920220375061,0.5779920220375061,0.5,0.6256999969482422,0.5528112649917603
4,3769,0.4287138283252716,-0.012763505801558495,0.6394296288490295,0.9800000190734863,0.9800000190734863,0.5092847943305969,0.5092847943305969,0.5037139058113098,0.5037139058113098,0.9800000190734863,0.9859899878501892,0.9825149178504944
4,3770,0.5301258563995361,-1.0145678520202637,0.01646718755364418,0.5699999928474426,0.5699999928474426,0.5225873589515686,0.5225873589515686,0.5330122709274292,0.5330122709274292,0.5701500177383423,0.5985400080680847,0.5826996564865112
4,3771,0.2603152394294739,0.0,0.5006310939788818,0.5899999737739563,0.5899999737739563,0.725873589515686,0.725873589515686,0.8301228880882263,0.8301228880882263,0.5915300250053406,0.8753799796104431,0.7169966697692871
4,3772,0.3185332417488098,0.0,0.49840912222862244,0.8100000023841858,0.8100000023841858,0.5677620768547058,0.5677620768547058,0.5990368723869324,0.5990368723869324,0.8104599714279175,0.895609974861145,0.848098874092102
4,3773,0.28938621282577515,0.0,0.46670863032341003,0.7400000095367432,0.7400000095367432,0.6016430854797363,0.6016430854797363,0.6485552787780762,0.6485552787780762,0.7406899929046631,0.8684200048446655,0.7971487045288086
4,3774,0.3006139397621155,0.0,0.4527882933616638,0.8199999928474426,0.8199999928474426,0.5338810086250305,0.5338810086250305,0.5495184063911438,0.5495184063911438,0.8202300071716309,0.8628100156784058,0.8390496969223022
4,3775,0.41115066409111023,0.0,0.6003124117851257,0.9399999976158142,0.9399999976158142,0.5451067090034485,0.5451067090034485,0.5215727686882019,0.5215727686882019,0.9399999976158142,0.9860900044441223,0.9647242426872253
4,3776,0.17648904025554657,0.0,0.2915956377983093,0.6100000143051147,0.6100000143051147,0.680426836013794,0.680426836013794,0.5862910747528076,0.5862910747528076,0.6100000143051147,0.7943699955940247,0.7088963985443115
4,3777,nan,-0.0,-0.0,0.8500000238418579,0.8500000238418579,0.6353201270103455,0.6353201270103455,0.5647183060646057,0.5647183060646057,--,--,nan
4,3778,nan,-0.0,-0.0,0.8700000047683716,0.8700000047683716,0.590213418006897,0.590213418006897,0.5431455373764038,0.5431455373764038,--,--,nan
4,3779,nan,-0.0,-0.0,0.8299999833106995,0.8299999833106995,0.5992347598075867,0.5992347598075867,0.5474600791931152,0.5474600791931152,--,--,nan
4,3780,nan,-0.0,-0.0,0.5299999713897705,0.7200000286102295,--,--,--,--,--,--,nan
4,3781,nan,-0.0,-0.0,0.7300000190734863,0.8399999737739563,--,--,--,--,--,--,nan
4,3782,1.0073516368865967,-2.2069857120513916,0.08777233958244324,0.5,0.5299999713897705,--,--,--,--,0.5,0.5297899842262268,0.5167022943496704
4,3783,0.05399562790989876,-0.14029847085475922,0.08599488437175751,0.5199999809265137,0.6700000166893005,--,--,--,--,0.5199999809265137,0.668940007686615,0.6035111546516418
4,3784,0.09706848859786987,-0.002664990024641156,0.1362866908311844,0.7300000190734863,0.7699999809265137,--,--,--,--,0.7302799820899963,0.7699999809265137,0.7477303147315979
4,3785,0.04274927079677582,0.0,0.06566828489303589,0.6200000047683716,0.7900000214576721,--,--,--,--,0.6212000250816345,0.7900000214576721,0.6953538060188293
4,3786,0.060145922005176544,-0.0058799972757697105,0.08296830207109451,0.6700000166893005,0.7200000286102295,--,--,--,--,0.6703500151634216,0.7200000286102295,0.6921628713607788
4,3787,0.09694627672433853,-0.029368339106440544,0.16548827290534973,0.5199999809265137,0.9700000286102295,--,--,--,--,0.5199999809265137,0.9668300151824951,0.7705338001251221
4,3788,0.05355663225054741,-0.14473482966423035,0.0629093274474144,0.5199999809265137,0.7300000190734863,--,--,--,--,0.5214800238609314,0.7300000190734863,0.6130843162536621
4,3789,0.04241295903921127,-0.08725813776254654,0.0921468734741211,0.5299999713897705,0.6899999976158142,--,--,--,--,0.5299999713897705,0.6888700127601624,0.6190786361694336
4,3790,0.6916375160217285,-1.177308201789856,0.05877304822206497,0.5,0.5,0.6225415468215942,0.6225415468215942,0.5434001088142395,0.5434001088142395,0.5,0.6010599732398987,0.5478267073631287
4,3791,0.17268572747707367,0.0,0.30861616134643555,0.6100000143051147,0.6100000143051147,0.8016406893730164,0.8016406893730164,0.6068310737609863,0.6068310737609863,0.6100000143051147,0.8587499856948853,0.7277267575263977
4,3792,1.4394052028656006,-2.410033941268921,0.2088749259710312,0.5400000214576721,0.5400000214576721,0.5188525319099426,0.5188525319099426,0.506676971912384,0.506676971912384,0.5400000214576721,0.5555499792098999,0.5473579168319702
4,3793,0.14992570877075195,0.0,0.241805300116539,0.6600000262260437,0.6600000262260437,0.6602466106414795,0.6602466106414795,0.5567539930343628,0.5567539930343628,0.6600000262260437,0.7921500205993652,0.7225423455238342
4,3794,0.308508962392807,0.0,0.4870452880859375,0.8199999928474426,0.8199999928474426,0.6413940787315369,0.6413940787315369,0.5500770807266235,0.5500770807266235,0.8199999928474426,0.9366000294685364,0.8751842975616455
4,3795,0.29349809885025024,0.0,0.48152366280555725,0.75,0.75,0.5526235103607178,0.5526235103607178,0.6929527521133423,0.6929527521133423,0.7508400082588196,0.8716300129890442,0.8023982644081116
4,3796,0.36679837107658386,0.0,0.5577635169029236,0.8799999952316284,0.8799999952316284,0.5289429426193237,0.5289429426193237,0.6061240434646606,0.6061240434646606,0.8804600238800049,0.9468899965286255,0.9088189005851746
4,3797,0.1745004653930664,-0.35117632150650024,0.07491996884346008,0.5600000023841858,0.5600000023841858,0.5420987606048584,0.5420987606048584,0.6543622016906738,0.6543622016906738,0.560670018196106,0.6572999954223633,0.6019185185432434
4,3798,0.3472766876220703,0.0,0.5300702452659607,0.8500000238418579,0.8500000238418579,0.5289429426193237,0.5289429426193237,0.6061240434646606,0.6061240434646606,0.8504599928855896,0.916890025138855,0.8788187503814697
4,3799,0.26099011301994324,0.0,0.38634300231933594,0.7799999713897705,0.7799999713897705,0.5105246901512146,0.5105246901512146,0.5385905504226685,0.5385905504226685,0.7801700234413147,0.8043299913406372,0.7904796600341797
4,3800,0.06795702874660492,-0.024028176441788673,0.12002436816692352,0.699999988079071,0.9399999976158142,--,--,--,--,0.699999988079071,0.9389100074768066,0.8306983113288879
4,3801,0.09959328919649124,-0.0014697068836539984,0.15934275090694427,0.9700000286102295,0.9900000095367432,--,--,--,--,0.9700000286102295,0.9899100065231323,0.9808914065361023
4,3802,0.061238497495651245,-0.0198977068066597,0.10281186550855637,0.699999988079071,0.8199999928474426,--,--,--,--,0.7005400061607361,0.8199999928474426,0.7546510696411133
4,3803,0.11027822643518448,-0.360970139503479,0.06627080589532852,0.5799999833106995,0.5899999737739563,--,--,--,--,0.5799999833106995,0.5899500250816345,0.5854456424713135
4,3804,0.04918597266077995,-0.16548748314380646,0.06333019584417343,0.550000011920929,0.6700000166893005,--,--,--,--,0.550000011920929,0.6694599986076355,0.6153490543365479
4,3805,0.04068533703684807,-0.058854784816503525,0.08326341956853867,0.5600000023841858,0.7799999713897705,--,--,--,--,0.5600000023841858,0.7789999842643738,0.6798065900802612
4,3806,0.0445401594042778,-0.01150702778249979,0.08187977969646454,0.6399999856948853,0.8399999737739563,--,--,--,--,0.6409100294113159,0.8399999737739563,0.7310848832130432
4,3807,0.0995328351855278,0.0,0.15905039012432098,0.9700000286102295,0.9800000190734863,--,--,--,--,0.9700499773025513,0.9800000190734863,0.974554181098938
4,3808,0.07678257673978806,-0.029582450166344643,0.13199029862880707,0.7599999904632568,0.7699999809265137,--,--,--,--,0.7600499987602234,0.7699999809265137,0.7645542025566101
4,3809,0.06549106538295746,-0.008464307524263859,0.10910377651453018,0.7200000286102295,0.8999999761581421,--,--,--,--,0.7208200097084045,0.8999999761581421,0.8019766211509705
4,3810,0.20235592126846313,-0.0009679089416749775,0.3374852240085602,0.6200000047683716,0.6200000047683716,0.6265532970428467,0.6265532970428467,0.7385042309761047,0.7385042309761047,0.6200000047683716,0.8252699971199036,0.7272375822067261
4,3811,0.2909362018108368,0.0,0.4155287742614746,0.7900000214576721,0.7900000214576721,0.5421844124794006,0.5421844124794006,0.5795013904571533,0.5795013904571533,0.7900000214576721,0.8584200143814087,0.8257460594177246
4,3812,0.3429567515850067,0.0,0.4914247393608093,0.8700000047683716,0.8700000047683716,0.5187486410140991,0.5187486410140991,0.5353339314460754,0.5353339314460754,0.8700000047683716,0.900409996509552,0.885887086391449
4,3813,0.2776014804840088,0.0,0.44724512100219727,0.6800000071525574,0.6800000071525574,0.6359275579452515,0.6359275579452515,0.7561712265014648,0.7561712265014648,0.6800000071525574,0.9004700183868408,0.795181155204773
4,3814,0.1379140466451645,-0.003527044551447034,0.1765485554933548,0.699999988079071,0.699999988079071,0.5234357714653015,0.5234357714653015,0.5441674590110779,0.5441674590110779,0.699999988079071,0.7380099892616272,0.7198585867881775
4,3815,0.3969544470310211,0.0,0.6024700403213501,0.8899999856948853,0.8899999856948853,0.5465668439865112,0.5465668439865112,0.5378355383872986,0.5378355383872986,0.8899999856948853,0.9412099719047546,0.9142372608184814
4,3816,0.4213878810405731,0.0,0.6209399700164795,0.9599999785423279,0.9599999785423279,0.5077611207962036,0.5077611207962036,0.5063059329986572,0.5063059329986572,0.9599999785423279,0.9685400128364563,0.9640395641326904
4,3817,0.3266450762748718,0.0,0.5556896924972534,0.7099999785423279,0.7099999785423279,0.6785061955451965,0.6785061955451965,0.6450362801551819,0.6450362801551819,0.7099999785423279,0.9063199758529663,0.8029090762138367
4,3818,0.16429488360881805,0.0,0.3418556749820709,0.5699999928474426,0.5699999928474426,0.6862673759460449,0.6862673759460449,0.6513422131538391,0.6513422131538391,0.5699999928474426,0.7748500108718872,0.666948676109314
4,3819,0.6141856908798218,-0.9785649180412292,0.047830093652009964,0.5400000214576721,0.5400000214576721,0.5465668439865112,0.5465668439865112,0.5378355383872986,0.5378355383872986,0.5400000214576721,0.5912100076675415,0.564237117767334
4,3820,0.0659027099609375,0.0,0.09974151104688644,0.6299999952316284,0.8299999833106995,--,--,--,--,0.6314499974250793,0.8299999833106995,0.7251018285751343
4,3821,0.030925113707780838,-0.02255498431622982,0.062197230756282806,0.6100000143051147,0.699999988079071,--,--,--,--,0.6100000143051147,0.6993499994277954,0.6572043299674988
4,3822,0.08779194951057434,-0.028402825817465782,0.13110096752643585,0.6499999761581421,0.8600000143051147,--,--,--,--,0.6499999761581421,0.8584799766540527,0.7601431608200073
4,3823,0.07383791357278824,-0.039966896176338196,0.13481412827968597,0.5,0.949999988079071,--,--,--,--,0.5,0.9467399716377258,0.7360209822654724
4,3824,0.052282288670539856,0.0,0.08314725756645203,0.5899999737739563,0.8399999737739563,--,--,--,--,0.5918099880218506,0.8399999737739563,0.7088773250579834
4,3825,0.3837665319442749,0.0,0.5591343641281128,0.8700000047683716,0.8700000047683716,0.5117807388305664,0.5117807388305664,0.5690015554428101,0.5690015554428101,0.8700000047683716,0.9339699745178223,0.9022797346115112
4,3826,0.29250019788742065,0.0,0.48559457063674927,0.6600000262260437,0.6600000262260437,0.5437570810317993,0.5437570810317993,0.7562914490699768,0.7562914490699768,0.6600000262260437,0.8976100087165833,0.7798964381217957
4,3827,0.2244967669248581,-0.019034644588828087,0.4642387628555298,0.5099999904632568,0.5099999904632568,0.5723674893379211,0.5723674893379211,0.9238666892051697,0.9238666892051697,0.5099999904632568,0.9029800295829773,0.7082900404930115
4,3828,0.37865856289863586,0.0,0.5745224952697754,0.8100000023841858,0.8100000023841858,0.5319763422012329,0.5319763422012329,0.6872898936271667,0.6872898936271667,0.8100000023841858,0.9836400151252747,0.8976166248321533
4,3829,0.3469063341617584,0.0,0.5083140134811401,0.8100000023841858,0.8100000023841858,0.5151466727256775,0.5151466727256775,0.5887162685394287,0.5887162685394287,0.8100000023841858,0.8922500014305115,0.8515024185180664
4,3830,0.035923950374126434,-0.028658611699938774,0.08109982311725616,0.6399999856948853,0.6700000166893005,--,--,--,--,0.6399999856948853,0.6700000166893005,0.6558908224105835
4,3831,0.036605171859264374,-0.017459489405155182,0.06738965213298798,0.6399999856948853,0.8700000047683716,--,--,--,--,0.6399999856948853,0.8700000047683716,0.7481688261032104
4,3832,0.06897897273302078,-0.008492544293403625,0.11471199244260788,0.7599999904632568,0.9800000190734863,--,--,--,--,0.7599999904632568,0.9800000190734863,0.8765339851379395
4,3833,0.023855924606323242,-0.026851486414670944,0.05567155033349991,0.5899999737739563,0.9399999976158142,--,--,--,--,0.5899999737739563,0.9399999976158142,0.7546049356460571
4,3834,0.06439632922410965,-0.008868386968970299,0.1159200593829155,0.7599999904632568,0.8799999952316284,--,--,--,--,0.7599999904632568,0.8799999952316284,0.8164359331130981
4,3835,0.24616993963718414,-0.45367899537086487,0.05594111979007721,0.550000011920929,0.550000011920929,0.7049992680549622,0.7049992680549622,0.5455554127693176,0.5455554127693176,0.550000011920929,0.6691399812698364,0.6044654846191406
4,3836,0.25781095027923584,0.0,0.4371292293071747,0.8299999833106995,0.8299999833106995,0.5488093495368958,0.5488093495368958,0.5108464956283569,0.5108464956283569,0.8299999833106995,0.8583700060844421,0.8429678678512573
4,3837,0.3157634437084198,0.0,0.5322201251983643,0.8999999761581421,0.8999999761581421,0.5976186990737915,0.5976186990737915,0.5216930508613586,0.5216930508613586,0.8999999761581421,0.9567300081253052,0.9259358048439026
4,3838,0.16311872005462646,-0.00402965908870101,0.3178124725818634,0.7099999785423279,0.7099999785423279,0.6659517884254456,0.6659517884254456,0.5368781685829163,0.5368781685829163,0.7099999785423279,0.8064500093460083,0.754091203212738
4,3839,0.3531818389892578,0.0,0.5800629258155823,0.9900000095367432,0.9900000095367432,0.5,0.5,0.5,0.5,0.9900000095367432,0.9900000095367432,0.9900020956993103
4,3840,0.14561767876148224,-0.015134868212044239,0.2604973316192627,0.6600000262260437,0.6600000262260437,0.5765023231506348,0.5765023231506348,0.738007128238678,0.738007128238678,0.6600000262260437,0.8116599917411804,0.7222258448600769
4,3841,0.36458781361579895,0.0,0.5028501749038696,0.9100000262260437,0.9100000262260437,0.5,0.5,0.5,0.5,0.9100000262260437,0.9100000262260437,0.9100025296211243
4,3842,0.26894912123680115,-0.0015936525305733085,0.37518173456192017,0.7900000214576721,0.7900000214576721,0.5214206576347351,0.5214206576347351,0.5666419863700867,0.5666419863700867,0.7900000214576721,0.8324599862098694,0.8074232339859009
4,3843,0.18493308126926422,-0.00913317408412695,0.2837967276573181,0.7099999785423279,0.7099999785423279,0.545901358127594,0.545901358127594,0.6428042650222778,0.6428042650222778,0.7099999785423279,0.8009999990463257,0.7473353147506714
4,3844,0.07822275161743164,-0.173038050532341,0.03394864499568939,0.6600000262260437,0.6600000262260437,0.5061202049255371,0.5061202049255371,0.519040584564209,0.519040584564209,0.6600000262260437,0.6721299886703491,0.66497802734375
4,3845,0.2050241380929947,0.0,0.37574198842048645,0.699999988079071,0.699999988079071,0.6227287650108337,0.6227287650108337,0.5862418413162231,0.5862418413162231,0.699999988079071,0.7896100282669067,0.7379828095436096
4,3846,0.3526679277420044,0.0,0.5960217714309692,0.9300000071525574,0.9300000071525574,0.5327276587486267,0.5327276587486267,0.5229977965354919,0.5229977965354919,0.9300000071525574,0.9538999795913696,0.9401286840438843
4,3847,0.3517177999019623,0.0,0.5995590686798096,0.9200000166893005,0.9200000166893005,0.5572734475135803,0.5572734475135803,0.5402461886405945,0.5402461886405945,0.9200000166893005,0.9618200063705444,0.937725305557251
4,3848,0.07095810025930405,-0.1769733726978302,0.09039203822612762,0.5600000023841858,0.5600000023841858,0.6718202829360962,0.6718202829360962,0.6207385659217834,0.6207385659217834,0.5600000023841858,0.6854599714279175,0.613175630569458
4,3849,0.08204983174800873,-0.07647648453712463,0.27683940529823303,0.5199999809265137,0.5199999809265137,0.8190947771072388,0.8190947771072388,0.7242287397384644,0.7242287397384644,0.5199999809265137,0.7529900074005127,0.6187551617622375
4,3850,0.13709571957588196,-0.010580143891274929,0.2200540155172348,0.8600000143051147,0.9900000095367432,--,--,--,--,0.8600000143051147,0.9886500239372253,0.9137213230133057
4,3851,0.1475970298051834,0.0,0.23012876510620117,0.6200000047683716,1.0,--,--,--,--,0.6239299774169922,1.0,0.8429686427116394
4,3852,0.1296951025724411,0.0,0.18815667927265167,0.75,0.8100000023841858,--,--,--,--,0.7506200075149536,0.8100000023841858,0.7852057218551636
4,3853,0.12369527667760849,-0.012146973982453346,0.19497746229171753,0.8199999928474426,0.9599999785423279,--,--,--,--,0.8199999928474426,0.958549976348877,0.8778536319732666
4,3854,0.6746185421943665,-1.3977832794189453,0.007931895554065704,0.5,0.5600000023841858,--,--,--,--,0.5,0.5593799948692322,0.524794340133667
4,3855,0.05275054648518562,-0.10878787189722061,0.05285216495394707,0.5299999713897705,0.8299999833106995,--,--,--,--,0.5299999713897705,0.8299999833106995,0.670624315738678
4,3856,0.03018547035753727,-0.05548973008990288,0.033228807151317596,0.5799999833106995,0.8799999952316284,--,--,--,--,0.5799999833106995,0.8799999952316284,0.7206244468688965
4,3857,0.041821617633104324,-0.029065338894724846,0.0781453400850296,0.5400000214576721,0.8100000023841858,--,--,--,--,0.5400000214576721,0.8100000023841858,0.6834380030632019
4,3858,0.10566851496696472,-0.3410815894603729,0.06401213258504868,0.550000011920929,0.6100000143051147,--,--,--,--,0.550000011920929,0.6100000143051147,0.581875205039978
4,3859,0.04326668381690979,-0.0022856963332742453,0.0784258097410202,0.699999988079071,0.7099999785423279,--,--,--,--,0.699999988079071,0.7099999785423279,0.7046873569488525
4,3860,0.03752921149134636,-0.01029612310230732,0.10906455665826797,0.6200000047683716,0.6200000047683716,0.6254193186759949,0.6254193186759949,0.5342052578926086,0.5342052578926086,0.6200000047683716,0.7098699808120728,0.6589601635932922
4,3861,0.3289417326450348,0.0,0.5036371350288391,0.8399999737739563,0.8399999737739563,0.5385905504226685,0.5385905504226685,0.5105246901512146,0.5105246901512146,0.8399999737739563,0.8676499724388123,0.851987898349762
4,3862,0.4086213707923889,0.0,0.6267879009246826,0.9700000286102295,0.9700000286102295,0.5192952752113342,0.5192952752113342,0.5052623748779297,0.5052623748779297,0.9700000286102295,0.9838299751281738,0.975993812084198
4,3863,0.3279145359992981,0.0,0.5102717280387878,0.8299999833106995,0.8299999833106995,0.5675334930419922,0.5675334930419922,0.5184181928634644,0.5184181928634644,0.8299999833106995,0.8783900141716003,0.8509785532951355
4,3864,0.2919314503669739,0.0,0.4850323498249054,0.7599999904632568,0.7599999904632568,0.6543622016906738,0.6543622016906738,0.5420987606048584,0.5420987606048584,0.7599999904632568,0.8706099987030029,0.8079509139060974
4,3865,0.07328563183546066,-0.005757447797805071,0.13414821028709412,0.6299999952316284,0.8299999833106995,--,--,--,--,0.6299999952316284,0.8299999833106995,0.7395929098129272
4,3866,0.10246262699365616,-0.002062163781374693,0.1898428350687027,0.8100000023841858,0.8799999952316284,--,--,--,--,0.8100000023841858,0.8799999952316284,0.8483574390411377
4,3867,0.05992724746465683,-0.006666779052466154,0.10699192434549332,0.5899999737739563,0.800000011920929,--,--,--,--,0.5899999737739563,0.800000011920929,0.7050723433494568
4,3868,0.09432310611009598,-0.005711052101105452,0.18015742301940918,0.6800000071525574,0.949999988079071,--,--,--,--,0.6800000071525574,0.949999988079071,0.8279504776000977
4,3869,0.06345847249031067,-0.008946657180786133,0.11737032979726791,0.5400000214576721,0.8799999952316284,--,--,--,--,0.5400000214576721,0.8799999952316284,0.7263080477714539
4,3870,0.07237598299980164,0.0,0.11692847311496735,0.8100000023841858,0.8799999952316284,--,--,--,--,0.810509979724884,0.8799999952316284,0.8422009348869324
4,3871,0.06188974902033806,-0.03519150987267494,0.10408864915370941,0.6600000262260437,0.9100000262260437,--,--,--,--,0.6600000262260437,0.9081599712371826,0.7949967384338379
4,3872,0.08395801484584808,-0.005137743428349495,0.140140563249588,0.8399999737739563,0.8600000143051147,--,--,--,--,0.8399999737739563,0.8598499894142151,0.8507997989654541
4,3873,0.062100600451231,-0.016293300315737724,0.09450861066579819,0.6899999976158142,0.8299999833106995,--,--,--,--,0.6899999976158142,0.8289700150489807,0.7655981779098511
4,3874,0.24432678520679474,-0.5416886210441589,0.033500052988529205,0.5099999904632568,0.5799999833106995,--,--,--,--,0.5105100274085999,0.5799999833106995,0.5422008633613586
4,3875,0.028993215411901474,-0.012353622354567051,0.04795514792203903,0.6299999952316284,0.6800000071525574,--,--,--,--,0.6299999952316284,0.6796299815177917,0.656999409198761
4,3876,0.06973553448915482,-0.017657967284321785,0.11269230395555496,0.7200000286102295,0.8799999952316284,--,--,--,--,0.7200000286102295,0.87882000207901,0.8063980340957642
4,3877,0.06196758151054382,0.0,0.09993723779916763,0.7699999809265137,0.9800000190734863,--,--,--,--,0.7715399861335754,0.9800000190734863,0.8666025400161743
4,3878,0.07922863215208054,0.0,0.13148963451385498,0.8899999856948853,1.0,--,--,--,--,0.8908100128173828,1.0,0.9406014084815979
4,3879,0.0740000382065773,0.0,0.11912418156862259,0.8100000023841858,0.8600000143051147,--,--,--,--,0.8103700280189514,0.8600000143051147,0.8330004811286926
4,3880,0.24832439422607422,-0.011708456091582775,0.4713439345359802,0.6200000047683716,0.6200000047683716,0.6087338924407959,0.6087338924407959,0.7796013951301575,0.7796013951301575,0.6200000047683716,0.8932999968528748,0.7562992572784424
4,3881,0.2955899238586426,0.0,0.45293012261390686,0.75,0.75,0.5434935688972473,0.5434935688972473,0.611840546131134,0.611840546131134,0.75,0.8593199849128723,0.804519534111023
4,3882,0.3563002049922943,0.0,0.55678391456604,0.7900000214576721,0.7900000214576721,0.5688647627830505,0.5688647627830505,0.6770808696746826,0.6770808696746826,0.7900000214576721,0.9630900025367737,0.876322865486145
4,3883,0.10966403782367706,-0.021374331787228584,0.24405020475387573,0.6100000143051147,0.6100000143051147,0.5579913854598999,0.5579913854598999,0.6491207480430603,0.6491207480430603,0.6100000143051147,0.7557600140571594,0.6826929450035095
4,3884,0.2822835147380829,-0.011152908205986023,0.5260794162750244,0.6100000143051147,0.6100000143051147,0.6377295851707458,0.6377295851707458,0.85416179895401,0.85416179895401,0.6100000143051147,0.9561799764633179,0.7826452851295471
4,3885,0.03245660290122032,-0.006483087781816721,0.05143148824572563,0.6299999952316284,0.7200000286102295,--,--,--,--,0.6304900050163269,0.7200000286102295,0.6735256910324097
4,3886,0.08150050044059753,0.0,0.11364298313856125,0.6800000071525574,0.8100000023841858,--,--,--,--,0.6807000041007996,0.8100000023841858,0.7428702116012573
4,3887,0.09412587434053421,0.0,0.13707071542739868,0.699999988079071,0.8399999737739563,--,--,--,--,0.700760006904602,0.8399999737739563,0.7677063941955566
4,3888,0.11843038350343704,0.0,0.18012413382530212,0.7599999904632568,0.8799999952316284,--,--,--,--,0.7606499791145325,0.8799999952316284,0.8180341720581055
4,3889,0.10574020445346832,0.0,0.1581626534461975,0.7200000286102295,0.8799999952316284,--,--,--,--,0.7208700180053711,0.8799999952316284,0.7973788976669312
4,3890,0.06039479002356529,-0.031796593219041824,0.13134975731372833,0.6100000143051147,0.7400000095367432,--,--,--,--,0.6100000143051147,0.7400000095367432,0.6784123182296753
4,3891,0.10029663890600204,-0.018756013363599777,0.20633246004581451,0.8500000238418579,0.8799999952316284,--,--,--,--,0.8500000238418579,0.8799999952316284,0.864212691783905
4,3892,0.06797274202108383,-0.006242669653147459,0.12524425983428955,0.6800000071525574,0.7599999904632568,--,--,--,--,0.6800000071525574,0.7599999904632568,0.7179000973701477
4,3893,0.05318032577633858,-0.03410643711686134,0.11122060567140579,0.6000000238418579,0.6800000071525574,--,--,--,--,0.6000000238418579,0.6800000071525574,0.6420998573303223
4,3894,0.07715081423521042,-0.019888905808329582,0.18383656442165375,0.6700000166893005,0.9100000262260437,--,--,--,--,0.6700000166893005,0.9100000262260437,0.7962996363639832
4,3895,0.3393460512161255,0.0,0.5212298631668091,0.8299999833106995,0.8299999833106995,0.5130944848060608,0.5130944848060608,0.5890423059463501,0.5890423059463501,0.8303800225257874,0.9028099775314331,0.8640612959861755
4,3896,0.41947969794273376,0.0,0.6200780868530273,0.9800000190734863,0.9800000190734863,0.5029098987579346,0.5029098987579346,0.5197871923446655,0.5197871923446655,0.9800800085067749,0.99617999792099,0.9875689744949341
4,3897,0.16783829033374786,0.0,0.35380426049232483,0.5,0.5,0.5654723048210144,0.5654723048210144,0.9452115893363953,0.9452115893363953,0.5019099712371826,0.8640699982643127,0.6703067421913147
4,3898,0.5399572253227234,-0.8778845071792603,0.05723711475729942,0.5099999904632568,0.5099999904632568,0.5189142227172852,0.5189142227172852,0.6286166906356812,0.6286166906356812,0.5105500221252441,0.6151800155639648,0.5591998100280762
4,3899,0.19748462736606598,-0.0024068919010460377,0.38108429312705994,0.6000000238418579,0.6000000238418579,0.5480130314826965,0.5480130314826965,0.8264884948730469,0.8264884948730469,0.6014000177383423,0.8669800162315369,0.7248915433883667
4,3900,0.3986753523349762,0.0,0.6044619083404541,0.8700000047683716,0.8700000047683716,0.5899861454963684,0.5899861454963684,0.501578688621521,0.501578688621521,0.8700000047683716,0.9551799893379211,0.9134188294410706
4,3901,0.4080581068992615,0.0,0.6076829433441162,0.9200000166893005,0.9200000166893005,0.5199969410896301,0.5199969410896301,0.500350832939148,0.500350832939148,0.9200000166893005,0.9389299750328064,0.9296486377716064
4,3902,0.26763811707496643,0.0,0.4580821096897125,0.5799999833106995,0.5799999833106995,0.8899400234222412,0.8899400234222412,0.5068410634994507,0.5068410634994507,0.5799999833106995,0.9491099715232849,0.7681484818458557
4,3903,0.4048713445663452,0.0,0.6042311191558838,0.9100000262260437,0.9100000262260437,0.5299953818321228,0.5299953818321228,0.5005262494087219,0.5005262494087219,0.9100000262260437,0.9383900165557861,0.9244728684425354
4,3904,0.43770352005958557,0.0,0.6512260437011719,0.9800000190734863,0.9800000190734863,0.5199969410896301,0.5199969410896301,0.500350832939148,0.500350832939148,0.9800000190734863,0.9989299774169922,0.989648699760437
4,3905,0.2212323397397995,0.0,0.39977723360061646,0.7099999785423279,0.7099999785423279,0.5345237851142883,0.5345237851142883,0.70714271068573,0.70714271068573,0.7105399966239929,0.8558400273323059,0.7704483270645142
4,3906,0.3893375098705292,0.0,0.6101383566856384,0.9900000095367432,0.9900000095367432,0.5016440153121948,0.5016440153121948,0.5098639130592346,0.5098639130592346,0.9900299906730652,0.996940016746521,0.9928784966468811
4,3907,0.3500045835971832,0.0,0.5612313151359558,0.9100000262260437,0.9100000262260437,0.5098639130592346,0.5098639130592346,0.559183657169342,0.559183657169342,0.9101499915122986,0.9516699910163879,0.9272711873054504
4,3908,0.3597651720046997,0.0,0.5716472864151001,0.9300000071525574,0.9300000071525574,0.5065759420394897,0.5065759420394897,0.539455771446228,0.539455771446228,0.9301000237464905,0.9577800035476685,0.9415140748023987
4,3909,0.0371956042945385,-0.06326735019683838,0.141577810049057,0.5400000214576721,0.5400000214576721,0.5526076555252075,0.5526076555252075,0.8156460523605347,0.8156460523605347,0.5408200025558472,0.7622299790382385,0.6321120262145996
4,3910,0.3986319601535797,0.0,0.6322755217552185,0.8999999761581421,0.8999999761581421,0.5371390581130981,0.5371390581130981,0.5928476452827454,0.5928476452827454,0.8999999761581421,0.9975399971008301,0.9453327059745789
4,3911,0.2637396454811096,-0.007602101657539606,0.5572409629821777,0.6299999952316284,0.6299999952316284,0.6225589513778687,0.6225589513778687,0.8063973188400269,0.8063973188400269,0.6299999952316284,0.9518899917602539,0.7795987129211426
4,3912,0.07145147770643234,-0.1760706901550293,0.026735691353678703,0.6299999952316284,0.6299999952316284,0.5148556232452393,0.5148556232452393,0.5371390581130981,0.5371390581130981,0.6299999952316284,0.6690199971199036,0.6481332778930664
4,3913,0.28936487436294556,-0.004856952466070652,0.5687956809997559,0.6800000071525574,0.6800000071525574,0.6039893627166748,0.6039893627166748,0.7599734663963318,0.7599734663963318,0.6800000071525574,0.9531199932098389,0.8069321513175964
4,3914,0.4174494743347168,0.0,0.6224507689476013,0.9599999785423279,0.9599999785423279,0.5037139058113098,0.5037139058113098,0.5092847943305969,0.5092847943305969,0.9599999785423279,0.9697499871253967,0.9645333290100098
4,3915,0.021053504198789597,-0.0462200790643692,0.041337791830301285,0.5699999928474426,0.75,--,--,--,--,0.5699999928474426,0.7492700219154358,0.6674103140830994
4,3916,0.106906458735466,-0.01513430755585432,0.2324659377336502,0.7799999713897705,0.949999988079071,--,--,--,--,0.7799999713897705,0.9493100047111511,0.87199866771698
4,3917,0.06681080162525177,-0.008006300777196884,0.12000193446874619,0.699999988079071,0.75,--,--,--,--,0.699999988079071,0.7498000264167786,0.7270583510398865
4,3918,0.10259292274713516,0.0,0.1924673616886139,0.7799999713897705,0.800000011920929,--,--,--,--,0.7800800204277039,0.800000011920929,0.7891765832901001
4,3919,0.0583234541118145,0.0,0.10634349286556244,0.5899999737739563,0.9399999976158142,--,--,--,--,0.5914199948310852,0.9399999976158142,0.7505908012390137
4,3920,0.05207080766558647,-0.11017639189958572,0.08663111180067062,0.5299999713897705,0.5299999713897705,0.8434377312660217,0.8434377312660217,0.6079375743865967,0.6079375743865967,0.5299999713897705,0.7582499980926514,0.6265584230422974
4,3921,0.3535009026527405,0.0,0.5601877570152283,0.9300000071525574,0.9300000071525574,0.5572396516799927,0.5572396516799927,0.5179895758628845,0.5179895758628845,0.9300000071525574,0.9680399894714355,0.9460932016372681
4,3922,0.08515995740890503,-0.0007388668018393219,0.1224292740225792,0.699999988079071,0.699999988079071,0.5286198258399963,0.5286198258399963,0.5089948177337646,0.5089948177337646,0.699999988079071,0.7190200090408325,0.7080466151237488
4,3923,0.21648311614990234,0.0,0.36420580744743347,0.7200000286102295,0.7200000286102295,0.7384984493255615,0.7384984493255615,0.5749566555023193,0.5749566555023193,0.7200000286102295,0.8784999847412109,0.7870544195175171
4,3924,0.15671665966510773,-5.101811984786764e-05,0.23594604432582855,0.7300000190734863,0.7300000190734863,0.5476996898651123,0.5476996898651123,0.5149913430213928,0.5149913430213928,0.7300000190734863,0.7616999745368958,0.7434110045433044
4,3925,0.23945610225200653,-0.020911414176225662,0.3977276682853699,0.7699999809265137,0.7699999809265137,0.5015379786491394,0.5015379786491394,0.5599802732467651,0.5599802732467651,0.7699999809265137,0.805869996547699,0.7853742837905884
4,3926,0.38082465529441833,-0.02917184680700302,0.6200917363166809,0.9700000286102295,0.9700000286102295,0.5005126595497131,0.5005126595497131,0.5199934244155884,0.5199934244155884,0.9700000286102295,0.9819599986076355,0.9751247763633728
4,3927,0.054727520793676376,-0.019685054197907448,0.12538328766822815,0.6399999856948853,0.6399999856948853,0.503332257270813,0.503332257270813,0.6299572587013245,0.6299572587013245,0.6399999856948853,0.717710018157959,0.6733109354972839
4,3928,0.26852110028266907,-0.01887374371290207,0.45369449257850647,0.7900000214576721,0.7900000214576721,0.5028195977210999,0.5028195977210999,0.6099638342857361,0.6099638342857361,0.7900000214576721,0.8557599782943726,0.8181861639022827
4,3929,0.394848108291626,-0.03218340873718262,0.6409213542938232,1.0,1.0,0.5,0.5,0.5,0.5,1.0,1.0,1.0
4,3930,0.38841208815574646,0.0,0.5844882130622864,0.9800000190734863,0.9800000190734863,0.5,0.5,0.5,0.5,0.9800000190734863,0.9800000190734863,0.9799988865852356
4,3931,0.2592986524105072,0.0,0.38210564851760864,0.7799999713897705,0.7799999713897705,0.5146357417106628,0.5146357417106628,0.5478100180625916,0.5478100180625916,0.7804800271987915,0.8244199752807617,0.8020066618919373
4,3932,0.10110322386026382,-0.008695400319993496,0.2013196498155594,0.5,0.5,0.5936685800552368,0.5936685800552368,0.8059839606285095,0.8059839606285095,0.5030800104141235,0.7843000292778015,0.6408430337905884
4,3933,0.15482881665229797,0.0,0.2855045199394226,0.5199999809265137,0.5199999809265137,0.5995228290557861,0.5995228290557861,0.825107991695404,0.825107991695404,0.5232700109481812,0.8220700025558472,0.6696459054946899
4,3934,0.33241012692451477,0.0,0.5202690958976746,0.7599999904632568,0.7599999904632568,0.5673242807388306,0.5673242807388306,0.7199259996414185,0.7199259996414185,0.7622100114822388,0.9643399715423584,0.8612309694290161
4,3935,0.10291548073291779,-0.007302910555154085,0.16819195449352264,0.8700000047683716,0.8999999761581421,--,--,--,--,0.8703600168228149,0.8999999761581421,0.8866057395935059
4,3936,0.030598817393183708,-0.08877100795507431,0.04383056238293648,0.5600000023841858,0.9800000190734863,--,--,--,--,0.5600000023841858,0.9749000072479248,0.7475206851959229
4,3937,0.10640589892864227,-0.0043966202065348625,0.17300119996070862,0.8399999737739563,0.9599999785423279,--,--,--,--,0.8414599895477295,0.9599999785423279,0.9064226746559143
4,3938,0.0581606850028038,-0.015900664031505585,0.1008647009730339,0.75,0.8700000047683716,--,--,--,--,0.75,0.8685399889945984,0.803577184677124
4,3939,0.058243971318006516,-0.14571011066436768,0.018946846947073936,0.6000000238418579,0.6600000262260437,--,--,--,--,0.6000000238418579,0.6592699885368347,0.6267887353897095
4,3940,0.11015477031469345,0.0,0.18909986317157745,0.5600000023841858,0.7599999904632568,--,--,--,--,0.5600000023841858,0.7599999904632568,0.681358814239502
4,3941,0.11441587656736374,-0.004451307933777571,0.21583007276058197,0.8399999737739563,0.8600000143051147,--,--,--,--,0.8399999737739563,0.8600000143051147,0.8478640913963318
4,3942,0.12630616128444672,0.0,0.21098138391971588,0.6000000238418579,0.9100000262260437,--,--,--,--,0.6000000238418579,0.9100000262260437,0.7881059646606445
4,3943,0.1378297656774521,0.0,0.26190364360809326,0.800000011920929,1.0,--,--,--,--,0.800000011920929,1.0,0.9213588237762451
4,3944,0.06366561353206635,-0.1062072291970253,0.03698227182030678,0.5199999809265137,0.9700000286102295,--,--,--,--,0.5199999809265137,0.9700000286102295,0.6969427466392517
4,3945,0.13090068101882935,0.0,0.2356184870004654,0.6700000166893005,0.949999988079071,--,--,--,--,0.6700000166893005,0.949999988079071,0.8399022817611694
4,3946,0.10722444951534271,0.0,0.17557144165039062,0.7400000095367432,0.7400000095367432,--,--,--,--,0.7400000095367432,0.7400000095367432,0.7400006651878357
4,3947,0.12678085267543793,-0.002516508335247636,0.2441682070493698,0.8500000238418579,0.8999999761581421,--,--,--,--,0.8500000238418579,0.8999999761581421,0.8803396821022034
4,3948,0.1314728707075119,0.0,0.22344152629375458,0.6000000238418579,0.949999988079071,--,--,--,--,0.6000000238418579,0.949999988079071,0.8123779296875
4,3949,0.03804296627640724,-0.04305913299322128,0.0872492641210556,0.6200000047683716,0.6600000262260437,--,--,--,--,0.6200000047683716,0.6600000262260437,0.6357283592224121
4,3950,0.05976441130042076,-0.0727563425898552,0.12535174190998077,0.6200000047683716,0.8399999737739563,--,--,--,--,0.6200000047683716,0.8396300077438354,0.7399420738220215
4,3951,0.06374423205852509,-0.02040949836373329,0.15146508812904358,0.6700000166893005,0.9800000190734863,--,--,--,--,0.670520007610321,0.9800000190734863,0.8109907507896423
4,3952,0.25896212458610535,-0.6675019860267639,0.046428531408309937,0.5299999713897705,0.5799999833106995,--,--,--,--,0.5299999713897705,0.5799199938774109,0.5572595596313477
4,3953,0.03237271308898926,-0.09930041432380676,0.05242930352687836,0.6299999952316284,0.699999988079071,--,--,--,--,0.6299999952316284,0.6998800039291382,0.6681634187698364
4,3954,0.0789615660905838,-0.021902943029999733,0.1857009381055832,0.7400000095367432,0.7699999809265137,--,--,--,--,0.7400500178337097,0.7699999809265137,0.7536441683769226
4,3955,0.04081692546606064,-0.0688539370894432,0.07557176798582077,0.5199999809265137,0.8100000023841858,--,--,--,--,0.5204799771308899,0.8100000023841858,0.6518946290016174
4,3956,0.0678367167711258,-0.01779620721936226,0.1626245677471161,0.6899999976158142,0.9800000190734863,--,--,--,--,0.6904799938201904,0.9800000190734863,0.8218945264816284
4,3957,0.13553617894649506,-0.3233412802219391,0.05244264751672745,0.5600000023841858,0.6200000047683716,--,--,--,--,0.5601000189781189,0.6200000047683716,0.587288498878479
4,3958,0.09401366859674454,-0.03195557743310928,0.2228863537311554,0.7599999904632568,0.8399999737739563,--,--,--,--,0.7599999904632568,0.8398699760437012,0.8036153316497803
4,3959,0.10003965348005295,-0.014356822706758976,0.24593161046504974,0.8199999928474426,0.8999999761581421,--,--,--,--,0.8201299905776978,0.8999999761581421,0.8563848733901978
4,3960,0.34665706753730774,0.0,0.5583055019378662,0.9700000286102295,0.9700000286102295,0.5,0.5,0.5,0.5,0.9700000286102295,0.9700000286102295,0.9700010418891907
4,3961,0.17949871718883514,-0.37208351492881775,0.018240535631775856,0.6200000047683716,0.6200000047683716,0.5477073192596436,0.5477073192596436,0.5149670243263245,0.5149670243263245,0.6200000047683716,0.6496999859809875,0.6346214413642883
4,3962,0.15097294747829437,-0.3031224310398102,0.024569887667894363,0.5199999809265137,0.5199999809265137,0.7862439751625061,0.7862439751625061,0.5898020267486572,0.5898020267486572,0.5199999809265137,0.6982100009918213,0.6077295541763306
4,3963,0.08808091282844543,-0.20706774294376373,0.0356130413711071,0.6299999952316284,0.6299999952316284,0.5763317346572876,0.5763317346572876,0.5239471793174744,0.5239471793174744,0.6299999952316284,0.6775199770927429,0.6533944010734558
4,3964,0.2632407546043396,0.0,0.4306809902191162,0.8199999928474426,0.8199999928474426,0.5858731865882874,0.5858731865882874,0.5269405841827393,0.5269405841827393,0.8199999928474426,0.8734599947929382,0.8463188409805298
4,3965,0.29155808687210083,0.0,0.4193017780780792,0.7599999904632568,0.7599999904632568,0.5290007591247559,0.5290007591247559,0.5957024693489075,0.5957024693489075,0.7606300115585327,0.8366400003433228,0.7971846461296082
4,3966,0.15475894510746002,0.0,0.2426219880580902,0.6399999856948853,0.6399999856948853,0.5464012026786804,0.5464012026786804,0.6531239151954651,0.6531239151954651,0.640999972820282,0.7626299858093262,0.6994953751564026
4,3967,0.3396393656730652,0.0,0.5144834518432617,0.7699999809265137,0.7699999809265137,0.5580014586448669,0.5580014586448669,0.6914048790931702,0.6914048790931702,0.7712500095367432,0.9232900142669678,0.844369113445282
4,3968,0.19243523478507996,0.0,0.2955806255340576,0.6600000262260437,0.6600000262260437,0.5464012026786804,0.5464012026786804,0.6531239151954651,0.6531239151954651,0.6610000133514404,0.7826300263404846,0.7194953560829163
4,3969,0.2791611850261688,0.0,0.3890071213245392,0.7599999904632568,0.7599999904632568,0.5232005715370178,0.5232005715370178,0.5765619277954102,0.5765619277954102,0.7605000138282776,0.8213199973106384,0.7897477149963379
4,3970,0.2869558036327362,-0.0002565410977695137,0.4773485064506531,0.6700000166893005,0.6700000166893005,0.5606338977813721,0.5606338977813721,0.7425356507301331,0.7425356507301331,0.6700000166893005,0.8873100280761719,0.7801254987716675
4,3971,0.32919180393218994,0.0,0.5021299719810486,0.800000011920929,0.800000011920929,0.5121268033981323,0.5121268033981323,0.5485071539878845,0.5485071539878845,0.800000011920929,0.8434600234031677,0.8220251202583313
4,3972,1.4004275798797607,-2.0359978675842285,0.008789844810962677,0.5,0.5,0.5169774889945984,0.5169774889945984,0.5679099559783936,0.5679099559783936,0.5,0.5608500242233276,0.5308350920677185
4,3973,0.22235487401485443,-0.002748731756582856,0.3945326805114746,0.6100000143051147,0.6100000143051147,0.5630592703819275,0.5630592703819275,0.7522370219230652,0.7522370219230652,0.6100000143051147,0.8360000252723694,0.7245306372642517
4,3974,0.4435212314128876,0.0,0.659640908241272,0.9800000190734863,0.9800000190734863,0.5048506855964661,0.5048506855964661,0.5194028615951538,0.5194028615951538,0.9800000190734863,0.9973800182342529,0.9888099431991577
4,3975,0.037571344524621964,-0.015566223300993443,0.07314556837081909,0.6800000071525574,0.6899999976158142,--,--,--,--,0.6800000071525574,0.6899999976158142,0.685058057308197
4,3976,0.044964518398046494,-0.023302339017391205,0.09043312817811966,0.699999988079071,0.8100000023841858,--,--,--,--,0.699999988079071,0.8100000023841858,0.7556388974189758
4,3977,0.050461191684007645,-0.013506090268492699,0.08781745284795761,0.7599999904632568,0.8700000047683716,--,--,--,--,0.7599999904632568,0.8700000047683716,0.8143609166145325
4,3978,0.042646441608667374,-0.03118760697543621,0.08878392726182938,0.6899999976158142,0.8399999737739563,--,--,--,--,0.6899999976158142,0.8399999737739563,0.7658714056015015
4,3979,0.06116614490747452,-0.006288662552833557,0.10687429457902908,0.7799999713897705,0.8199999928474426,--,--,--,--,0.7799999713897705,0.8199999928474426,0.800232470035553
4,3980,0.11239724606275558,0.0,0.18207378685474396,0.6399999856948853,0.8500000238418579,--,--,--,--,0.6426900029182434,0.8500000238418579,0.7605130672454834
4,3981,0.1188773587346077,0.0,0.20556151866912842,0.6600000262260437,0.8799999952316284,--,--,--,--,0.6628199815750122,0.8799999952316284,0.7862514853477478
4,3982,0.10343533754348755,0.0,0.15888568758964539,0.5600000023841858,0.8199999928474426,--,--,--,--,0.5633299946784973,0.8199999928474426,0.7092062830924988
4,3983,0.09859957545995712,0.0,0.16163764894008636,0.7099999785423279,0.7699999809265137,--,--,--,--,0.7107700109481812,0.7699999809265137,0.7444321513175964
4,3984,0.12921226024627686,0.0,0.25253310799598694,0.8199999928474426,0.8799999952316284,--,--,--,--,0.8207700252532959,0.8799999952316284,0.8544321060180664
4,3985,0.051006074994802475,-0.08775075525045395,0.025020044296979904,0.5199999809265137,0.949999988079071,--,--,--,--,0.5199999809265137,0.949999988079071,0.6878714561462402
4,3986,0.0967162474989891,-0.009750016033649445,0.1984778791666031,0.5199999809265137,0.8199999928474426,--,--,--,--,0.5199999809265137,0.8199999928474426,0.7028802633285522
4,3987,0.14516066014766693,-0.000270315125817433,0.26085183024406433,0.8600000143051147,0.8700000047683716,--,--,--,--,0.8600000143051147,0.8700000047683716,0.8660961389541626
4,3988,0.14896833896636963,-0.0018124778289347887,0.27882641553878784,0.949999988079071,0.9800000190734863,--,--,--,--,0.949999988079071,0.9800000190734863,0.9617120623588562
4,3989,0.13455621898174286,-0.002889003837481141,0.2391228973865509,0.7599999904632568,0.8600000143051147,--,--,--,--,0.7599999904632568,0.8600000143051147,0.8209602236747742
4,3990,0.22600167989730835,0.0,0.3891036808490753,0.75,0.75,0.5094442963600159,0.5094442963600159,0.6196277737617493,0.6196277737617493,0.75,0.8146799802780151,0.7755326628684998
4,3991,0.03865157812833786,-0.08240532875061035,0.17198975384235382,0.5400000214576721,0.5400000214576721,0.5314809679985046,0.5314809679985046,0.8987592458724976,0.8987592458724976,0.5400000214576721,0.7556099891662598,0.6251083016395569
4,3992,0.18010000884532928,-0.0017836855258792639,0.3699202239513397,0.699999988079071,0.699999988079071,0.5157405138015747,0.5157405138015747,0.6993796229362488,0.6993796229362488,0.699999988079071,0.8077999949455261,0.7425540685653687
4,3993,0.20480339229106903,-0.0023298535961657763,0.42130622267723083,0.699999988079071,0.699999988079071,0.522823691368103,0.522823691368103,0.7891004681587219,0.7891004681587219,0.699999988079071,0.8563200235366821,0.761703610420227
4,3994,0.8973339200019836,-1.5968807935714722,0.0718378946185112,0.550000011920929,0.550000011920929,0.503148078918457,0.503148078918457,0.5398759245872498,0.5398759245872498,0.550000011920929,0.5715600252151489,0.5585108399391174
4,3995,0.054469287395477295,-0.10714603960514069,0.10018272697925568,0.5799999833106995,0.6600000262260437,--,--,--,--,0.5810199975967407,0.6600000262260437,0.6259098649024963
4,3996,0.09859957545995712,0.0,0.16163764894008636,0.7099999785423279,0.7699999809265137,--,--,--,--,0.7107700109481812,0.7699999809265137,0.7444321513175964
4,3997,0.0974806398153305,-0.2939724922180176,0.06539728492498398,0.5799999833106995,0.6399999856948853,--,--,--,--,0.5799999833106995,0.6392300128936768,0.6055678725242615
4,3998,0.06710874289274216,-0.0265983734279871,0.1198972538113594,0.7200000286102295,0.7699999809265137,--,--,--,--,0.7200000286102295,0.7693600058555603,0.7413063645362854
4,3999,0.10445570200681686,0.0,0.1598140299320221,0.6100000143051147,0.8199999928474426,--,--,--,--,0.6126899719238281,0.8199999928474426,0.7305129170417786
4,4000,0.06434040516614914,-0.034464072436094284,0.112984299659729,0.6899999976158142,0.9599999785423279,--,--,--,--,0.6899999976158142,0.956059992313385,0.846023440361023
4,4001,0.03412723168730736,-0.054965581744909286,0.08489356935024261,0.5799999833106995,0.8600000143051147,--,--,--,--,0.5799999833106995,0.8600000143051147,0.7332718372344971
4,4002,0.05878978595137596,-0.06644640117883682,0.0992773026227951,0.6600000262260437,0.8799999952316284,--,--,--,--,0.6685199737548828,0.8729299902915955,0.781548798084259
4,4003,0.037220098078250885,-0.08940039575099945,0.06813101470470428,0.5199999809265137,0.8899999856948853,--,--,--,--,0.5318400263786316,0.8899999856948853,0.7015838623046875
4,4004,0.03631393611431122,-0.08810577541589737,0.0581149198114872,0.5099999904632568,0.9599999785423279,--,--,--,--,0.5158799886703491,0.9599999785423279,0.7367784380912781
4,4005,0.09310995042324066,-0.07313282042741776,0.15338623523712158,0.5400000214576721,0.8899999856948853,0.517376184463501,0.5289603471755981,0.5244554281234741,0.5407590270042419,0.55281001329422,0.8788599967956543,0.7241786122322083
4,4006,0.18939709663391113,-0.03911333531141281,0.3395468592643738,0.6600000262260437,0.7900000214576721,0.5115841627120972,0.592673122882843,0.5163035988807678,0.6304288506507874,0.6653100252151489,0.7860199809074402,0.7470436096191406
4,4007,0.05515187978744507,-0.07209444046020508,0.15154880285263062,0.5199999809265137,0.7200000286102295,0.5115841627120972,0.6390097141265869,0.5163035988807678,0.6956433057785034,0.5281199812889099,0.7138500213623047,0.651816189289093
4,4008,0.10040584951639175,-0.0454031303524971,0.15946845710277557,0.5899999737739563,0.7599999904632568,0.5463365912437439,0.5579206943511963,0.5652144551277161,0.5815180540084839,0.5966600179672241,0.7547699809074402,0.6969510316848755
4,4009,0.10657618939876556,-0.07032362371683121,0.1629132479429245,0.5699999928474426,0.9300000071525574,0.5,0.5,0.5,0.5,0.5829200148582458,0.9184399843215942,0.7492430806159973
4,4010,0.22775907814502716,-0.015976199880242348,0.385263055562973,0.6299999952316284,0.7099999785423279,0.5524616837501526,0.6457269787788391,0.5731284618377686,0.7031345367431641,0.6299999952316284,0.806689977645874,0.7279196977615356
4,4011,0.08802732825279236,-0.011189292185008526,0.2003876119852066,0.5899999737739563,0.6800000071525574,0.5524616837501526,0.5524616837501526,0.5731284618377686,0.5731284618377686,0.5899999737739563,0.7026100158691406,0.6658209562301636
4,4012,0.20519106090068817,-0.01288428995758295,0.34328195452690125,0.6899999976158142,0.8999999761581421,0.5116581320762634,0.5408035516738892,0.5162507891654968,0.5568776726722717,0.6899999976158142,0.8999999761581421,0.8105641603469849
4,4013,0.1453145295381546,-0.028412315994501114,0.2604089081287384,0.6200000047683716,0.9399999976158142,0.5058290958404541,0.5233163237571716,0.508125364780426,0.5325015187263489,0.6200000047683716,0.9399999976158142,0.7888688445091248
4,4014,0.24486495554447174,-0.0019334458047524095,0.4229394197463989,0.7300000190734863,0.8700000047683716,0.5058290958404541,0.5582907795906067,0.508125364780426,0.5812538266181946,0.7300000190734863,0.8700000047683716,0.8189464211463928
4,4015,0.3335738480091095,0.0,0.46396327018737793,0.7699999809265137,0.7900000214576721,0.5622282028198242,0.6066769361495972,0.532056987285614,0.5549547672271729,0.7708799839019775,0.8568199872970581,0.8181809782981873
4,4016,0.19670896232128143,-0.019816048443317413,0.2690259516239166,0.6100000143051147,0.9399999976158142,0.5177794694900513,0.544448733329773,0.5091591477394104,0.5228978395462036,0.6100000143051147,0.9265499711036682,0.7796260714530945
4,4017,0.3710567057132721,0.0,0.5095065236091614,0.7799999713897705,0.8999999761581421,0.544448733329773,0.5622282028198242,0.5228978395462036,0.532056987285614,0.7849400043487549,0.8999999761581421,0.8668829798698425
4,4018,0.04246804118156433,-0.019801994785666466,0.10711882263422012,0.5699999928474426,0.5899999737739563,0.6333461999893188,0.7133538722991943,0.5686934590339661,0.6099095940589905,0.5709400177001953,0.7394300103187561,0.6561245918273926
4,4019,0.24168016016483307,-0.014510216191411018,0.33054715394973755,0.6600000262260437,0.949999988079071,0.5177794694900513,0.544448733329773,0.5091591477394104,0.5228978395462036,0.6600000262260437,0.9381800293922424,0.8106950521469116
4,4020,0.3282797634601593,-0.02949795126914978,0.49470531940460205,0.7099999785423279,0.8500000238418579,0.5282842516899109,0.5424264073371887,0.5282842516899109,0.5424264073371887,0.7208799719810486,0.8417199850082397,0.8127566576004028
4,4021,0.23591846227645874,-0.03802381828427315,0.4301854968070984,0.5199999809265137,0.7300000190734863,0.5636395812034607,0.662634551525116,0.5636395812034607,0.662634551525116,0.5381199717521667,0.8224300146102905,0.7269788980484009
4,4022,0.3478206694126129,0.0,0.5409831404685974,0.5899999737739563,0.6899999976158142,0.6202081441879272,0.7121320366859436,0.6202081441879272,0.7121320366859436,0.5981600284576416,0.8888900279998779,0.7832487225532532
4,4023,0.29857999086380005,-0.04466475173830986,0.43949559330940247,0.7400000095367432,0.9599999785423279,0.5,0.5141421556472778,0.5,0.5141421556472778,0.7537299990653992,0.9447399973869324,0.8533650040626526
4,4024,0.34108632802963257,-0.04233360290527344,0.49845805764198303,0.6800000071525574,0.8899999856948853,0.5494974851608276,0.5494974851608276,0.5494974851608276,0.5494974851608276,0.6936100125312805,0.8766599893569946,0.8254507184028625
4,4025,0.06301316618919373,-0.08381404727697372,0.110653817653656,0.5299999713897705,0.9800000190734863,--,--,--,--,0.5588600039482117,0.9535899758338928,0.80396968126297
4,4026,0.029098473489284515,-0.08023516833782196,0.04765491560101509,0.5299999713897705,0.9800000190734863,--,--,--,--,0.5335900187492371,0.969789981842041,0.7237851619720459
4,4027,0.05159842222929001,-0.10817649215459824,0.01391132827848196,0.5,0.8799999952316284,--,--,--,--,0.5,0.8721399903297424,0.6612977385520935
4,4028,0.06698274612426758,-0.039840806275606155,0.11306153982877731,0.5400000214576721,0.949999988079071,--,--,--,--,0.5575900077819824,0.949999988079071,0.7493121027946472
4,4029,0.04223289713263512,-0.030917124822735786,0.10894233733415604,0.6100000143051147,0.9300000071525574,--,--,--,--,0.6100000143051147,0.925059974193573,0.7972856163978577
4,4030,0.054719191044569016,-0.032695870846509933,0.09217968583106995,0.5799999833106995,0.949999988079071,--,--,--,--,0.5799999833106995,0.9390299916267395,0.7756132483482361
4,4031,0.05104460567235947,-0.020066477358341217,0.08911751210689545,0.6000000238418579,0.9599999785423279,--,--,--,--,0.6095200181007385,0.9435399770736694,0.7370448708534241
4,4032,0.026339324191212654,-0.06090352311730385,0.058474693447351456,0.5099999904632568,0.8199999928474426,--,--,--,--,0.5099999904632568,0.8052099943161011,0.6613373160362244
4,4033,0.04897458851337433,-0.022526869550347328,0.10402761399745941,0.5299999713897705,0.9900000095367432,--,--,--,--,0.5299999713897705,0.9683200120925903,0.7680704593658447
4,4034,0.09516895562410355,-0.04683328792452812,0.20496565103530884,0.5899999737739563,0.8700000047683716,--,--,--,--,0.602620005607605,0.8585000038146973,0.7920280694961548
4,4035,0.22279325127601624,-0.013330578804016113,0.33104586601257324,0.6600000262260437,0.8999999761581421,0.5217676162719727,0.5217676162719727,0.5335584282875061,0.5335584282875061,0.6600000262260437,0.8892599940299988,0.8030562996864319
4,4036,0.2983252704143524,0.0,0.45691654086112976,0.800000011920929,0.8299999833106995,0.5272095799446106,0.5653029084205627,0.5419480800628662,0.6006753444671631,0.8015400171279907,0.8820499777793884,0.8393309712409973
4,4037,0.1067732721567154,-0.01009318232536316,0.2118600308895111,0.5899999737739563,0.7099999785423279,0.5544191002845764,0.5598610043525696,0.5838961005210876,0.5922857522964478,0.5899999737739563,0.72843998670578,0.6866740584373474
4,4038,0.22602364420890808,-0.015676794573664665,0.3382764458656311,0.6600000262260437,1.0,0.5,0.5,0.5,0.5,0.6600000262260437,0.9841700196266174,0.84585040807724
4,4039,0.1446414440870285,0.0,0.2031184285879135,0.6700000166893005,0.7900000214576721,0.5108838081359863,0.5108838081359863,0.5167792439460754,0.5167792439460754,0.6756600141525269,0.7900000214576721,0.730339765548706
4,4040,0.023354273289442062,-0.036027394235134125,0.04101118445396423,0.5600000023841858,0.9599999785423279,--,--,--,--,0.5600000023841858,0.9505100250244141,0.7143180966377258
4,4041,0.014100304804742336,-0.05203690379858017,0.012508331798017025,0.6800000071525574,0.9100000262260437,--,--,--,--,0.6813700199127197,0.9020299911499023,0.7549958229064941
4,4042,0.058131199330091476,-0.07297912240028381,0.1350451111793518,0.6299999952316284,0.8700000047683716,--,--,--,--,0.6401900053024292,0.8700000047683716,0.7700015306472778
4,4043,0.020926862955093384,-0.03928283974528313,0.0525326132774353,0.5799999833106995,0.9399999976158142,--,--,--,--,0.5799999833106995,0.9331600069999695,0.7671412825584412
4,4044,0.021989237517118454,-0.02926735021173954,0.049161333590745926,0.5600000023841858,0.9800000190734863,--,--,--,--,0.5600000023841858,0.9625999927520752,0.7937676906585693
4,4045,0.09079001843929291,-0.06679624319076538,0.1697932332754135,0.5299999713897705,0.9800000190734863,0.5,0.5193189382553101,0.5,0.5051746964454651,0.5299999713897705,0.9610999822616577,0.7481703758239746
4,4046,0.26893770694732666,-0.0075403666123747826,0.4933367669582367,0.6399999856948853,0.7900000214576721,0.6738706231117249,0.6931896209716797,0.5465725064277649,0.55174720287323,0.6399999856948853,0.8913400173187256,0.7913571000099182
4,4047,0.21329089999198914,-0.01087643951177597,0.372584730386734,0.6700000166893005,0.8700000047683716,0.5386379361152649,0.56761634349823,0.510349452495575,0.518111526966095,0.6700000166893005,0.861739993095398,0.7886537909507751
4,4048,0.28501319885253906,-0.006492131389677525,0.4705088138580322,0.7900000214576721,0.9300000071525574,0.5386379361152649,0.5386379361152649,0.510349452495575,0.510349452495575,0.7900000214576721,0.9242200255393982,0.8734014630317688
4,4049,0.32129937410354614,-0.0005687522352673113,0.5032317042350769,0.8199999928474426,0.8700000047683716,0.5289784669876099,0.6062542796134949,0.50776207447052,0.5284609794616699,0.8222799897193909,0.9039999842643738,0.8747776746749878
4,4050,0.2207292765378952,-0.012133927084505558,0.3699008524417877,0.75,0.8999999761581421,0.5384110808372498,0.5768221020698547,0.5320092439651489,0.5640184283256531,0.75,0.8965299725532532,0.8348785042762756
4,4051,0.13238531351089478,-0.025822026655077934,0.2248249650001526,0.6299999952316284,0.8700000047683716,0.5614576935768127,0.5845043659210205,0.5512147545814514,0.5704202651977539,0.6299999952316284,0.8644300103187561,0.7606874108314514
4,4052,0.06405607610940933,-0.07846260070800781,0.11272954940795898,0.6299999952316284,0.75,0.515364408493042,0.5768221020698547,0.5128036737442017,0.5640184283256531,0.632860004901886,0.75,0.7071835398674011
4,4053,0.20149153470993042,-0.04516022279858589,0.3560374081134796,0.6700000166893005,0.8500000238418579,0.5845043659210205,0.6152331829071045,0.5704202651977539,0.596027672290802,0.6743199825286865,0.8500000238418579,0.7946560978889465
4,4054,0.03344751521945,-0.12766265869140625,0.054402388632297516,0.5199999809265137,0.7900000214576721,0.5384110808372498,0.5691398978233337,0.5320092439651489,0.5576165914535522,0.526390016078949,0.7900000214576721,0.6807445287704468
4,4055,0.0728331133723259,-0.03845489025115967,0.14676430821418762,0.5600000023841858,0.8399999737739563,0.5050192475318909,0.5401539206504822,0.5193599462509155,0.6548795104026794,0.5732899904251099,0.8313999772071838,0.7030726671218872
4,4056,0.3391440510749817,-0.006875666324049234,0.5262596607208252,0.8899999856948853,0.949999988079071,0.502509593963623,0.5100384950637817,0.5096799731254578,0.538719892501831,0.8918499946594238,0.9474899768829346,0.9288179278373718
4,4057,0.2936951518058777,-0.013291614130139351,0.47041136026382446,0.7799999713897705,0.8899999856948853,0.5125480890274048,0.5250962376594543,0.5483998656272888,0.5967996716499329,0.7833999991416931,0.8892800211906433,0.8573659658432007
4,4058,0.17867973446846008,-0.02376956306397915,0.2600133419036865,0.6800000071525574,0.9800000190734863,0.502509593963623,0.502509593963623,0.5096799731254578,0.5096799731254578,0.6936100125312805,0.970770001411438,0.8160297274589539
4,4059,0.22931990027427673,-0.008606123737990856,0.3957805335521698,0.75,0.7799999713897705,0.5075288414955139,0.5552116632461548,0.5290399193763733,0.7129592895507812,0.7523199915885925,0.8488199710845947,0.7916960120201111
4,4060,0.06200997158885002,-0.015499976463615894,0.12958966195583344,0.6600000262260437,0.7799999713897705,--,--,--,--,0.6653599739074707,0.7799999713897705,0.7189133167266846
4,4061,0.0629941001534462,-0.03568345308303833,0.12218426913022995,0.6000000238418579,0.9200000166893005,--,--,--,--,0.6056100130081177,0.9200000166893005,0.7548944354057312
4,4062,0.03244663402438164,-0.029654469341039658,0.07957881689071655,0.5,0.8600000143051147,--,--,--,--,0.5206999778747559,0.8600000143051147,0.7032192349433899
4,4063,0.07836557179689407,-0.02774675562977791,0.11919619888067245,0.6700000166893005,0.9800000190734863,--,--,--,--,0.6902099847793579,0.9601200222969055,0.8023240566253662
4,4064,0.08848582208156586,-0.03371426463127136,0.17491120100021362,0.7300000190734863,0.8799999952316284,--,--,--,--,0.7300000190734863,0.8683900237083435,0.7837115526199341
4,4065,0.09202533960342407,-0.0255037322640419,0.16339193284511566,0.6299999952316284,0.9599999785423279,--,--,--,--,0.6299999952316284,0.9531300067901611,0.8204696774482727
4,4066,0.06571588665246964,-0.045884814113378525,0.13021869957447052,0.6100000143051147,0.9100000262260437,--,--,--,--,0.6299600005149841,0.9100000262260437,0.7683115005493164
4,4067,0.0470905639231205,-0.1274718940258026,0.0644351914525032,0.5,0.8399999737739563,--,--,--,--,0.5,0.8184599876403809,0.6293192505836487
4,4068,0.0427681989967823,-0.06865889579057693,0.07474911957979202,0.550000011920929,0.8899999856948853,--,--,--,--,0.5583800077438354,0.8899999856948853,0.7121694684028625
4,4069,0.04573575407266617,-0.07547639310359955,0.0826026126742363,0.5299999713897705,0.9300000071525574,--,--,--,--,0.5350900292396545,0.9300000071525574,0.7165884375572205
4,4070,0.16701443493366241,-0.03846327215433121,0.34873321652412415,0.5,0.6100000143051147,0.5265651941299438,0.5438902974128723,0.7284606695175171,0.877456784248352,0.5,0.8225799798965454,0.6943117380142212
4,4071,0.21402181684970856,-0.027948593720793724,0.33740609884262085,0.5899999737739563,0.7699999809265137,0.5173251032829285,0.518480122089386,0.648996114730835,0.658929169178009,0.5899999737739563,0.8130499720573425,0.7408394813537598
4,4072,0.3146924376487732,-0.007288710214197636,0.4824433922767639,0.7200000286102295,0.8799999952316284,0.5127050876617432,0.5138601064682007,0.6092638373374939,0.619196891784668,0.7200000286102295,0.899429976940155,0.844027578830719
4,4073,0.35755541920661926,-0.0013293911470100284,0.5475736260414124,0.8700000047683716,0.8999999761581421,0.5080850720405579,0.5092400908470154,0.5695315003395081,0.5794646143913269,0.8700000047683716,0.951229989528656,0.9168544411659241
4,4074,0.04594971239566803,-0.08573180437088013,0.13775856792926788,0.5,0.5600000023841858,0.5034649968147278,0.5462003350257874,0.529799222946167,0.897322952747345,0.5,0.7260500192642212,0.6273209452629089
4,4075,0.3353123664855957,0.0,0.5541545748710632,0.9399999976158142,0.9900000095367432,0.5,0.5,0.5,0.5,0.9418200254440308,0.9900000095367432,0.9659543037414551
4,4076,0.33153825998306274,0.0,0.54683917760849,0.9300000071525574,0.9900000095367432,0.5,0.5096056461334229,0.5,0.502780556678772,0.932200014591217,0.9900000095367432,0.9622278213500977
4,4077,0.2147526741027832,0.0,0.34482160210609436,0.7099999785423279,0.9300000071525574,0.5096056461334229,0.5576338768005371,0.502780556678772,0.5166834592819214,0.7181100249290466,0.9300000071525574,0.8318047523498535
4,4078,0.06826531887054443,-0.08712528645992279,0.1962139904499054,0.5799999833106995,0.7699999809265137,0.6152676939964294,0.6248733401298523,0.5333669781684875,0.5361475348472595,0.5799999833106995,0.7634000182151794,0.698803722858429
4,4079,0.0805593878030777,-0.08709926903247833,0.17591802775859833,0.5600000023841858,0.9100000262260437,0.5192112922668457,0.5480282306671143,0.5055611729621887,0.5139029026031494,0.5600000023841858,0.8973199725151062,0.7359517812728882
4,4080,0.03149890527129173,-0.05960073322057724,0.0979619100689888,0.5400000214576721,0.8199999928474426,--,--,--,--,0.5543599724769592,0.8199999928474426,0.7039453983306885
4,4081,0.04313962534070015,-0.06572990119457245,0.11768306791782379,0.5299999713897705,0.8399999737739563,--,--,--,--,0.5299999713897705,0.8399999737739563,0.7134880423545837
4,4082,0.026531871408224106,-0.06743104755878448,0.056840673089027405,0.5400000214576721,0.8500000238418579,--,--,--,--,0.5484899878501892,0.8343200087547302,0.6732248663902283
4,4083,0.06909961253404617,-0.01574944332242012,0.13901415467262268,0.7900000214576721,0.9399999976158142,--,--,--,--,0.7914000153541565,0.9399999976158142,0.8498439192771912
4,4084,0.03748868778347969,-0.09594113379716873,0.08235910534858704,0.550000011920929,0.800000011920929,--,--,--,--,0.5598300099372864,0.7930899858474731,0.6376721262931824
4,4085,0.033169519156217575,-0.11799845099449158,0.05097241699695587,0.6100000143051147,0.6299999952316284,0.5242535471916199,0.5436564087867737,0.5970142483711243,0.6746256351470947,0.6124299764633179,0.6940000057220459,0.6525552868843079
4,4086,0.1142943799495697,-0.0661303848028183,0.18913966417312622,0.5400000214576721,0.949999988079071,0.5097014307975769,0.5097014307975769,0.5388057231903076,0.5388057231903076,0.5512800216674805,0.9329500198364258,0.7703372836112976
4,4087,0.04848937690258026,-0.13291318714618683,0.07238736003637314,0.5899999737739563,0.6800000071525574,0.5169774889945984,0.5291042923927307,0.5679099559783936,0.6164171099662781,0.5948299765586853,0.6926900148391724,0.6543604135513306
4,4088,0.020728617906570435,-0.08153530210256577,0.07746703177690506,0.5600000023841858,0.6600000262260437,0.5291042923927307,0.5485071539878845,0.6164171099662781,0.6940284967422485,0.5627899765968323,0.7133200168609619,0.6522753834724426
4,4089,0.18300364911556244,-0.019364194944500923,0.29433101415634155,0.7300000190734863,0.9900000095367432,0.5,0.5,0.5,0.5,0.7410799860954285,0.9828500151634216,0.8499993085861206
4,4090,0.07668358832597733,-0.061479393392801285,0.1924317628145218,0.5299999713897705,0.9900000095367432,--,--,--,--,0.5299999713897705,0.9900000095367432,0.8436751961708069
4,4091,0.05326591432094574,-0.048819221556186676,0.1003020852804184,0.550000011920929,0.9200000166893005,--,--,--,--,0.5602200031280518,0.9053400158882141,0.7864900231361389
4,4092,0.09814750403165817,-0.011243404820561409,0.19280168414115906,0.8700000047683716,0.9800000190734863,--,--,--,--,0.8700000047683716,0.9768199920654297,0.9415345191955566
4,4093,0.05236439034342766,-0.0050652287900447845,0.07640421390533447,0.7400000095367432,0.9599999785423279,--,--,--,--,0.7448099851608276,0.9599999785423279,0.8219823837280273
4,4094,0.04563712328672409,-0.1349109560251236,0.04891574755311012,0.5199999809265137,0.8999999761581421,--,--,--,--,0.5199999809265137,0.8999999761581421,0.6267075538635254
4,4095,0.1531519591808319,-0.020370882004499435,0.2582344710826874,0.5699999928474426,0.949999988079071,0.5232186913490295,0.5232186913490295,0.5189971327781677,0.5189971327781677,0.5809800028800964,0.949999988079071,0.7783544063568115
4,4096,0.33678629994392395,-0.00499899173155427,0.5378584861755371,0.8700000047683716,0.9300000071525574,0.5077395439147949,0.5386978387832642,0.5063323974609375,0.531661868095398,0.8700000047683716,0.928309977054596,0.9047287702560425
4,4097,0.03995615616440773,-0.08105283230543137,0.08748196065425873,0.5299999713897705,0.7699999809265137,0.5,0.5773957371711731,0.5,0.5633237957954407,0.5369700193405151,0.7699999809265137,0.6682612299919128
4,4098,0.31608250737190247,0.0,0.5373865365982056,0.8299999833106995,0.8399999737739563,0.5928748846054077,0.6160935759544373,0.5759885311126709,0.5949856638908386,0.8304399847984314,0.9134500026702881,0.864813506603241
4,4099,0.051613662391901016,-0.013955705799162388,0.2120613157749176,0.5400000214576721,0.6499999761581421,0.6934893131256104,0.708968460559845,0.6583094596862793,0.6709741950035095,0.5400000214576721,0.7394700050354004,0.64836186170578
4,4100,0.07006942480802536,-0.039463818073272705,0.1319890022277832,0.6000000238418579,0.8399999737739563,--,--,--,--,0.6000000238418579,0.8319699764251709,0.7124753594398499
4,4101,0.08112993091344833,-0.03895648196339607,0.18623916804790497,0.5099999904632568,0.8899999856948853,--,--,--,--,0.5099999904632568,0.8851900100708008,0.772582471370697
4,4102,0.05723046511411667,-0.05453527346253395,0.13951082527637482,0.5199999809265137,0.949999988079071,--,--,--,--,0.5407199859619141,0.9358500242233276,0.7148656249046326
4,4103,0.06770545244216919,0.0,0.12226000428199768,0.5400000214576721,0.8399999737739563,--,--,--,--,0.5432699918746948,0.8399999737739563,0.6966571807861328
4,4104,0.08128945529460907,-0.02021966688334942,0.1487818956375122,0.6600000262260437,0.8700000047683716,--,--,--,--,0.6686499714851379,0.8700000047683716,0.764139711856842
4,4105,0.07269703596830368,-0.0052016605623066425,0.15115007758140564,0.6000000238418579,0.9900000095367432,--,--,--,--,0.6000000238418579,0.9900000095367432,0.8162363171577454
4,4106,0.0627606064081192,-0.034299202263355255,0.12369658797979355,0.6399999856948853,0.9599999785423279,--,--,--,--,0.6524500250816345,0.9481800198554993,0.7913863658905029
4,4107,0.030257150530815125,-0.08778538554906845,0.03770308196544647,0.5600000023841858,0.8600000143051147,--,--,--,--,0.5640199780464172,0.8600000143051147,0.6563048362731934
4,4108,0.0594203881919384,-0.02192033641040325,0.11774355173110962,0.5899999737739563,0.949999988079071,--,--,--,--,0.5899999737739563,0.949999988079071,0.8232429027557373
4,4109,0.05868195369839668,-0.03146215155720711,0.14380431175231934,0.5699999928474426,0.9800000190734863,--,--,--,--,0.5699999928474426,0.965179979801178,0.7800134420394897
4,4110,0.24612076580524445,0.0,0.39815554022789,0.6800000071525574,0.8399999737739563,0.5281503200531006,0.621984601020813,0.5103711485862732,0.5449417233467102,0.6879799962043762,0.8399999737739563,0.789205014705658
4,4111,0.1533166617155075,-0.018830640241503716,0.24301272630691528,0.6100000143051147,0.9800000190734863,0.5,0.5187668800354004,0.5,0.5069140791893005,0.6100000143051147,0.9624599814414978,0.7943568825721741
4,4112,0.3720411956310272,0.0,0.5476054549217224,0.9100000262260437,0.9700000286102295,0.5187668800354004,0.5187668800354004,0.5069140791893005,0.5069140791893005,0.9129599928855896,0.9700000286102295,0.9475041031837463
4,4113,0.3277566432952881,-0.004879023414105177,0.4980878233909607,0.8299999833106995,0.9300000071525574,0.5281503200531006,0.537533700466156,0.5103711485862732,0.5138282179832458,0.8299999833106995,0.9254400134086609,0.8908929824829102
4,4114,0.39147505164146423,0.0,0.5822529792785645,0.9599999785423279,0.9599999785423279,0.5093834400177002,0.5281503200531006,0.5034570693969727,0.5103711485862732,0.9599999785423279,0.9761199951171875,0.9668598175048828
4,4115,0.2143895924091339,-0.025271205231547356,0.32400012016296387,0.6200000047683716,0.9599999785423279,0.5102040767669678,0.5102040767669678,0.5282112956047058,0.5282112956047058,0.6200000047683716,0.9599999785423279,0.8034656047821045
4,4116,0.3187388777732849,0.0,0.4432523846626282,0.7699999809265137,0.8199999928474426,0.523809552192688,0.523809552192688,0.5658263564109802,0.5658263564109802,0.7699999809265137,0.8485699892044067,0.8203264474868774
4,4117,0.07178361713886261,-0.0024329700972884893,0.1179453507065773,0.5199999809265137,0.6299999952316284,0.5748299360275269,0.5782312750816345,0.7068827748298645,0.7162865400314331,0.5199999809265137,0.7392299771308899,0.6583816409111023
4,4118,0.19158294796943665,-0.011192561127245426,0.31484609842300415,0.5699999928474426,0.7799999713897705,0.5544217824935913,0.5612245202064514,0.6504601836204529,0.6692677140235901,0.5699999928474426,0.8058099746704102,0.7358288764953613
4,4119,0.208003968000412,0.0,0.2806086242198944,0.6499999761581421,0.9700000286102295,0.5034013390541077,0.5034013390541077,0.5094037652015686,0.5094037652015686,0.6499999761581421,0.9700000286102295,0.8113574385643005
4,4120,0.3542751669883728,-0.022845732048153877,0.49069952964782715,0.800000011920929,0.9399999976158142,0.5011312961578369,0.501508355140686,0.5299786925315857,0.5399715304374695,0.8099899888038635,0.9318400025367737,0.8955262899398804
4,4121,0.28841957449913025,-0.05198086425662041,0.40052399039268494,0.6000000238418579,0.8999999761581421,0.503393828868866,0.5037708878517151,0.5899360179901123,0.5999288558959961,0.6215999722480774,0.8829299807548523,0.8156649470329285
4,4122,0.2136945277452469,-0.04980860650539398,0.29035288095474243,0.6899999976158142,0.9599999785423279,0.5003771185874939,0.5003771185874939,0.5099928975105286,0.5099928975105286,0.707319974899292,0.9414899945259094,0.8200230002403259
4,4123,0.2988506555557251,-0.02039572410285473,0.41261425614356995,0.6299999952316284,0.8199999928474426,0.504148006439209,0.506410539150238,0.6099217534065247,0.6698790788650513,0.6444399952888489,0.8802199959754944,0.8112553358078003
4,4124,0.33234238624572754,-0.018765563145279884,0.4698861241340637,0.8100000023841858,0.9100000262260437,0.500754177570343,0.501508355140686,0.5199857950210571,0.5399715304374695,0.8169400095939636,0.9034000039100647,0.8733396530151367
4,4125,0.07572448998689651,-0.04662325233221054,0.13524386286735535,0.5199999809265137,0.9900000095367432,--,--,--,--,0.5395699739456177,0.9820799827575684,0.7588368654251099
4,4126,0.07149453461170197,-0.03549833595752716,0.17508187890052795,0.5699999928474426,0.9399999976158142,--,--,--,--,0.5699999928474426,0.9284700155258179,0.7896207571029663
4,4127,0.06852849572896957,-0.007705815136432648,0.1380119025707245,0.7900000214576721,0.9200000166893005,--,--,--,--,0.7900000214576721,0.9088500142097473,0.831571638584137
4,4128,0.029274895787239075,-0.04839704930782318,0.07241887599229813,0.5699999928474426,0.8199999928474426,--,--,--,--,0.5776900053024292,0.8003900051116943,0.6895073652267456
4,4129,0.1021183654665947,-0.01612788252532482,0.22604967653751373,0.6100000143051147,0.9700000286102295,--,--,--,--,0.6100000143051147,0.9688799977302551,0.8738866448402405
4,4130,0.03686532378196716,-0.06754402816295624,0.08039799332618713,0.5199999809265137,0.9200000166893005,--,--,--,--,0.5199999809265137,0.8845099806785583,0.6746553182601929
4,4131,0.07860258966684341,-0.01926673762500286,0.15662537515163422,0.5600000023841858,0.949999988079071,--,--,--,--,0.5600000023841858,0.949999988079071,0.7854796648025513
4,4132,0.07675256580114365,-0.0025651671458035707,0.13637638092041016,0.8100000023841858,0.9399999976158142,--,--,--,--,0.8118000030517578,0.9399999976158142,0.8716965913772583
4,4133,0.0676804780960083,-0.02133031189441681,0.13519646227359772,0.6700000166893005,0.9900000095367432,--,--,--,--,0.6841400265693665,0.9900000095367432,0.8267874121665955
4,4134,0.036421336233615875,-0.010152459144592285,0.10743160545825958,0.6600000262260437,0.800000011920929,--,--,--,--,0.6600000262260437,0.800000011920929,0.7033259868621826
4,4135,0.22114455699920654,-0.010732997208833694,0.3976757228374481,0.5600000023841858,0.699999988079071,0.7257432341575623,0.7257432341575623,0.6289961338043213,0.6289961338043213,0.5600000023841858,0.8522800207138062,0.737309992313385
4,4136,0.17852096259593964,-0.029658466577529907,0.2908560633659363,0.5600000023841858,0.7799999713897705,0.6041891574859619,0.6215540170669556,0.5595366954803467,0.5694594383239746,0.5600000023841858,0.7796800136566162,0.7284805178642273
4,4137,0.0978940948843956,-0.026645125821232796,0.21696370840072632,0.5099999904632568,0.6800000071525574,0.552094578742981,0.7691553831100464,0.5297683477401733,0.6538030505180359,0.5099999904632568,0.745710015296936,0.6720008850097656
4,4138,0.07622428238391876,-0.04964309185743332,0.11866389960050583,0.5099999904632568,0.9800000190734863,0.5,0.5086824297904968,0.5,0.504961371421814,0.5491600036621094,0.9800000190734863,0.7313661575317383
4,4139,0.19773797690868378,-0.013243031688034534,0.3127095699310303,0.6899999976158142,0.8600000143051147,0.5173648595809937,0.5260472893714905,0.5099228024482727,0.5148841738700867,0.6899999976158142,0.8466899991035461,0.7905616164207458
4,4140,0.0837135761976242,-0.005901853088289499,0.1580655574798584,0.5899999737739563,0.800000011920929,--,--,--,--,0.5955899953842163,0.800000011920929,0.6902559399604797
4,4141,0.05917959287762642,-0.1325332224369049,0.09167306870222092,0.5299999713897705,0.8700000047683716,--,--,--,--,0.5299999713897705,0.8465399742126465,0.6090533137321472
4,4142,0.03688424080610275,-0.04211323335766792,0.08215028047561646,0.5400000214576721,0.9900000095367432,--,--,--,--,0.5400000214576721,0.9900000095367432,0.7637930512428284
4,4143,0.05575299263000488,-0.018288221210241318,0.09497642517089844,0.6899999976158142,0.7400000095367432,--,--,--,--,0.6899999976158142,0.7372000217437744,0.7109598517417908
4,4144,0.05772453173995018,-0.06983140110969543,0.1480742245912552,0.6200000047683716,0.9100000262260437,--,--,--,--,0.6395099759101868,0.8911200165748596,0.7615326046943665
4,4145,0.07692358642816544,-0.00497627817094326,0.13471415638923645,0.6800000071525574,0.9200000166893005,--,--,--,--,0.6800000071525574,0.9200000166893005,0.7936280369758606
4,4146,0.08257461339235306,-0.011766188777983189,0.15111567080020905,0.5199999809265137,0.9300000071525574,--,--,--,--,0.53125,0.9237099885940552,0.7955535650253296
4,4147,0.03624903783202171,-0.07538682967424393,0.09310639649629593,0.5600000023841858,0.9800000190734863,--,--,--,--,0.5858500003814697,0.9681299924850464,0.7437190413475037
4,4148,0.0856618583202362,-0.006739557720720768,0.1310625523328781,0.7099999785423279,0.8399999737739563,--,--,--,--,0.7109400033950806,0.8347100019454956,0.7720350027084351
4,4149,0.0803297609090805,-0.01824355684220791,0.14097198843955994,0.6299999952316284,0.9599999785423279,--,--,--,--,0.6403099894523621,0.9599999785423279,0.8226162195205688
4,4150,0.27405187487602234,-0.02113034948706627,0.401378870010376,0.6899999976158142,0.9800000190734863,0.5070710778236389,0.5141421556472778,0.5070710778236389,0.5141421556472778,0.6899999976158142,0.9590299725532532,0.857796847820282
4,4151,0.08418474346399307,-0.018916532397270203,0.2917691767215729,0.5,0.6700000166893005,0.6131370663642883,0.6838477849960327,0.6131370663642883,0.6838477849960327,0.5178099870681763,0.7744899988174438,0.6575729846954346
4,4152,0.2576916217803955,-0.010002854280173779,0.38514044880867004,0.6499999761581421,0.7699999809265137,0.5282842516899109,0.6343502998352051,0.5282842516899109,0.6343502998352051,0.6499999761581421,0.8092300295829773,0.7611098289489746
4,4153,0.2255440652370453,0.0,0.4555196166038513,0.6800000071525574,0.6800000071525574,0.5565685629844666,0.6767767071723938,0.5565685629844666,0.6767767071723938,0.6800000071525574,0.8491799831390381,0.7452675104141235
4,4154,0.27099350094795227,0.0,0.4877241253852844,0.6800000071525574,0.7599999904632568,0.5989949703216553,0.6272792220115662,0.5989949703216553,0.6272792220115662,0.6898300051689148,0.8625400066375732,0.7779936790466309
4,4155,0.04557334631681442,-0.09200835973024368,0.04101339355111122,0.5299999713897705,0.7900000214576721,--,--,--,--,0.5299999713897705,0.7791900038719177,0.6319930553436279
4,4156,0.048312317579984665,-0.05297468230128288,0.10187661647796631,0.5400000214576721,0.8399999737739563,--,--,--,--,0.5400000214576721,0.8399999737739563,0.6750139594078064
4,4157,0.07201270759105682,-0.04932395741343498,0.15574656426906586,0.6000000238418579,0.9800000190734863,--,--,--,--,0.6000000238418579,0.9800000190734863,0.8026875853538513
4,4158,0.04602473974227905,-0.05621679127216339,0.10336127877235413,0.5099999904632568,0.9900000095367432,--,--,--,--,0.5099999904632568,0.9748700261116028,0.7765432596206665
4,4159,0.11161329597234726,-0.030547522008419037,0.1880429983139038,0.6899999976158142,0.9200000166893005,--,--,--,--,0.705049991607666,0.9200000166893005,0.853675901889801
4,4160,0.3033144474029541,-0.037706274539232254,0.44469597935676575,0.7599999904632568,0.9700000286102295,0.5083605051040649,0.52508145570755,0.5054865479469299,0.5164597034454346,0.7599999904632568,0.9575499892234802,0.8718076348304749
4,4161,0.3273054361343384,-0.0051445141434669495,0.5409262776374817,0.6499999761581421,0.7300000190734863,0.6922910213470459,0.717372477054596,0.6261909604072571,0.6426506638526917,0.6499999761581421,0.9082000255584717,0.8018618822097778
4,4162,0.16088458895683289,-0.025603417307138443,0.22962221503257751,0.5299999713897705,0.8700000047683716,0.5501628518104553,0.5836048126220703,0.5329194068908691,0.5548656582832336,0.5514000058174133,0.8700000047683716,0.7407245635986328
4,4163,0.40347182750701904,0.0,0.5954574346542358,0.8999999761581421,0.9200000166893005,0.52508145570755,0.5585233569145203,0.5164597034454346,0.5384059548377991,0.9017699956893921,0.9573000073432922,0.9332383871078491
4,4164,0.09821941703557968,-0.08273718506097794,0.16272681951522827,0.5199999809265137,0.8999999761581421,0.5083605051040649,0.5501628518104553,0.5054865479469299,0.5329194068908691,0.5199999809265137,0.8774700164794922,0.721754789352417
4,4165,0.049091242253780365,-0.00037340560811571777,0.08145799487829208,0.6399999856948853,0.8399999737739563,--,--,--,--,0.6430500149726868,0.8399999737739563,0.728039026260376
4,4166,0.07034506648778915,-0.03884115442633629,0.16347621381282806,0.5600000023841858,0.9900000095367432,--,--,--,--,0.573989987373352,0.9779999852180481,0.7969454526901245
4,4167,0.08630114793777466,-0.013875055126845837,0.18086253106594086,0.6800000071525574,0.9599999785423279,--,--,--,--,0.6859999895095825,0.9599999785423279,0.8308331966400146
4,4168,0.11263806372880936,-0.27430686354637146,0.053258318454027176,0.5099999904632568,0.6899999976158142,--,--,--,--,0.5186399817466736,0.6899999976158142,0.5784474611282349
4,4169,0.08486373722553253,-0.04739665985107422,0.16097040474414825,0.7300000190734863,0.9900000095367432,--,--,--,--,0.7300000190734863,0.9740399718284607,0.8432873487472534
4,4170,0.05399733781814575,-0.006947258021682501,0.16917866468429565,0.6200000047683716,0.6399999856948853,0.5339856147766113,0.6869208216667175,0.5210945010185242,0.6160198450088501,0.6200000047683716,0.7356899976730347,0.6743166446685791
4,4171,0.24232667684555054,0.0,0.34340792894363403,0.75,0.8100000023841858,0.5,0.5764676332473755,0.5,0.5474626421928406,0.7530900239944458,0.8100000023841858,0.7919696569442749
4,4172,0.1537369042634964,-0.01652691513299942,0.2304755002260208,0.6100000143051147,0.8700000047683716,0.5084964036941528,0.601956844329834,0.5052736401557922,0.5632835626602173,0.6100000143051147,0.8573700189590454,0.7587763071060181
4,4173,0.08998242765665054,-0.16030696034431458,0.031975507736206055,0.550000011920929,0.6000000238418579,0.550978422164917,0.7039136290550232,0.5316417813301086,0.6265670657157898,0.5529999732971191,0.6944599747657776,0.6253336668014526
4,4174,0.1933293342590332,-0.005189715418964624,0.3261357843875885,0.6399999856948853,0.7099999785423279,0.601956844329834,0.7209064364433289,0.5632835626602173,0.6371143460273743,0.6399999856948853,0.795799970626831,0.7315232753753662
4,4175,0.0391424298286438,-0.13352446258068085,0.07607430219650269,0.6200000047683716,0.8600000143051147,--,--,--,--,0.6200000047683716,0.8522899746894836,0.704669713973999
4,4176,0.053717415779829025,-0.07094164937734604,0.12155377864837646,0.7200000286102295,0.9900000095367432,--,--,--,--,0.7200000286102295,0.9819999933242798,0.8397115468978882
4,4177,0.0787665918469429,-0.02712288498878479,0.14376792311668396,0.5099999904632568,0.9300000071525574,--,--,--,--,0.5254200100898743,0.9300000071525574,0.7906928062438965
4,4178,0.04094449430704117,-0.022085335105657578,0.08242234587669373,0.5199999809265137,0.9599999785423279,--,--,--,--,0.5199999809265137,0.9599999785423279,0.7855215072631836
4,4179,0.035730648785829544,-0.1234053522348404,0.06376362591981888,0.6000000238418579,0.9599999785423279,--,--,--,--,0.6000000238418579,0.9517300128936768,0.7471798062324524
4,4180,0.35708966851234436,-0.011839701794087887,0.501134991645813,0.8399999737739563,0.9599999785423279,0.5099360346794128,0.5298081636428833,0.5011290907859802,0.5033872723579407,0.8399999737739563,0.9498199820518494,0.9063493609428406
4,4181,0.3441886901855469,0.0,0.5082517266273499,0.8100000023841858,0.8199999928474426,0.549680233001709,0.6589768528938293,0.5056455135345459,0.5180655717849731,0.8119999766349792,0.9274899959564209,0.868227481842041
4,4182,0.24211019277572632,-0.00834936834871769,0.33245334029197693,0.6800000071525574,0.9800000190734863,0.5,0.5,0.5,0.5,0.706309974193573,0.9800000190734863,0.8393197059631348
4,4183,0.40800485014915466,0.0,0.574903666973114,0.9100000262260437,0.9300000071525574,0.5397441983222961,0.5596163272857666,0.5045163631439209,0.5067746043205261,0.9125999808311462,0.9705100059509277,0.9457411766052246
4,4184,0.3196897804737091,-0.011046227067708969,0.4811677634716034,0.699999988079071,0.8199999928474426,0.629168689250946,0.6589768528938293,0.5146782398223877,0.5180655717849731,0.699999988079071,0.8988400101661682,0.8290513753890991
4,4185,0.03991632163524628,-0.03429995849728584,0.09260284155607224,0.5199999809265137,0.949999988079071,--,--,--,--,0.5323200225830078,0.949999988079071,0.7454046010971069
4,4186,0.03549215570092201,-0.0746190994977951,0.07182066887617111,0.5199999809265137,0.9800000190734863,--,--,--,--,0.5199999809265137,0.9585099816322327,0.712230920791626
4,4187,0.05243101343512535,-0.07180138677358627,0.09705590456724167,0.5899999737739563,0.9399999976158142,--,--,--,--,0.5899999737739563,0.9257299900054932,0.7701703310012817
4,4188,0.07767855376005173,-0.01218724250793457,0.14203989505767822,0.7900000214576721,1.0,--,--,--,--,0.7900000214576721,1.0,0.9053389430046082
4,4189,0.025168761610984802,-0.05905333533883095,0.052583739161491394,0.5299999713897705,0.7400000095367432,--,--,--,--,0.5299999713897705,0.7318000197410583,0.6174674034118652
4,4190,0.2706163823604584,0.0,0.4413636326789856,0.7699999809265137,0.8700000047683716,0.5,0.5158678293228149,0.5,0.5987330079078674,0.7699999809265137,0.8758400082588196,0.8364965319633484
4,4191,0.2527177929878235,0.0,0.3997291922569275,0.7599999904632568,0.7900000214576721,0.5142810344696045,0.5158678293228149,0.5888597369194031,0.5987330079078674,0.7599999904632568,0.8481199741363525,0.8074417114257812
4,4192,0.22935417294502258,-0.0134506830945611,0.33502089977264404,0.699999988079071,0.8999999761581421,0.5031735897064209,0.5158678293228149,0.5197466015815735,0.5987330079078674,0.699999988079071,0.8999999761581421,0.8231921195983887
4,4193,0.08965205401182175,-0.041950155049562454,0.1371118128299713,0.5099999904632568,0.9399999976158142,0.5015867948532104,0.5079339146614075,0.5098733305931091,0.5493665337562561,0.5099999904632568,0.9399999976158142,0.7416446805000305
4,4194,0.1963580697774887,-0.002829459495842457,0.312650203704834,0.6800000071525574,0.9399999976158142,0.5,0.5079339146614075,0.5,0.5493665337562561,0.6800000071525574,0.9399999976158142,0.8142858743667603
4,4195,0.11103706806898117,-0.05733563005924225,0.19886010885238647,0.5099999904632568,0.9100000262260437,0.507564127445221,0.507564127445221,0.5695900917053223,0.5695900917053223,0.5288500189781189,0.8877300024032593,0.7354408502578735
4,4196,0.24647045135498047,-0.019522650167346,0.3813328146934509,0.7599999904632568,0.9900000095367432,0.5010805726051331,0.5010805726051331,0.5099414587020874,0.5099414587020874,0.7706500291824341,0.9766899943351746,0.8820216655731201
4,4197,0.14073719084262848,-0.019907398149371147,0.2326577603816986,0.6100000143051147,0.7900000214576721,0.5108059048652649,0.5162088871002197,0.5994144678115845,0.6491216421127319,0.6225699782371521,0.7824299931526184,0.7276895642280579
4,4198,0.08590668439865112,-0.0010702130384743214,0.1587429940700531,0.6299999952316284,0.6299999952316284,0.5205312371253967,0.5216118097305298,0.6888874769210815,0.6988288760185242,0.6308799982070923,0.7414900064468384,0.6790797114372253
4,4199,0.12392625957727432,-0.04712187126278877,0.21428605914115906,0.550000011920929,0.800000011920929,0.504322350025177,0.5205312371253967,0.5397657752037048,0.6888874769210815,0.562279999256134,0.7870699763298035,0.7094686031341553
4,4200,0.3111453056335449,0.0,0.49247312545776367,0.8700000047683716,1.0,0.5,0.5,0.5,0.5,0.875220000743866,1.0,0.9350444078445435
4,4201,0.044256117194890976,-0.09752727299928665,0.09529237449169159,0.5099999904632568,0.7200000286102295,0.5257948637008667,0.6096280813217163,0.5305716395378113,0.6299295425415039,0.5191799998283386,0.7200000286102295,0.6430782079696655
4,4202,0.1994723528623581,-0.0038904990069568157,0.3079968988895416,0.6499999761581421,0.9599999785423279,0.5064486861228943,0.5257948637008667,0.507642924785614,0.5305716395378113,0.662630021572113,0.9599999785423279,0.8117743134498596
4,4203,0.16709104180335999,-0.012040765956044197,0.27166637778282166,0.6200000047683716,0.8799999952316284,0.5064486861228943,0.5451409816741943,0.507642924785614,0.5535004138946533,0.6306899785995483,0.8799999952316284,0.7607850432395935
4,4204,0.038450371474027634,-0.05552422255277634,0.133946493268013,0.5099999904632568,0.699999988079071,0.5902819037437439,0.6225254535675049,0.6070008277893066,0.6452153921127319,0.5099999904632568,0.7044900059700012,0.6490086913108826
4,4205,0.1834743618965149,-0.04256003350019455,0.3116743862628937,0.6299999952316284,0.949999988079071,0.5,0.5263401865959167,0.5,0.5301030874252319,0.6473199725151062,0.9375,0.7986388802528381
4,4206,0.05477224662899971,-0.06761737167835236,0.1342405080795288,0.5099999904632568,0.7900000214576721,0.5065850615501404,0.5526803731918335,0.5075257420539856,0.5602061152458191,0.521120011806488,0.7756500244140625,0.6665279269218445
4,4207,0.36228665709495544,-0.005656140390783548,0.5554586052894592,0.8700000047683716,0.9300000071525574,0.5329252481460571,0.5395102500915527,0.5376288294792175,0.5451546311378479,0.8725000023841858,0.944599986076355,0.9209155440330505
4,4208,0.2598215639591217,-0.001388802658766508,0.4911230504512787,0.7099999785423279,0.75,0.5065850615501404,0.6514560580253601,0.5075257420539856,0.6730926632881165,0.713670015335083,0.8454899787902832,0.7763818502426147
4,4209,0.106590136885643,-0.03799012675881386,0.16650426387786865,0.5400000214576721,0.7099999785423279,0.5658504366874695,0.5856056213378906,0.5752576589584351,0.5978349447250366,0.5469800233840942,0.7215499877929688,0.6685941219329834
4,4210,0.0639147013425827,-0.02380000241100788,0.13602641224861145,0.6299999952316284,0.949999988079071,--,--,--,--,0.6454799771308899,0.949999988079071,0.820878267288208
4,4211,0.05215233936905861,-0.044775012880563736,0.13897375762462616,0.5799999833106995,0.8999999761581421,--,--,--,--,0.5991299748420715,0.8999999761581421,0.7808541655540466
4,4212,0.05277277156710625,-0.037604715675115585,0.14156325161457062,0.5899999737739563,0.9800000190734863,--,--,--,--,0.6073899865150452,0.9693800210952759,0.8025833964347839
4,4213,0.024918166920542717,-0.04645374417304993,0.060086775571107864,0.5199999809265137,0.8999999761581421,--,--,--,--,0.531499981880188,0.8943700194358826,0.7267797589302063
4,4214,0.02983846142888069,-0.035535652190446854,0.07941897213459015,0.6399999856948853,0.7900000214576721,--,--,--,--,0.6442400217056274,0.7839400172233582,0.6989579796791077
4,4215,0.1182149350643158,-0.006234077271074057,0.19636079668998718,0.7699999809265137,0.8799999952316284,--,--,--,--,0.7699999809265137,0.8746899962425232,0.8131859302520752
4,4216,0.03570644557476044,-0.02683880180120468,0.06728067249059677,0.5400000214576721,0.8500000238418579,--,--,--,--,0.5400000214576721,0.8352400064468384,0.6787774562835693
4,4217,0.0705040916800499,-0.035297296941280365,0.13620978593826294,0.5299999713897705,0.8700000047683716,--,--,--,--,0.5434600114822388,0.853410005569458,0.7238770723342896
4,4218,0.06124800443649292,-0.03297184407711029,0.10847941786050797,0.6200000047683716,0.7599999904632568,--,--,--,--,0.6200000047683716,0.7564700245857239,0.704130232334137
4,4219,0.027415236458182335,-0.02513948082923889,0.06281992793083191,0.5400000214576721,0.8899999856948853,--,--,--,--,0.5400000214576721,0.8728899955749512,0.6582727432250977
4,4220,0.15797244012355804,-0.010704061947762966,0.23756468296051025,0.6600000262260437,0.8299999833106995,0.5085519552230835,0.6197276711463928,0.5051830410957336,0.5725622177124023,0.6600000262260437,0.8252900242805481,0.7581734657287598
4,4221,0.24594464898109436,0.0,0.3548536002635956,0.75,0.949999988079071,0.5171039700508118,0.542759895324707,0.5103660225868225,0.5259150862693787,0.7556300163269043,0.949999988079071,0.8600559234619141
4,4222,0.23268777132034302,-0.001107361982576549,0.3417402505874634,0.7599999904632568,0.7699999809265137,0.5769677758216858,0.6197276711463928,0.5466471314430237,0.5725622177124023,0.7599999904632568,0.821340024471283,0.7882928252220154
4,4223,0.10599419474601746,-0.041545890271663666,0.16189448535442352,0.5199999809265137,0.9100000262260437,0.5256559252738953,0.5769677758216858,0.5155490636825562,0.5466471314430237,0.5309699773788452,0.9100000262260437,0.7325374484062195
4,4224,0.11623948067426682,-0.2509448230266571,0.08818943053483963,0.5299999713897705,0.7300000190734863,0.5085519552230835,0.5256559252738953,0.5051830410957336,0.5155490636825562,0.5299999713897705,0.7244099974632263,0.6312414407730103
4,4225,0.07047157734632492,-0.018498772755265236,0.170060396194458,0.5299999713897705,0.8399999737739563,--,--,--,--,0.5393999814987183,0.8324999809265137,0.657580554485321
4,4226,0.06586848199367523,-0.047465287148952484,0.15120257437229156,0.5,0.9800000190734863,--,--,--,--,0.51350998878479,0.9800000190734863,0.7785202264785767
4,4227,0.06641978025436401,-0.031452953815460205,0.1497989445924759,0.550000011920929,0.9300000071525574,--,--,--,--,0.56045001745224,0.9300000071525574,0.7752641439437866
4,4228,0.08574926853179932,-0.02698066644370556,0.19940844178199768,0.5699999928474426,0.9300000071525574,--,--,--,--,0.5840200185775757,0.9300000071525574,0.7480045557022095
4,4229,0.04531186446547508,-0.029615864157676697,0.10614395886659622,0.5299999713897705,0.9599999785423279,--,--,--,--,0.5380600094795227,0.9599999785423279,0.7467214465141296
4,4230,0.22586533427238464,-0.03371889516711235,0.35492733120918274,0.699999988079071,0.8999999761581421,0.5152248740196228,0.5228372812271118,0.5129693150520325,0.5194540023803711,0.7071599960327148,0.8888800144195557,0.8190674185752869
4,4231,0.26858362555503845,-0.012636224739253521,0.41811978816986084,0.7200000286102295,0.8399999737739563,0.5608994364738464,0.6065740585327148,0.5518773198127747,0.5907853245735168,0.7281000018119812,0.8632299900054932,0.8105424642562866
4,4232,0.23137637972831726,-0.04294203966856003,0.36640822887420654,0.6700000166893005,0.9599999785423279,0.5228372812271118,0.5304497480392456,0.5194540023803711,0.5259386301040649,0.6803799867630005,0.9438599944114685,0.8423005938529968
4,4233,0.2135530263185501,-0.014376949518918991,0.36077138781547546,0.6200000047683716,0.75,0.6370238065719604,0.6522486209869385,0.6167239546775818,0.6296932697296143,0.6250200271606445,0.8380399942398071,0.7554935812950134
4,4234,0.12171861529350281,-0.07306241989135742,0.20311202108860016,0.5,0.9900000095367432,0.5,0.507612407207489,0.5,0.5064846873283386,0.5174099802970886,0.9621099829673767,0.7729935646057129
4,4235,0.046822335571050644,-0.14016136527061462,0.03056841529905796,0.5299999713897705,0.6700000166893005,--,--,--,--,0.532729983329773,0.6700000166893005,0.6058674454689026
4,4236,0.06820077449083328,-0.011722246184945107,0.1320093870162964,0.6600000262260437,0.8600000143051147,--,--,--,--,0.6616700291633606,0.8600000143051147,0.7238063812255859
4,4237,0.11156747490167618,-0.005249488167464733,0.20313431322574615,0.7400000095367432,0.8899999856948853,--,--,--,--,0.7400000095367432,0.8899999856948853,0.8104570508003235
4,4238,0.05592954531311989,-0.024138668552041054,0.11050961166620255,0.5600000023841858,0.8600000143051147,--,--,--,--,0.5600000023841858,0.856249988079071,0.7254505157470703
4,4239,0.08616083860397339,-0.057404421269893646,0.19834786653518677,0.5799999833106995,0.9599999785423279,--,--,--,--,0.5934600234031677,0.9399999976158142,0.7885755896568298
4,4240,0.3326418101787567,-0.00856939796358347,0.49633902311325073,0.6100000143051147,0.8100000023841858,0.5991261601448059,0.6143763661384583,0.5841070413589478,0.5970466136932373,0.6274499893188477,0.8604699969291687,0.7949281930923462
4,4241,0.25689321756362915,-0.00885408092290163,0.39996135234832764,0.6000000238418579,0.7599999904632568,0.5533756613731384,0.6067512631416321,0.5452884435653687,0.5905768275260925,0.6138399839401245,0.7983099818229675,0.7437261939048767
4,4242,0.27588924765586853,-0.005697706248611212,0.36676841974258423,0.6899999976158142,0.7400000095367432,0.5,0.6525018215179443,0.5,0.6293954849243164,0.6899999976158142,0.8404899835586548,0.7752936482429504
4,4243,0.19739989936351776,-0.08399797230958939,0.2933923006057739,0.5600000023841858,0.8899999856948853,0.5228752493858337,0.5610007047653198,0.5194092988967896,0.5517581701278687,0.5600000023841858,0.8664000034332275,0.7577040791511536
4,4244,0.3093654215335846,0.0,0.5141629576683044,0.6399999856948853,0.6899999976158142,0.5915011167526245,0.6906272768974304,0.5776373147964478,0.6617443561553955,0.6470900177955627,0.8754600286483765,0.776900053024292
4,4245,0.03251579403877258,-0.12128088623285294,0.06853176653385162,0.5099999904632568,0.8700000047683716,--,--,--,--,0.5099999904632568,0.853410005569458,0.6321934461593628
4,4246,0.04212639480829239,-0.017204493284225464,0.0877823531627655,0.6000000238418579,0.9599999785423279,--,--,--,--,0.6103000044822693,0.9599999785423279,0.7883152961730957
4,4247,0.036897845566272736,-0.024700606241822243,0.08093047142028809,0.6399999856948853,0.7699999809265137,--,--,--,--,0.6479600071907043,0.76528000831604,0.724681556224823
4,4248,0.02327096275985241,-0.08861027657985687,0.05266152322292328,0.6000000238418579,0.8899999856948853,--,--,--,--,0.6000000238418579,0.8778899908065796,0.6972395777702332
4,4249,0.05134196951985359,-0.06600232422351837,0.11747327446937561,0.6299999952316284,0.9300000071525574,--,--,--,--,0.6480900049209595,0.91771000623703,0.8023231625556946
4,4250,0.12472909688949585,-0.013422338292002678,0.2201053649187088,0.6499999761581421,0.8799999952316284,0.5101240277290344,0.5303720235824585,0.5172483325004578,0.5517449378967285,0.6499999761581421,0.8799999952316284,0.7795597314834595
4,4251,0.28560489416122437,-0.0013155756751075387,0.4813508093357086,0.8799999952316284,0.9200000166893005,0.5202479958534241,0.5303720235824585,0.5344966053962708,0.5517449378967285,0.8799999952316284,0.9318199753761292,0.91416996717453
4,4252,0.03861372545361519,-0.03457477316260338,0.08549220114946365,0.5400000214576721,0.8799999952316284,0.5101240277290344,0.5151860117912292,0.5172483325004578,0.5258724689483643,0.5400000214576721,0.8799999952316284,0.7221022844314575
4,4253,0.10441970825195312,-0.014169123955070972,0.24097323417663574,0.6399999856948853,0.7099999785423279,0.5050619840621948,0.6063021421432495,0.5086241364479065,0.6811073422431946,0.6399999856948853,0.7569299936294556,0.7055596113204956
4,4254,0.25115686655044556,-0.003364238189533353,0.4239301383495331,0.8600000143051147,0.9700000286102295,0.5050619840621948,0.5050619840621948,0.5086241364479065,0.5086241364479065,0.8600000143051147,0.9700000286102295,0.9194415211677551
4,4255,0.21190382540225983,0.0,0.3155058026313782,0.6100000143051147,0.949999988079071,0.5388622283935547,0.5388622283935547,0.5314599275588989,0.5314599275588989,0.6226500272750854,0.949999988079071,0.7954033613204956
4,4256,0.3281291127204895,-0.006877046078443527,0.5179039239883423,0.7200000286102295,0.8299999833106995,0.601041853427887,0.6165867447853088,0.5817957520484924,0.594379723072052,0.7200000286102295,0.8664399981498718,0.8131909966468811
4,4257,0.155814066529274,-0.03154630586504936,0.2630334198474884,0.5600000023841858,0.8299999833106995,0.5544071197509766,0.5854969620704651,0.5440438985824585,0.5692117810249329,0.5600000023841858,0.8200700283050537,0.7186257839202881
4,4258,0.1584489941596985,-0.039933860301971436,0.2672766447067261,0.5400000214576721,0.8700000047683716,0.5388622283935547,0.601041853427887,0.5314599275588989,0.5817957520484924,0.5400000214576721,0.8578500151634216,0.7283485531806946
4,4259,0.18584787845611572,-0.022864917293190956,0.2655646502971649,0.5899999737739563,0.9599999785423279,0.5077724456787109,0.5155448913574219,0.5062919855117798,0.5125839710235596,0.5899999737739563,0.9463000297546387,0.7774253487586975
4,4260,0.1849280297756195,-0.06686556339263916,0.3532150387763977,0.5199999809265137,0.7799999713897705,0.5900430679321289,0.6650789976119995,0.5793236494064331,0.6454266905784607,0.5199999809265137,0.7799999713897705,0.709926187992096
4,4261,0.2524473965167999,-0.005146837793290615,0.3887656331062317,0.6499999761581421,0.7900000214576721,0.5750358700752258,0.6500717997550964,0.5661030411720276,0.6322060823440552,0.6499999761581421,0.8435800075531006,0.7721375823020935
4,4262,0.33592283725738525,0.0,0.5367415547370911,0.9300000071525574,0.9300000071525574,0.5150071978569031,0.5450215339660645,0.5132206082344055,0.5396618247032166,0.9300000071525574,0.9623299837112427,0.9438177347183228
4,4263,0.21106566488742828,-0.026084674522280693,0.35057371854782104,0.6100000143051147,0.7900000214576721,0.5825394988059998,0.6425682306289673,0.5727133750915527,0.6255958080291748,0.6100000143051147,0.8041599988937378,0.7505581378936768
4,4264,0.12710416316986084,-0.05058418959379196,0.18378552794456482,0.5099999904632568,0.9200000166893005,0.5450215339660645,0.5525251030921936,0.5396618247032166,0.5462721586227417,0.5099999904632568,0.9200000166893005,0.7394323945045471
4,4265,0.027043277397751808,-0.04225325584411621,0.07017111778259277,0.5400000214576721,0.75,--,--,--,--,0.5400000214576721,0.75,0.6707527041435242
4,4266,0.08808360248804092,-0.0049605658277869225,0.15163007378578186,0.6499999761581421,0.9900000095367432,--,--,--,--,0.65420001745224,0.9900000095367432,0.77556973695755
4,4267,0.11752280592918396,0.0,0.2199210822582245,0.6499999761581421,0.9700000286102295,--,--,--,--,0.6565700173377991,0.9700000286102295,0.8227877020835876
4,4268,0.10629331320524216,-0.004129518289119005,0.18496039509773254,0.7400000095367432,0.9399999976158142,--,--,--,--,0.7431899905204773,0.9399999976158142,0.8050617575645447
4,4269,0.0325578935444355,-0.04547923058271408,0.07591579109430313,0.5400000214576721,0.7699999809265137,--,--,--,--,0.5426599979400635,0.7699999809265137,0.6496484279632568
4,4270,0.026958607137203217,-0.08502063155174255,0.05287669599056244,0.5299999713897705,0.9200000166893005,--,--,--,--,0.5440599918365479,0.9200000166893005,0.7325844168663025
4,4271,0.03396458178758621,-0.045899175107479095,0.06309515982866287,0.6200000047683716,0.9599999785423279,--,--,--,--,0.6200000047683716,0.9469000101089478,0.7327888011932373
4,4272,0.046165041625499725,-0.04826745390892029,0.10736183822154999,0.6899999976158142,0.9599999785423279,--,--,--,--,0.6899999976158142,0.9599999785423279,0.7667238116264343
4,4273,0.033614493906497955,-0.041168466210365295,0.06932569295167923,0.5199999809265137,0.9900000095367432,--,--,--,--,0.5199999809265137,0.9796000123023987,0.7518196702003479
4,4274,0.019650835543870926,-0.02562936209142208,0.04308373108506203,0.6499999761581421,0.7799999713897705,--,--,--,--,0.6531599760055542,0.7799999713897705,0.7104818820953369
4,4275,0.02732337825000286,-0.05552559718489647,0.07025470584630966,0.5400000214576721,0.949999988079071,--,--,--,--,0.5400000214576721,0.9337400197982788,0.7001093626022339
4,4276,0.037440795451402664,-0.11312524974346161,0.03610631078481674,0.5199999809265137,0.9100000262260437,--,--,--,--,0.5273500084877014,0.9100000262260437,0.6922075748443604
4,4277,0.026677673682570457,-0.05593331903219223,0.05920255556702614,0.5400000214576721,0.8700000047683716,--,--,--,--,0.5521100163459778,0.8700000047683716,0.7548941373825073
4,4278,0.016065869480371475,-0.040454037487506866,0.05245209112763405,0.5099999904632568,0.8299999833106995,--,--,--,--,0.5099999904632568,0.8299999833106995,0.6913472414016724
4,4279,0.07422927021980286,-0.025313718244433403,0.15969164669513702,0.6399999856948853,0.9800000190734863,--,--,--,--,0.6399999856948853,0.9800000190734863,0.857206404209137
4,4280,0.11722159385681152,-0.0520021915435791,0.17205965518951416,0.5400000214576721,1.0,0.5,0.5,0.5,0.5,0.5400000214576721,1.0,0.7610459327697754
4,4281,0.24322906136512756,-0.010257111862301826,0.36452439427375793,0.75,0.800000011920929,0.5103950500488281,0.5138601064682007,0.589397668838501,0.619196891784668,0.75,0.8399699926376343,0.8043810725212097
4,4282,0.1034473180770874,-0.03366470709443092,0.15790677070617676,0.6200000047683716,0.7799999713897705,0.5011550188064575,0.5115500688552856,0.5099330544471741,0.599330723285675,0.6200000047683716,0.7799999713897705,0.7117735743522644
4,4283,0.2387833297252655,-0.033814944326877594,0.35373079776763916,0.7200000286102295,0.8399999737739563,0.5046200156211853,0.5138601064682007,0.5397322773933411,0.619196891784668,0.7200000286102295,0.8399999737739563,0.7992971539497375
4,4284,0.2725633382797241,-0.03493443503975868,0.4113208055496216,0.7400000095367432,0.8899999856948853,0.5103950500488281,0.5127050876617432,0.589397668838501,0.6092638373374939,0.7400000095367432,0.8899999856948853,0.8391301035881042
4,4285,0.0509941391646862,-0.03134581446647644,0.0989607498049736,0.5400000214576721,1.0,--,--,--,--,0.5400000214576721,0.9938300251960754,0.802400529384613
4,4286,0.058612722903490067,-0.023168709129095078,0.13291239738464355,0.550000011920929,0.8100000023841858,--,--,--,--,0.550000011920929,0.8100000023841858,0.725207507610321
4,4287,0.02854243665933609,-0.09688772261142731,0.06154612451791763,0.550000011920929,0.8500000238418579,--,--,--,--,0.550000011920929,0.8352500200271606,0.6596407294273376
4,4288,0.07433657348155975,-0.05718342587351799,0.15535633265972137,0.5,0.9700000286102295,--,--,--,--,0.5246000289916992,0.9700000286102295,0.7337579131126404
4,4289,0.06246134638786316,-0.056639835238456726,0.1608709990978241,0.5,0.9599999785423279,--,--,--,--,0.5,0.9599999785423279,0.7761461138725281
4,4290,0.08081397414207458,-0.029630646109580994,0.1376686841249466,0.7799999713897705,0.8199999928474426,--,--,--,--,0.7827900052070618,0.8169900178909302,0.797435998916626
4,4291,0.03539333492517471,-0.1121869757771492,0.07872726023197174,0.5099999904632568,0.9200000166893005,--,--,--,--,0.5099999904632568,0.8884400129318237,0.6639399528503418
4,4292,0.03310712054371834,-0.09589570015668869,0.042885418981313705,0.550000011920929,0.9800000190734863,--,--,--,--,0.550000011920929,0.9525600075721741,0.6933851838111877
4,4293,0.040365494787693024,-0.0352771133184433,0.07521839439868927,0.5899999737739563,0.8199999928474426,--,--,--,--,0.5899999737739563,0.8085299730300903,0.7204883098602295
4,4294,0.06746106594800949,-0.0200930405408144,0.1052144318819046,0.6800000071525574,0.8799999952316284,--,--,--,--,0.68572998046875,0.8799999952316284,0.763556718826294
4,4295,0.08044194430112839,-0.062098849564790726,0.17668268084526062,0.5400000214576721,0.9800000190734863,--,--,--,--,0.5757099986076355,0.9522799849510193,0.8438565135002136
4,4296,0.052950240671634674,-0.0415237620472908,0.095340795814991,0.6299999952316284,0.9700000286102295,--,--,--,--,0.6299999952316284,0.9700000286102295,0.7908897995948792
4,4297,0.0890466496348381,-0.0035368583630770445,0.15009397268295288,0.8399999737739563,0.9399999976158142,--,--,--,--,0.8399999737739563,0.9399999976158142,0.8763494491577148
4,4298,0.08279135823249817,-0.031024964526295662,0.16866357624530792,0.6399999856948853,0.8999999761581421,--,--,--,--,0.6588299870491028,0.8999999761581421,0.8095012903213501
4,4299,0.03963049501180649,-0.04427799955010414,0.08307328820228577,0.5199999809265137,0.8899999856948853,--,--,--,--,0.5287299752235413,0.8899999856948853,0.6588093042373657
4,4300,0.06584464013576508,-0.03247338905930519,0.11876009404659271,0.5899999737739563,0.8600000143051147,--,--,--,--,0.5928099751472473,0.8583999872207642,0.7405192852020264
4,4301,0.02027015946805477,-0.055949561297893524,0.03518525883555412,0.5400000214576721,0.7200000286102295,--,--,--,--,0.5400000214576721,0.7137399911880493,0.6165450215339661
4,4302,0.04449314996600151,-0.08063466846942902,0.09226077049970627,0.5,0.8500000238418579,--,--,--,--,0.5,0.8337799906730652,0.6792559027671814
4,4303,0.05399096757173538,-0.01857106201350689,0.12052872776985168,0.6299999952316284,0.9100000262260437,--,--,--,--,0.6383200287818909,0.9100000262260437,0.7925654053688049
4,4304,0.05818280205130577,-0.03815041482448578,0.11008046567440033,0.5400000214576721,0.8500000238418579,--,--,--,--,0.5417799949645996,0.8463000059127808,0.6941936612129211
4,4305,0.031223388388752937,-0.019736822694540024,0.0648859292268753,0.550000011920929,0.8799999952316284,--,--,--,--,0.5611500144004822,0.8799999952316284,0.6930957436561584
4,4306,0.02902430295944214,-0.08295245468616486,0.05323048308491707,0.5400000214576721,0.7699999809265137,--,--,--,--,0.5441399812698364,0.7699999809265137,0.6415477991104126
4,4307,0.09618707746267319,-0.04725738987326622,0.17198990285396576,0.6000000238418579,0.9700000286102295,--,--,--,--,0.6220399737358093,0.9528399705886841,0.8156288862228394
4,4308,0.09330783039331436,-0.009689774364233017,0.16102388501167297,0.699999988079071,0.9300000071525574,--,--,--,--,0.7014700174331665,0.9300000071525574,0.7903100848197937
4,4309,0.04192477837204933,-0.049546483904123306,0.09569550305604935,0.5400000214576721,0.9800000190734863,--,--,--,--,0.5400000214576721,0.9800000190734863,0.7296503186225891
4,4310,0.2915680706501007,-0.0049746353179216385,0.4464882016181946,0.800000011920929,0.8799999952316284,0.544949471950531,0.5719192028045654,0.5218984484672546,0.5350375771522522,0.802869975566864,0.8799999952316284,0.8536263704299927
4,4311,0.21945612132549286,-0.008949637413024902,0.33322134613990784,0.7200000286102295,0.9599999785423279,0.5179798007011414,0.5269696712493896,0.5087593793869019,0.5131390690803528,0.7279000282287598,0.9599999785423279,0.8439555168151855
4,4312,0.12317629158496857,-0.025675175711512566,0.2183963656425476,0.6100000143051147,0.6899999976158142,0.6168686747550964,0.7067676782608032,0.5569360256195068,0.6007329821586609,0.6134300231933594,0.7387999892234802,0.6887735724449158
4,4313,0.16929171979427338,-0.027641575783491135,0.25436457991600037,0.6399999856948853,0.8799999952316284,0.5089898705482483,0.5809090733528137,0.5043796896934509,0.5394172668457031,0.6399999856948853,0.8723999857902527,0.772284209728241
4,4314,0.02964448556303978,-0.036717481911182404,0.07388288527727127,0.5400000214576721,0.7599999904632568,0.5179798007011414,0.6168686747550964,0.5087593793869019,0.5569360256195068,0.5400000214576721,0.7532299757003784,0.6677767634391785
4,4315,0.05721757933497429,-0.04743000119924545,0.12595532834529877,0.5199999809265137,0.8999999761581421,--,--,--,--,0.5199999809265137,0.8951500058174133,0.7718119025230408
4,4316,0.08862705528736115,-0.019129592925310135,0.16473610699176788,0.6399999856948853,0.9599999785423279,--,--,--,--,0.6462200284004211,0.9599999785423279,0.7883647680282593
4,4317,0.10450805723667145,-0.004295462742447853,0.1828908920288086,0.6800000071525574,0.9399999976158142,--,--,--,--,0.6872699856758118,0.9399999976158142,0.8170316219329834
4,4318,0.11203267425298691,-0.04921276122331619,0.1929972916841507,0.550000011920929,0.9700000286102295,--,--,--,--,0.5769799947738647,0.9700000286102295,0.8482474684715271
4,4319,0.09048603475093842,-0.061809659004211426,0.15328633785247803,0.5799999833106995,0.9700000286102295,--,--,--,--,0.5799999833106995,0.9594799876213074,0.8251562118530273
4,4320,0.05761197954416275,-0.0363994725048542,0.1251315474510193,0.6200000047683716,0.9399999976158142,--,--,--,--,0.6200000047683716,0.9399999976158142,0.782547652721405
4,4321,0.03431176021695137,-0.06656248867511749,0.07856686413288116,0.5099999904632568,0.9200000166893005,--,--,--,--,0.5099999904632568,0.9200000166893005,0.7170103788375854
4,4322,0.048476215451955795,-0.056795526295900345,0.10242867469787598,0.550000011920929,0.9200000166893005,--,--,--,--,0.550000011920929,0.9085999727249146,0.7926995158195496
4,4323,0.03128286823630333,-0.0902368575334549,0.1059717983007431,0.5899999737739563,0.9800000190734863,--,--,--,--,0.60343998670578,0.9511899948120117,0.7174385786056519
4,4324,0.06649508327245712,-0.0075817108154296875,0.18109411001205444,0.5099999904632568,0.9900000095367432,--,--,--,--,0.5133299827575684,0.9900000095367432,0.7295029759407043
4,4325,0.028518538922071457,-0.049795012921094894,0.1157892718911171,0.5400000214576721,0.7300000190734863,--,--,--,--,0.5400000214576721,0.7300000190734863,0.6471793055534363
4,4326,0.08806286007165909,-0.016122939065098763,0.1950031816959381,0.7900000214576721,0.9700000286102295,--,--,--,--,0.7900000214576721,0.9656299948692322,0.9025386571884155
4,4327,0.0583968386054039,-0.04814845323562622,0.11611096560955048,0.5600000023841858,0.9900000095367432,--,--,--,--,0.5600000023841858,0.9868500232696533,0.8455864191055298
4,4328,0.04400397837162018,-0.04558389633893967,0.11509033292531967,0.5699999928474426,0.9200000166893005,--,--,--,--,0.5890700221061707,0.9070500135421753,0.7086724042892456
4,4329,0.05200367420911789,-0.022423267364501953,0.11477311700582504,0.5699999928474426,0.9900000095367432,--,--,--,--,0.5767199993133545,0.9900000095367432,0.7562995553016663
4,4330,0.3823906183242798,-0.008216156624257565,0.607077956199646,0.8899999856948853,0.9599999785423279,0.5238629579544067,0.5318172574043274,0.518181324005127,0.5242417454719543,0.8927000164985657,0.960070013999939,0.9422699213027954
4,4331,0.3148975670337677,-0.017208103090524673,0.48164859414100647,0.7799999713897705,0.8899999856948853,0.5159086585044861,0.539771556854248,0.5121208429336548,0.5303021669387817,0.7841600179672241,0.884119987487793,0.8537390828132629
4,4332,0.15684466063976288,-0.0268385149538517,0.21686750650405884,0.6499999761581421,0.8199999928474426,0.5079542994499207,0.5318172574043274,0.5060604214668274,0.5242417454719543,0.6608200073242188,0.8138700127601624,0.7361404299736023
4,4333,0.270050048828125,-0.02198401838541031,0.4199836254119873,0.7900000214576721,1.0,0.5,0.5,0.5,0.5,0.8026800155639648,0.9923099875450134,0.8847432136535645
4,4334,0.26002267003059387,0.0,0.5457584857940674,0.6299999952316284,0.6499999761581421,0.6511320471763611,0.77044677734375,0.6151481866836548,0.7060546875,0.6361899971961975,0.9011399745941162,0.7447948455810547
4,4335,0.06828989833593369,-0.01728515513241291,0.1559745818376541,0.5699999928474426,0.8100000023841858,--,--,--,--,0.5826299786567688,0.8100000023841858,0.7196300029754639
4,4336,0.058259349316358566,-0.07393772900104523,0.11981970071792603,0.5199999809265137,1.0,--,--,--,--,0.5199999809265137,0.9828600287437439,0.7031742334365845
4,4337,0.04141378030180931,-0.01734069362282753,0.07985161244869232,0.6600000262260437,0.9900000095367432,--,--,--,--,0.6600000262260437,0.9900000095367432,0.7931594848632812
4,4338,0.07919946312904358,-0.02665996551513672,0.12685811519622803,0.6299999952316284,1.0,--,--,--,--,0.6436100006103516,1.0,0.7901368737220764
4,4339,0.028836194425821304,-0.07166934013366699,0.0570904016494751,0.6000000238418579,1.0,--,--,--,--,0.6000000238418579,1.0,0.7092475891113281
4,4340,0.07739061862230301,-0.05785778537392616,0.13798536360263824,0.550000011920929,0.8999999761581421,--,--,--,--,0.5633400082588196,0.8999999761581421,0.7836618423461914
4,4341,0.0472218282520771,-0.02659335546195507,0.08766141533851624,0.5099999904632568,0.9800000190734863,--,--,--,--,0.5124800205230713,0.9800000190734863,0.6901549100875854
4,4342,0.027666674926877022,-0.06850607693195343,0.06373071670532227,0.5299999713897705,0.7900000214576721,--,--,--,--,0.5347899794578552,0.7900000214576721,0.6412564516067505
4,4343,0.037480808794498444,-0.15434084832668304,0.0472223162651062,0.5,0.9399999976158142,--,--,--,--,0.5,0.9264299869537354,0.7012638449668884
4,4344,0.03890068084001541,-0.04596903547644615,0.07540377229452133,0.6499999761581421,0.8899999856948853,--,--,--,--,0.6499999761581421,0.8844599723815918,0.7621774077415466
4,4345,0.03229134529829025,-0.08685281127691269,0.057381775230169296,0.5600000023841858,0.8100000023841858,--,--,--,--,0.5600000023841858,0.8100000023841858,0.6436585187911987
4,4346,0.0606418251991272,-0.01716897450387478,0.09289809316396713,0.6800000071525574,0.9200000166893005,--,--,--,--,0.6849700212478638,0.9200000166893005,0.7792416214942932
4,4347,0.05617760866880417,-0.057053692638874054,0.12885509431362152,0.5299999713897705,0.9800000190734863,--,--,--,--,0.5299999713897705,0.9721500277519226,0.8097469210624695
4,4348,0.05078718066215515,-0.02112257480621338,0.10009992122650146,0.5699999928474426,1.0,--,--,--,--,0.5699999928474426,1.0,0.8009488582611084
4,4349,0.056927844882011414,0.0,0.08856464922428131,0.5799999833106995,0.9100000262260437,--,--,--,--,0.5830100178718567,0.9100000262260437,0.7387256622314453
4,4350,0.07241805642843246,-0.01370325218886137,0.13022378087043762,0.7400000095367432,0.9100000262260437,--,--,--,--,0.7420799732208252,0.9100000262260437,0.8041917085647583
4,4351,0.09448330104351044,-0.01613687351346016,0.17014215886592865,0.7900000214576721,0.9900000095367432,--,--,--,--,0.7900000214576721,0.986739993095398,0.9058783650398254
4,4352,0.09019557386636734,-0.025174766778945923,0.16992923617362976,0.7400000095367432,0.9900000095367432,--,--,--,--,0.7471500039100647,0.9816100001335144,0.8731223940849304
4,4353,0.039680417627096176,-0.025951307266950607,0.08279154449701309,0.5099999904632568,0.9300000071525574,--,--,--,--,0.5099999904632568,0.9300000071525574,0.7842199206352234
4,4354,0.03224783390760422,-0.07160617411136627,0.059777870774269104,0.5600000023841858,0.800000011920929,--,--,--,--,0.5600000023841858,0.7972999811172485,0.6782639026641846
4,4355,0.1760086566209793,-0.0022164531983435154,0.33661291003227234,0.6600000262260437,0.6899999976158142,0.5,0.6910728812217712,0.5,0.6612177491188049,0.6600000262260437,0.7992799878120422,0.7283633947372437
4,4356,0.2508634328842163,0.0,0.4470016658306122,0.6399999856948853,0.6399999856948853,0.6222866177558899,0.7675020098686218,0.6031793355941772,0.7257048487663269,0.6399999856948853,0.8735299706459045,0.7501832842826843
4,4357,0.20973724126815796,-0.0010901668574661016,0.355817586183548,0.6399999856948853,0.7300000190734863,0.507642924785614,0.6987158060073853,0.5064486861228943,0.6676664352416992,0.6459800004959106,0.8227999806404114,0.7446992993354797
4,4358,0.302246630191803,-0.008020313456654549,0.41048291325569153,0.7799999713897705,0.9100000262260437,0.515285849571228,0.5382145643234253,0.5128974318504333,0.532243549823761,0.7871299982070923,0.9100000262260437,0.8619586229324341
4,4359,0.22070430219173431,-0.008790903724730015,0.31565627455711365,0.6299999952316284,0.7799999713897705,0.5764291286468506,0.5840720534324646,0.564487099647522,0.5709357857704163,0.6388000249862671,0.7976400256156921,0.7524266839027405
4,4360,0.04077401012182236,-0.03897683694958687,0.1197524294257164,0.6499999761581421,0.800000011920929,--,--,--,--,0.6499999761581421,0.7983899712562561,0.724546492099762
4,4361,0.04214935749769211,-0.03361983597278595,0.11307279020547867,0.5099999904632568,0.9399999976158142,--,--,--,--,0.5099999904632568,0.9283400177955627,0.7564690113067627
4,4362,0.020415781065821648,-0.07221544533967972,0.07055540382862091,0.5099999904632568,0.8500000238418579,--,--,--,--,0.514490008354187,0.8278899788856506,0.6240488886833191
4,4363,0.058762408792972565,-0.019626904278993607,0.11354568600654602,0.6700000166893005,0.9599999785423279,--,--,--,--,0.6700000166893005,0.9599999785423279,0.8669801354408264
4,4364,0.04306907206773758,-0.019951770082116127,0.08125753700733185,0.800000011920929,0.9700000286102295,--,--,--,--,0.800000011920929,0.9643999934196472,0.8479017615318298
4,4365,0.25815895199775696,-0.0238790325820446,0.3757205605506897,0.6800000071525574,0.8799999952316284,0.5,0.5,0.550000011920929,0.6000000238418579,0.6800000071525574,0.8799999952316284,0.809027373790741
4,4366,0.047702230513095856,-0.03777458518743515,0.10052976757287979,0.5899999737739563,0.6899999976158142,0.5,0.5,0.5799999833106995,0.6600000262260437,0.5899999737739563,0.7259100079536438,0.6783865094184875
4,4367,0.30298563838005066,0.0,0.4226120710372925,0.800000011920929,0.8100000023841858,0.5,0.5,0.5400000214576721,0.5400000214576721,0.800000011920929,0.8347899913787842,0.8182603716850281
4,4368,0.2971951365470886,-0.00020364919328130782,0.42113715410232544,0.75,0.9200000166893005,0.5,0.5,0.5299999713897705,0.550000011920929,0.75,0.9200000166893005,0.8517006039619446
4,4369,0.18312695622444153,-0.04042516648769379,0.30942848324775696,0.6100000143051147,0.7799999713897705,0.5,0.5,0.6399999856948853,0.6499999761581421,0.6100000143051147,0.800849974155426,0.740510106086731
4,4370,0.030916141346096992,-0.02603871375322342,0.09720787405967712,0.6299999952316284,0.9900000095367432,--,--,--,--,0.6486899852752686,0.9900000095367432,0.7805379033088684
4,4371,0.048311639577150345,-0.020046943798661232,0.09324841946363449,0.6600000262260437,0.9700000286102295,--,--,--,--,0.6600000262260437,0.9700000286102295,0.8345702290534973
4,4372,0.029063552618026733,-0.03369096666574478,0.10847523808479309,0.5799999833106995,0.8199999928474426,--,--,--,--,0.5959399938583374,0.8199999928474426,0.7344238758087158
4,4373,0.03807094320654869,-0.022981194779276848,0.13194513320922852,0.6499999761581421,0.9300000071525574,--,--,--,--,0.667639970779419,0.9300000071525574,0.8223942518234253
4,4374,0.044250041246414185,-0.02459775283932686,0.08411258459091187,0.5,0.9399999976158142,--,--,--,--,0.5,0.9399999976158142,0.7280565500259399
4,4375,0.09090986102819443,-0.026342207565903664,0.13864298164844513,0.6000000238418579,0.9900000095367432,--,--,--,--,0.6000000238418579,0.9783200025558472,0.831922173500061
4,4376,0.09733245521783829,-0.05632613226771355,0.1992478370666504,0.6200000047683716,0.9800000190734863,--,--,--,--,0.6200000047683716,0.9599999785423279,0.8220275640487671
4,4377,0.1265069991350174,-0.038250092417001724,0.22416801750659943,0.6600000262260437,0.8999999761581421,--,--,--,--,0.6805499792098999,0.8999999761581421,0.827431321144104
4,4378,0.0654335469007492,-0.0509038008749485,0.12212105095386505,0.6200000047683716,0.9200000166893005,--,--,--,--,0.6200000047683716,0.8999699950218201,0.7580616474151611
4,4379,0.027176421135663986,-0.09456203877925873,0.05251415818929672,0.5899999737739563,0.8700000047683716,--,--,--,--,0.5899999737739563,0.8424299955368042,0.6735607981681824
4,4380,0.07883045077323914,-0.037800565361976624,0.17066062986850739,0.6100000143051147,0.8600000143051147,--,--,--,--,0.6100000143051147,0.854420006275177,0.7682339549064636
4,4381,0.09843216836452484,-0.014476953074336052,0.17075663805007935,0.7400000095367432,0.9700000286102295,--,--,--,--,0.7480400204658508,0.9700000286102295,0.835108757019043
4,4382,0.04673577472567558,-0.01416129432618618,0.06341779977083206,0.6399999856948853,0.8100000023841858,--,--,--,--,0.6399999856948853,0.8100000023841858,0.7067854404449463
4,4383,0.09451688826084137,-0.2048492431640625,0.045077890157699585,0.5099999904632568,0.6700000166893005,--,--,--,--,0.5099999904632568,0.6642100214958191,0.5991686582565308
4,4384,0.03371597081422806,-0.07841148972511292,0.06537389010190964,0.5299999713897705,0.9900000095367432,--,--,--,--,0.5374600291252136,0.9900000095367432,0.6930678486824036
4,4385,0.06553586572408676,-0.050664447247982025,0.1496255248785019,0.5400000214576721,0.9399999976158142,--,--,--,--,0.5400000214576721,0.9195299744606018,0.7528536319732666
4,4386,0.14818155765533447,-0.005940794944763184,0.2846125364303589,0.8899999856948853,1.0,--,--,--,--,0.8899999856948853,1.0,0.9599921703338623
4,4387,0.0633343979716301,-0.18441499769687653,0.03784438595175743,0.5400000214576721,0.6700000166893005,--,--,--,--,0.5400000214576721,0.6700000166893005,0.6194475293159485
4,4388,0.10856583714485168,-0.014267319813370705,0.214417964220047,0.7200000286102295,0.9399999976158142,--,--,--,--,0.7291799783706665,0.9399999976158142,0.8380417823791504
4,4389,0.12061303853988647,-0.024837611243128777,0.2334647923707962,0.7400000095367432,0.949999988079071,--,--,--,--,0.7513599991798401,0.9370899796485901,0.8585482835769653
4,4390,0.05681127682328224,-0.019796222448349,0.09151480346918106,0.6600000262260437,0.9200000166893005,--,--,--,--,0.6600000262260437,0.9150599837303162,0.7778438329696655
4,4391,0.05102537199854851,-0.1309886872768402,0.07760848104953766,0.5400000214576721,0.8500000238418579,--,--,--,--,0.558709979057312,0.8500000238418579,0.6801180243492126
4,4392,0.07273703813552856,-0.18520665168762207,0.03769060596823692,0.5099999904632568,0.7300000190734863,--,--,--,--,0.5224400162696838,0.7300000190734863,0.5776091814041138
4,4393,0.056749820709228516,-0.030097296461462975,0.13615930080413818,0.5600000023841858,0.9300000071525574,--,--,--,--,0.5796899795532227,0.9257599711418152,0.7607378959655762
4,4394,0.058770064264535904,-0.08497149497270584,0.1047547236084938,0.6000000238418579,0.8999999761581421,--,--,--,--,0.6051499843597412,0.8999999761581421,0.7610665559768677
4,4395,0.2385786473751068,-0.031306132674217224,0.33861690759658813,0.699999988079071,0.9599999785423279,0.5,0.5002701878547668,0.5,0.5099963545799255,0.713890016078949,0.9438400268554688,0.8388084769248962
4,4396,0.14387544989585876,-0.04105763882398605,0.21687936782836914,0.550000011920929,0.8299999833106995,0.5018911957740784,0.5040525794029236,0.569974422454834,0.6499452590942383,0.5656899809837341,0.8134199976921082,0.7340399026870728
4,4397,0.034189123660326004,-0.06126885861158371,0.10266522318124771,0.5899999737739563,0.7400000095367432,0.5008105039596558,0.5013508796691895,0.5299890637397766,0.5499817728996277,0.5996599793434143,0.7322999835014343,0.6741742491722107
4,4398,0.058949217200279236,-0.027512885630130768,0.12709663808345795,0.5799999833106995,0.7099999785423279,0.5013508796691895,0.5048630833625793,0.5499817728996277,0.6799343228340149,0.5890200138092041,0.7224400043487549,0.6793719530105591
4,4399,0.23032759130001068,-0.027696359902620316,0.35652726888656616,0.6899999976158142,0.8999999761581421,0.5002701878547668,0.5027016997337341,0.5099963545799255,0.5999634861946106,0.703499972820282,0.8892199993133545,0.8076022863388062
4,4400,0.0758609026670456,-0.013605713844299316,0.1490018367767334,0.7900000214576721,1.0,--,--,--,--,0.7900000214576721,1.0,0.8588294386863708
4,4401,0.048078443855047226,-0.16441097855567932,0.04088528826832771,0.5,0.7900000214576721,--,--,--,--,0.5049600005149841,0.7900000214576721,0.5936728715896606
4,4402,0.02665017545223236,-0.03590407595038414,0.05814646929502487,0.550000011920929,0.8500000238418579,--,--,--,--,0.550000011920929,0.8438100218772888,0.7286254167556763
4,4403,0.028500478714704514,-0.034230221062898636,0.05026055872440338,0.5799999833106995,0.8500000238418579,--,--,--,--,0.5799999833106995,0.8443499803543091,0.7068888545036316
4,4404,0.0359807126224041,-0.10022939741611481,0.04463904723525047,0.550000011920929,0.8700000047683716,--,--,--,--,0.550000011920929,0.8700000047683716,0.6659653186798096
4,4405,0.028760097920894623,-0.08822275698184967,0.05474346503615379,0.5199999809265137,0.7799999713897705,--,--,--,--,0.5208699703216553,0.7799999713897705,0.6132891774177551
4,4406,0.06380715221166611,-0.07257669419050217,0.1486043930053711,0.5400000214576721,0.8999999761581421,--,--,--,--,0.5400000214576721,0.8824800252914429,0.7097558379173279
4,4407,0.04882606863975525,-0.03460279107093811,0.09993651509284973,0.6299999952316284,0.8899999856948853,--,--,--,--,0.6299999952316284,0.8899999856948853,0.7360954284667969
4,4408,0.05440005287528038,-0.07172683626413345,0.11821147054433823,0.5699999928474426,0.9399999976158142,--,--,--,--,0.5932899713516235,0.9211300015449524,0.7312028408050537
4,4409,0.08032472431659698,-0.025182349607348442,0.17421990633010864,0.7799999713897705,0.9800000190734863,--,--,--,--,0.7799999713897705,0.9710599780082703,0.8724715709686279
4,4410,0.049775391817092896,-0.03693610802292824,0.10235310345888138,0.5,0.8999999761581421,--,--,--,--,0.5115299820899963,0.8999999761581421,0.7054879665374756
4,4411,0.06555817276239395,-0.021670134738087654,0.11877982318401337,0.7200000286102295,0.8500000238418579,--,--,--,--,0.7200000286102295,0.8493300080299377,0.7835697531700134
4,4412,0.03519193455576897,-0.06682861596345901,0.07765854895114899,0.5899999737739563,0.9599999785423279,--,--,--,--,0.5899999737739563,0.935699999332428,0.7243040204048157
4,4413,0.0563979335129261,-0.022794712334871292,0.12484152615070343,0.5799999833106995,0.9399999976158142,--,--,--,--,0.5799999833106995,0.9399999976158142,0.7504502534866333
4,4414,0.08841386437416077,-0.031020591035485268,0.19639097154140472,0.6299999952316284,0.9599999785423279,--,--,--,--,0.6473199725151062,0.9599999785423279,0.8419354557991028
4,4415,0.07099819928407669,-0.024509266018867493,0.1268070489168167,0.5799999833106995,0.7799999713897705,0.5399792194366455,0.6499220132827759,0.5012896656990051,0.5048362016677856,0.5799999833106995,0.7758700251579285,0.7018381357192993
4,4416,0.17590031027793884,-0.004067182540893555,0.27325379848480225,0.6299999952316284,1.0,0.5,0.5,0.5,0.5,0.637719988822937,1.0,0.8141807317733765
4,4417,0.1579093635082245,-0.012932393699884415,0.2679697573184967,0.6800000071525574,0.7200000286102295,0.7198856472969055,0.7198856472969055,0.507093071937561,0.507093071937561,0.6809399724006653,0.8218700289726257,0.7493250966072083
4,4418,0.09525471180677414,-0.04781077057123184,0.1440926194190979,0.5400000214576721,0.9100000262260437,0.5299844145774841,0.5399792194366455,0.500967264175415,0.5012896656990051,0.547730028629303,0.9100000262260437,0.7320473194122314
4,4419,0.18802493810653687,-0.02471991442143917,0.3275037407875061,0.6499999761581421,0.8899999856948853,0.5399792194366455,0.599947988986969,0.5012896656990051,0.5032241344451904,0.6499999761581421,0.8850299715995789,0.7862223386764526
4,4420,0.11912281066179276,-0.07264874130487442,0.18661803007125854,0.5199999809265137,0.8899999856948853,0.517354428768158,0.5195237398147583,0.5780949592590332,0.5878568291664124,0.5199999809265137,0.8899999856948853,0.7271125316619873
4,4421,0.1096736267209053,-0.05199038237333298,0.21734169125556946,0.5699999928474426,0.7599999904632568,0.506507933139801,0.5498940348625183,0.5292856097221375,0.7245230078697205,0.5699999928474426,0.7599999904632568,0.6962981224060059
4,4422,0.14569436013698578,-0.01636052131652832,0.21330022811889648,0.6399999856948853,0.75,0.506507933139801,0.5325395464897156,0.5292856097221375,0.6464280486106873,0.6399999856948853,0.75,0.7170364856719971
4,4423,0.29329779744148254,-0.014070880599319935,0.4514891803264618,0.8299999833106995,0.9700000286102295,0.5,0.5043386220932007,0.5,0.5195237398147583,0.8299999833106995,0.9700000286102295,0.9015829563140869
4,4424,0.08097948879003525,-0.037551671266555786,0.13405701518058777,0.6000000238418579,0.699999988079071,0.5260316729545593,0.5325395464897156,0.6171424388885498,0.6464280486106873,0.6000000238418579,0.7242400050163269,0.6823936104774475
4,4425,0.2452600747346878,-0.052711501717567444,0.405967116355896,0.6200000047683716,0.8799999952316284,0.5033482909202576,0.5200897455215454,0.5197177529335022,0.6183063983917236,0.6400700211524963,0.8619700074195862,0.7818485498428345
4,4426,0.25454074144363403,-0.03204314038157463,0.3871632218360901,0.699999988079071,0.8399999737739563,0.5033482909202576,0.5066965818405151,0.5197177529335022,0.5394354462623596,0.7107200026512146,0.8301799893379211,0.7839254140853882
4,4427,0.2230496108531952,-0.0531199686229229,0.34679850935935974,0.6600000262260437,0.9300000071525574,0.5,0.5033482909202576,0.5,0.5197177529335022,0.6797599792480469,0.9105799794197083,0.8008005023002625
4,4428,0.33440491557121277,-0.02888256497681141,0.5161458849906921,0.699999988079071,0.8700000047683716,0.5150673389434814,0.5200897455215454,0.5887297987937927,0.6183063983917236,0.7134400010108948,0.8718500137329102,0.8299691677093506
4,4429,0.14208221435546875,-0.04255436360836029,0.2220505177974701,0.5199999809265137,0.6899999976158142,0.5133931636810303,0.5435278415679932,0.578870952129364,0.7563304901123047,0.5355700254440308,0.7586100101470947,0.6806599497795105
4,4430,0.0456826351583004,-0.04433711618185043,0.10077062994241714,0.5400000214576721,0.9100000262260437,--,--,--,--,0.5400000214576721,0.8960700035095215,0.7417454123497009
4,4431,0.03789498656988144,-0.0363868772983551,0.08464374393224716,0.6299999952316284,0.8399999737739563,--,--,--,--,0.631630003452301,0.8311200141906738,0.7038050293922424
4,4432,0.028432874009013176,-0.06226493418216705,0.050669681280851364,0.5099999904632568,0.8399999737739563,--,--,--,--,0.5099999904632568,0.8376700282096863,0.6652581691741943
4,4433,0.0762745812535286,-0.019690336659550667,0.1455131322145462,0.6600000262260437,0.8299999833106995,--,--,--,--,0.6627900004386902,0.8254799842834473,0.7525470852851868
4,4434,0.08324041962623596,0.0,0.15225090086460114,0.6800000071525574,0.8899999856948853,--,--,--,--,0.6844099760055542,0.8899999856948853,0.7885193824768066
4,4435,0.24403370916843414,-0.028346825391054153,0.38729211688041687,0.6100000143051147,0.8299999833106995,0.6100000143051147,0.6200000047683716,0.5,0.5,0.6100000143051147,0.822409987449646,0.7678317427635193
4,4436,0.3501620292663574,-0.001945141120813787,0.5197955369949341,0.8299999833106995,0.8700000047683716,0.5,0.5600000023841858,0.5,0.5,0.8317999839782715,0.8703799843788147,0.8588488101959229
4,4437,0.10844310373067856,-0.014814012683928013,0.21295927464962006,0.5299999713897705,0.6399999856948853,0.7400000095367432,0.75,0.5,0.5,0.5361999869346619,0.7725499868392944,0.666890025138855
4,4438,0.27773764729499817,0.0,0.45307984948158264,0.6899999976158142,0.699999988079071,0.7599999904632568,0.7900000214576721,0.5,0.5,0.6912999749183655,0.9038500189781189,0.7906545996665955
4,4439,0.22136127948760986,-0.4134545922279358,0.03037315234541893,0.5099999904632568,0.5199999809265137,0.5,0.8799999952316284,0.5,0.5,0.5112699866294861,0.6649799942970276,0.5794374346733093
4,4440,0.23128807544708252,-0.023743748664855957,0.37245216965675354,0.7300000190734863,0.8500000238418579,0.609785795211792,0.6297468543052673,0.5068616271018982,0.5081091523170471,0.7300000190734863,0.8602700233459473,0.8173497319221497
4,4441,0.3292829990386963,-0.008453925140202045,0.5375054478645325,0.9399999976158142,0.9800000190734863,0.5099804997444153,0.5099804997444153,0.5006237626075745,0.5006237626075745,0.9407600164413452,0.9800000190734863,0.9623298048973083
4,4442,0.10420585423707962,-0.1993291676044464,0.067814402282238,0.5199999809265137,0.6100000143051147,0.7395325899124146,0.8293573260307312,0.5149707794189453,0.5205848217010498,0.5199999809265137,0.7080199718475342,0.629741907119751
4,4443,0.2251569628715515,-0.016056088730692863,0.36223191022872925,0.7699999809265137,0.8199999928474426,0.549902617931366,0.559883177280426,0.5031189322471619,0.5037426948547363,0.7699999809265137,0.8268399834632874,0.8075436949729919
4,4444,0.06963356584310532,-0.022599665448069572,0.14959363639354706,0.5099999904632568,0.8700000047683716,0.5698636770248413,0.5998052358627319,0.5043664574623108,0.506237804889679,0.5168499946594238,0.8700000047683716,0.7097318768501282
4,4445,0.12128281593322754,-0.027158085256814957,0.2047528177499771,0.7300000190734863,1.0,--,--,--,--,0.7300000190734863,0.9867799878120422,0.8626888990402222
4,4446,0.16880902647972107,0.0,0.2787226140499115,0.9100000262260437,0.9800000190734863,--,--,--,--,0.9100000262260437,0.9800000190734863,0.9366397857666016
4,4447,0.14582636952400208,-0.009300226345658302,0.2714846730232239,0.6800000071525574,0.9700000286102295,--,--,--,--,0.6800000071525574,0.9700000286102295,0.891261100769043
4,4448,0.04416662082076073,-0.08054448664188385,0.1068839579820633,0.5400000214576721,0.8299999833106995,--,--,--,--,0.5400000214576721,0.8299999833106995,0.6892557740211487
4,4449,0.11603666096925735,-0.003402724163606763,0.19476819038391113,0.6800000071525574,0.8399999737739563,--,--,--,--,0.6861000061035156,0.8399999737739563,0.7730100154876709
4,4450,0.1272467076778412,-0.04723930358886719,0.20111823081970215,0.6000000238418579,0.75,0.5199732780456543,0.6597864031791687,0.5010331273078918,0.5082648396492004,0.6116499900817871,0.75,0.7047117352485657
4,4451,0.2794950306415558,0.0,0.447466105222702,0.7699999809265137,0.8999999761581421,0.5499332547187805,0.5898798704147339,0.5025827288627625,0.5046489834785461,0.779770016670227,0.8999999761581421,0.8581258654594421
4,4452,0.23094351589679718,-0.009164725430309772,0.39450255036354065,0.6899999976158142,0.8399999737739563,0.5399466156959534,0.6497997641563416,0.5020661950111389,0.5077482461929321,0.6899999976158142,0.8549200296401978,0.7956423759460449
4,4453,0.11197120696306229,-0.059182606637477875,0.19117924571037292,0.5400000214576721,0.8600000143051147,0.5599198937416077,0.5898798704147339,0.5030993223190308,0.5046489834785461,0.5619000196456909,0.8600000143051147,0.7251924276351929
4,4454,0.15584444999694824,-0.010730800218880177,0.24680665135383606,0.6600000262260437,0.7799999713897705,0.5299599766731262,0.5599198937416077,0.5015496611595154,0.5030993223190308,0.6600000262260437,0.7732499837875366,0.7343849539756775
4,4455,0.0529671348631382,-0.011712486855685711,0.085907943546772,0.800000011920929,0.8999999761581421,--,--,--,--,0.800000011920929,0.8991900086402893,0.8541139364242554
4,4456,0.03622889891266823,-0.023772019892930984,0.06572066992521286,0.6600000262260437,0.8899999856948853,--,--,--,--,0.6600000262260437,0.8866199851036072,0.7369585633277893
4,4457,0.03123708814382553,-0.06748411059379578,0.07397065311670303,0.6100000143051147,0.7300000190734863,--,--,--,--,0.6119400262832642,0.7300000190734863,0.6835350394248962
4,4458,0.04480110481381416,-0.03563644737005234,0.11185121536254883,0.550000011920929,0.9700000286102295,--,--,--,--,0.550000011920929,0.9453700184822083,0.7672205567359924
4,4459,0.037658270448446274,-0.10534235090017319,0.07868892699480057,0.5099999904632568,0.8700000047683716,--,--,--,--,0.5144699811935425,0.8700000047683716,0.6933786273002625
4,4460,0.016888275742530823,-0.03352776914834976,0.03957962244749069,0.550000011920929,0.7799999713897705,--,--,--,--,0.550000011920929,0.7785000205039978,0.6924204230308533
4,4461,0.04166844114661217,-0.03846604749560356,0.07160375267267227,0.6200000047683716,0.949999988079071,--,--,--,--,0.6299999952316284,0.9368600249290466,0.7691072821617126
4,4462,0.09056591242551804,-0.017859021201729774,0.18718214333057404,0.8199999928474426,1.0,--,--,--,--,0.8283500075340271,0.9928799867630005,0.9016643166542053
4,4463,0.07321888208389282,-0.030944710597395897,0.1626255214214325,0.7200000286102295,0.949999988079071,--,--,--,--,0.7200000286102295,0.9441699981689453,0.837388813495636
4,4464,0.04248056560754776,-0.05785353109240532,0.1066998690366745,0.5299999713897705,0.9700000286102295,--,--,--,--,0.5299999713897705,0.9647899866104126,0.7611170411109924
4,4465,0.05148625001311302,-0.012684037908911705,0.0943526104092598,0.6200000047683716,0.8500000238418579,--,--,--,--,0.6200000047683716,0.8500000238418579,0.7036772966384888
4,4466,0.11771702021360397,-0.011389099061489105,0.27885276079177856,0.5699999928474426,0.9700000286102295,--,--,--,--,0.5991100072860718,0.9678000211715698,0.8597081303596497
4,4467,0.10155177116394043,-0.013532084412872791,0.2261231690645218,0.699999988079071,0.9900000095367432,--,--,--,--,0.7241899967193604,0.9853000044822693,0.885021984577179
4,4468,0.024459581822156906,-0.025092817842960358,0.05346362292766571,0.5899999737739563,0.7400000095367432,--,--,--,--,0.5899999737739563,0.7357100248336792,0.6399598121643066
4,4469,0.06724592298269272,-0.008797354064881802,0.14948509633541107,0.6899999976158142,0.9100000262260437,--,--,--,--,0.6963599920272827,0.9100000262260437,0.8099106550216675
4,4470,0.1573905199766159,-0.060729965567588806,0.24948394298553467,0.550000011920929,0.9300000071525574,0.5006507635116577,0.5039047598838806,0.5099788308143616,0.5598728060722351,0.5651500225067139,0.911870002746582,0.770581066608429
4,4471,0.24047553539276123,-0.028173180297017097,0.37522101402282715,0.699999988079071,0.8700000047683716,0.5019523501396179,0.5032539367675781,0.5299364328384399,0.5498940348625183,0.7068300247192383,0.862280011177063,0.8074579834938049
4,4472,0.19890648126602173,-0.042812369763851166,0.36115896701812744,0.5899999737739563,0.8399999737739563,0.5039047598838806,0.5071586966514587,0.5598728060722351,0.6097668409347534,0.6000999808311462,0.8290200233459473,0.7580645680427551
4,4473,0.2540646493434906,-0.026078639551997185,0.39023101329803467,0.6700000166893005,0.8500000238418579,0.5019523501396179,0.5091111063957214,0.5299364328384399,0.6397032141685486,0.6773099899291992,0.8425800204277039,0.7984305024147034
4,4474,0.20175668597221375,0.0,0.398011177778244,0.7099999785423279,0.7200000286102295,0.5019523501396179,0.5110634565353394,0.5299364328384399,0.6696396470069885,0.7106199860572815,0.8170400261878967,0.7525569796562195
4,4475,0.12575697898864746,-0.05001679062843323,0.2164655476808548,0.5600000023841858,0.9700000286102295,0.5117098093032837,0.5117098093032837,0.516213595867157,0.516213595867157,0.5600000023841858,0.9700000286102295,0.791795551776886
4,4476,0.1039508506655693,-0.012036873959004879,0.23719486594200134,0.6200000047683716,0.6800000071525574,0.5819686651229858,0.6288079023361206,0.6134951114654541,0.6783494353294373,0.6200000047683716,0.7765700221061707,0.7099278569221497
4,4477,0.1407841593027115,-0.031056853011250496,0.22293956577777863,0.6399999856948853,0.8999999761581421,0.5058549046516418,0.5409843325614929,0.5081067681312561,0.556747555732727,0.6399999856948853,0.8999999761581421,0.7695448994636536
4,4478,0.2186683863401413,0.0,0.35920679569244385,0.7400000095367432,0.800000011920929,0.5234196186065674,0.5468392372131348,0.532427191734314,0.5648543238639832,0.7400000095367432,0.8146499991416931,0.7919235229492188
4,4479,0.11722049862146378,-0.030760154128074646,0.2924078702926636,0.6499999761581421,0.7099999785423279,0.5175647139549255,0.6288079023361206,0.5243203639984131,0.6783494353294373,0.6499999761581421,0.7903599739074707,0.7174023985862732
4,4480,0.06109136715531349,-0.1200593039393425,0.12268510460853577,0.6100000143051147,0.9100000262260437,--,--,--,--,0.6100000143051147,0.9100000262260437,0.7338117361068726
4,4481,0.1486719697713852,-0.37303709983825684,0.08790363371372223,0.5699999928474426,0.5899999737739563,--,--,--,--,0.5699999928474426,0.5899999737739563,0.5820764303207397
4,4482,0.03972991928458214,-0.09060443192720413,0.04835576191544533,0.5400000214576721,0.699999988079071,--,--,--,--,0.5400000214576721,0.699999988079071,0.6222774386405945
4,4483,0.02681521326303482,-0.07093263417482376,0.07083441317081451,0.5099999904632568,0.7300000190734863,--,--,--,--,0.5138800144195557,0.7300000190734863,0.6315315961837769
4,4484,0.055031586438417435,-0.12003452330827713,0.10181324183940887,0.550000011920929,0.9200000166893005,--,--,--,--,0.550000011920929,0.9200000166893005,0.7217608690261841
4,4485,0.29724013805389404,-0.005926262587308884,0.4562986493110657,0.8399999737739563,0.9200000166893005,0.5,0.5047551989555359,0.5,0.5087970495223999,0.8430200219154358,0.9200000166893005,0.8851378560066223
4,4486,0.25694945454597473,-0.02092081494629383,0.39585399627685547,0.800000011920929,0.9900000095367432,0.5,0.5,0.5,0.5,0.800000011920929,0.9828699827194214,0.8862736821174622
4,4487,0.1839216649532318,-0.011910145170986652,0.40004852414131165,0.6200000047683716,0.7200000286102295,0.557062029838562,0.6236344575881958,0.6055647730827332,0.7287237048149109,0.6200000047683716,0.8150399923324585,0.7234523892402649
4,4488,0.17520608007907867,-0.010112728923559189,0.33688023686408997,0.6600000262260437,0.7300000190734863,0.5332862138748169,0.5713275671005249,0.5615794658660889,0.6319559812545776,0.6600000262260437,0.778410017490387,0.7253853678703308
4,4489,0.28625065088272095,-0.012622150592505932,0.4626433551311493,0.7300000190734863,0.8500000238418579,0.538041353225708,0.557062029838562,0.5703765153884888,0.6055647730827332,0.7348399758338928,0.8635500073432922,0.8255312442779541
4,4490,0.023899057880043983,-0.06529126316308975,0.045098405331373215,0.5899999737739563,0.8500000238418579,--,--,--,--,0.5899999737739563,0.8500000238418579,0.7405524849891663
4,4491,0.05182528868317604,-0.06615306437015533,0.11057838797569275,0.6399999856948853,0.9200000166893005,--,--,--,--,0.6499699950218201,0.9200000166893005,0.7986541986465454
4,4492,0.06222604587674141,-0.07672885805368423,0.125806525349617,0.6600000262260437,0.800000011920929,--,--,--,--,0.6600000262260437,0.800000011920929,0.7403269410133362
4,4493,0.035265613347291946,-0.08805865049362183,0.08737193793058395,0.5799999833106995,0.8799999952316284,--,--,--,--,0.581059992313385,0.8799999952316284,0.6591803431510925
4,4494,0.04453032463788986,-0.04307591915130615,0.10846281051635742,0.6499999761581421,1.0,--,--,--,--,0.6593999862670898,1.0,0.8379277586936951
4,4495,0.03943907469511032,-0.13270844519138336,0.09140826016664505,0.5400000214576721,0.9599999785423279,--,--,--,--,0.5520700216293335,0.9599999785423279,0.7380611896514893
4,4496,0.04071158170700073,-0.11162135750055313,0.06277402490377426,0.5099999904632568,0.949999988079071,--,--,--,--,0.5099999904632568,0.949999988079071,0.6990243792533875
4,4497,0.031667813658714294,-0.04533426836133003,0.06151999160647392,0.7099999785423279,0.8500000238418579,--,--,--,--,0.7115799784660339,0.8500000238418579,0.7672218084335327
4,4498,0.040353864431381226,-0.11262807995080948,0.05926617234945297,0.5099999904632568,0.9200000166893005,--,--,--,--,0.5099999904632568,0.9200000166893005,0.6908940672874451
4,4499,0.03988445922732353,-0.05433249846100807,0.08861345797777176,0.5,0.9100000262260437,--,--,--,--,0.5,0.8954799771308899,0.6789307594299316
4,4500,0.3293237090110779,0.0,0.48375239968299866,0.8299999833106995,0.9300000071525574,0.5014616847038269,0.502436101436615,0.5299643874168396,0.5499406456947327,0.8299999833106995,0.9300000071525574,0.8936884999275208
4,4501,0.18346013128757477,-0.059313394129276276,0.2664170563220978,0.5899999737739563,0.9399999976158142,0.501948893070221,0.502436101436615,0.5399525165557861,0.5499406456947327,0.5899999737739563,0.9399999976158142,0.7898077964782715
4,4502,0.20941241085529327,0.0,0.2985999882221222,0.7099999785423279,0.9300000071525574,0.5,0.5029233694076538,0.5,0.5599287152290344,0.7099999785423279,0.9300000071525574,0.8185582756996155
4,4503,0.27787622809410095,0.0,0.3998585045337677,0.7699999809265137,0.8399999737739563,0.500487208366394,0.5034105777740479,0.5099881291389465,0.569916844367981,0.7699999809265137,0.8399999737739563,0.8173313736915588
4,4504,0.36723342537879944,0.0,0.5380445718765259,0.9200000166893005,0.9599999785423279,0.500487208366394,0.5009744763374329,0.5099881291389465,0.5199762582778931,0.9200000166893005,0.9599999785423279,0.9421952366828918
4,4505,0.32028916478157043,-0.00532654719427228,0.5419972538948059,0.8199999928474426,0.8899999856948853,0.5040273666381836,0.5402738451957703,0.5091531276702881,0.59153151512146,0.8272799849510193,0.919920027256012,0.876640260219574
4,4506,0.23712213337421417,-0.023127121850848198,0.368774950504303,0.6800000071525574,0.8899999856948853,0.5120821595191956,0.5322191119194031,0.527459442615509,0.573225200176239,0.6986100077629089,0.8761900067329407,0.8002063632011414
4,4507,0.19644957780838013,-0.02951740473508835,0.34753814339637756,0.6200000047683716,0.8799999952316284,0.5120821595191956,0.5402738451957703,0.527459442615509,0.59153151512146,0.6426600217819214,0.8629599809646606,0.7690562605857849
4,4508,0.23676328361034393,-0.05118456855416298,0.38109856843948364,0.6399999856948853,0.9200000166893005,0.5120821595191956,0.5322191119194031,0.527459442615509,0.573225200176239,0.6604099869728088,0.8997300267219543,0.8132181167602539
4,4509,0.11615188419818878,-0.04798029735684395,0.18591496348381042,0.550000011920929,0.9100000262260437,0.5120821595191956,0.5161095261573792,0.527459442615509,0.5366126298904419,0.5796599984169006,0.8854600191116333,0.7321418523788452
4,4510,0.03865266591310501,-0.0856608971953392,0.10492344945669174,0.5899999737739563,0.9399999976158142,--,--,--,--,0.5899999737739563,0.9142500162124634,0.6755815148353577
4,4511,0.08303223550319672,-0.010587026365101337,0.1598648726940155,0.5199999809265137,0.9800000190734863,--,--,--,--,0.5377299785614014,0.9800000190734863,0.7537145614624023
4,4512,0.03956916183233261,-0.04838705062866211,0.10371457785367966,0.5400000214576721,0.8100000023841858,--,--,--,--,0.5400000214576721,0.8100000023841858,0.6936916708946228
4,4513,0.11205755174160004,-0.017543353140354156,0.23079775273799896,0.7300000190734863,0.8899999856948853,--,--,--,--,0.7438899874687195,0.8794500231742859,0.8202403783798218
4,4514,0.07735469192266464,-0.040087610483169556,0.18661078810691833,0.699999988079071,0.9399999976158142,--,--,--,--,0.699999988079071,0.9243199825286865,0.8093639612197876
4,4515,0.07785867154598236,-0.006298360880464315,0.12062787264585495,0.6100000143051147,0.7900000214576721,--,--,--,--,0.614139974117279,0.7900000214576721,0.6984304785728455
4,4516,0.08554983139038086,-0.0028627761639654636,0.14436088502407074,0.5600000023841858,0.8399999737739563,--,--,--,--,0.5700399875640869,0.8399999737739563,0.7144753932952881
4,4517,0.06837202608585358,-0.03306811675429344,0.1330794245004654,0.5600000023841858,0.9399999976158142,--,--,--,--,0.5773599743843079,0.9399999976158142,0.7336503267288208
4,4518,0.07703524827957153,-0.02933330647647381,0.18635578453540802,0.5899999737739563,0.9800000190734863,--,--,--,--,0.5899999737739563,0.9800000190734863,0.8468466997146606
4,4519,0.06011911481618881,-0.025575876235961914,0.0880434513092041,0.6399999856948853,0.75,--,--,--,--,0.641789972782135,0.75,0.6790123581886292
4,4520,0.2767468988895416,-0.004706502892076969,0.39982375502586365,0.6499999761581421,0.7599999904632568,0.5158113837242126,0.5505964159965515,0.5474341511726379,0.6517893075942993,0.6499999761581421,0.7982699871063232,0.7567844390869141
4,4521,0.1268707662820816,-0.04741575941443443,0.1987030804157257,0.5,0.949999988079071,0.5031622648239136,0.5094868540763855,0.5094868540763855,0.5284605026245117,0.5,0.949999988079071,0.7601202130317688
4,4522,0.32123255729675293,-0.010286039672791958,0.4682576656341553,0.7799999713897705,0.949999988079071,0.5,0.5126491189002991,0.5,0.5379473567008972,0.7799999713897705,0.949999988079071,0.8847309947013855
4,4523,0.3064573109149933,-0.012706253677606583,0.43989089131355286,0.7400000095367432,0.949999988079071,0.5031622648239136,0.5158113837242126,0.5094868540763855,0.5474341511726379,0.7400000095367432,0.949999988079071,0.8727988600730896
4,4524,0.20077697932720184,-0.04448898881673813,0.34738460183143616,0.550000011920929,0.6000000238418579,0.5474341511726379,0.5980306267738342,0.6423025131225586,0.7940918207168579,0.550000011920929,0.7963700294494629,0.6981764435768127
4,4525,0.23890888690948486,-0.0027526398189365864,0.3617512881755829,0.699999988079071,0.9900000095367432,0.5,0.5088928937911987,0.5,0.5045734643936157,0.7069399952888489,0.9900000095367432,0.853670060634613
4,4526,0.29231223464012146,-0.004503459203988314,0.46171465516090393,0.800000011920929,0.9800000190734863,0.5,0.5177857279777527,0.5,0.5091469883918762,0.800000011920929,0.9756900072097778,0.8872044682502747
4,4527,0.19042813777923584,-0.00864899717271328,0.3093622326850891,0.6399999856948853,0.9900000095367432,0.5088928937911987,0.5088928937911987,0.5045734643936157,0.5045734643936157,0.6399999856948853,0.9816200137138367,0.8076041340827942
4,4528,0.057160694152116776,-0.030168648809194565,0.10590067505836487,0.5299999713897705,0.8399999737739563,0.5088928937911987,0.5622501373291016,0.5045734643936157,0.5320143699645996,0.5299999713897705,0.8325799703598022,0.68428635597229
4,4529,0.09991644322872162,-0.026276495307683945,0.237043097615242,0.6000000238418579,0.6800000071525574,0.6600717902183533,0.7223219275474548,0.5823226571083069,0.6143370270729065,0.6000000238418579,0.7471699714660645,0.6797744035720825
4,4530,0.04987720400094986,-0.07602789998054504,0.11717356741428375,0.5099999904632568,0.9700000286102295,--,--,--,--,0.5099999904632568,0.9416800141334534,0.7168297171592712
4,4531,0.1018797904253006,-0.03342866525053978,0.22967149317264557,0.6499999761581421,0.8600000143051147,--,--,--,--,0.6622499823570251,0.8500000238418579,0.7988651394844055
4,4532,0.036362409591674805,-0.04398444667458534,0.06551102548837662,0.550000011920929,0.9100000262260437,--,--,--,--,0.5532799959182739,0.9100000262260437,0.7047141194343567
4,4533,0.07032347470521927,-0.019644498825073242,0.13927817344665527,0.6200000047683716,0.949999988079071,--,--,--,--,0.630810022354126,0.949999988079071,0.7732277512550354
4,4534,0.053416647017002106,-0.05838608369231224,0.11505275219678879,0.5099999904632568,0.8399999737739563,--,--,--,--,0.5288199782371521,0.8399999737739563,0.6679850816726685
4,4535,0.0999230220913887,-0.09094732999801636,0.1713252067565918,0.5199999809265137,0.9900000095367432,0.5,0.5071537494659424,0.5,0.5069873929023743,0.5199999809265137,0.9676300287246704,0.7517591118812561
4,4536,0.3093239963054657,-0.00765568483620882,0.5224325656890869,0.7599999904632568,0.8600000143051147,0.5929989218711853,0.5929989218711853,0.5908361673355103,0.5908361673355103,0.7599999904632568,0.9284999966621399,0.8610864281654358
4,4537,0.12166154384613037,-0.04091445356607437,0.30140674114227295,0.550000011920929,0.5799999833106995,0.5429225564002991,0.7217665910720825,0.5419243574142456,0.7166092395782471,0.551859974861145,0.7700200080871582,0.6426869034767151
4,4538,0.2706295847892761,0.0,0.5029246807098389,0.5600000023841858,0.5699999928474426,0.7718429565429688,0.8004580140113831,0.7655209898948669,0.7934706211090088,0.5608299970626831,0.9060900211334229,0.7251548171043396
4,4539,0.20402441918849945,-0.037006162106990814,0.3425150513648987,0.699999988079071,0.9800000190734863,0.5071537494659424,0.5071537494659424,0.5069873929023743,0.5069873929023743,0.699999988079071,0.9667699933052063,0.840961217880249
4,4540,0.1604776382446289,-0.027953293174505234,0.20083430409431458,0.5600000023841858,0.7099999785423279,0.5092009902000427,0.5552061200141907,0.5389273762702942,0.7335643172264099,0.576229989528656,0.8115900158882141,0.7186346054077148
4,4541,0.2653777003288269,-0.0012271410087123513,0.3404565751552582,0.6100000143051147,0.7099999785423279,0.5299032926559448,0.5644071102142334,0.6265140175819397,0.7724916934967041,0.6233699917793274,0.8911499977111816,0.7841905951499939
4,4542,0.3659575581550598,0.0,0.5133869051933289,0.8700000047683716,0.8799999952316284,0.5115012526512146,0.5253028273582458,0.5486592054367065,0.6070502996444702,0.8722900152206421,0.9664700031280518,0.9232089519500732
4,4543,0.18680553138256073,0.0,0.277614027261734,0.6899999976158142,0.699999988079071,0.5115012526512146,0.5253028273582458,0.5486592054367065,0.6070502996444702,0.6923499703407288,0.7875999808311462,0.7432622313499451
4,4544,0.23372341692447662,-0.0305620227009058,0.31390494108200073,0.5099999904632568,0.7200000286102295,0.548305332660675,0.5575063824653625,0.7043687701225281,0.7432961463928223,0.5334200263023376,0.8628699779510498,0.7527170181274414
4,4545,0.11421750485897064,-0.010041679255664349,0.1828254908323288,0.5899999737739563,0.8500000238418579,--,--,--,--,0.6011300086975098,0.8500000238418579,0.7360630035400391
4,4546,0.05842909216880798,-0.1526767909526825,0.16243237257003784,0.5099999904632568,0.8500000238418579,--,--,--,--,0.5415899753570557,0.8197199702262878,0.6762771010398865
4,4547,0.08772143721580505,-0.028890492394566536,0.1494259238243103,0.5299999713897705,0.9900000095367432,--,--,--,--,0.5519999861717224,0.9900000095367432,0.7393411993980408
4,4548,0.037987079471349716,-0.06908455491065979,0.08749643713235855,0.5099999904632568,0.7799999713897705,--,--,--,--,0.5099999904632568,0.7799999713897705,0.6475076675415039
4,4549,0.03977830708026886,-0.09416128695011139,0.09226062893867493,0.6299999952316284,0.8700000047683716,--,--,--,--,0.6299999952316284,0.8461199998855591,0.6921002864837646
4,4550,0.3395937979221344,-0.005228813737630844,0.5089520215988159,0.9200000166893005,1.0,0.5,0.5,0.5,0.5,0.9200000166893005,0.9979199767112732,0.9644270539283752
4,4551,0.20903074741363525,0.0,0.2979145348072052,0.7300000190734863,0.9700000286102295,0.5,0.5260071754455566,0.5,0.514954149723053,0.736270010471344,0.9700000286102295,0.8412929773330688
4,4552,0.31988903880119324,-0.004122937563806772,0.4888865053653717,0.8399999737739563,0.9100000262260437,0.5173380970954895,0.5780215859413147,0.5099694132804871,0.5448623895645142,0.8399999737739563,0.9315800070762634,0.8977784514427185
4,4553,0.07388994842767715,-0.00038897551712580025,0.09772093594074249,0.6200000047683716,0.7699999809265137,0.5173380970954895,0.5520143508911133,0.5099694132804871,0.5299082398414612,0.623989999294281,0.7699999809265137,0.6993713974952698
4,4554,0.10221371799707413,-0.034060489386320114,0.1693740338087082,0.5,0.7900000214576721,0.5606834292411804,0.6387050151824951,0.5348929762840271,0.5797553658485413,0.5,0.7827399969100952,0.6999089121818542
4,4555,0.04859083145856857,-0.028992483392357826,0.11466176807880402,0.6100000143051147,0.8799999952316284,--,--,--,--,0.6171200275421143,0.8799999952316284,0.7258775234222412
4,4556,0.07729213684797287,-0.04671969264745712,0.20107561349868774,0.7200000286102295,0.9800000190734863,--,--,--,--,0.7200000286102295,0.9694700241088867,0.8326230049133301
4,4557,0.049303580075502396,-0.10301700234413147,0.12831000983715057,0.5299999713897705,0.7599999904632568,--,--,--,--,0.5406200289726257,0.7599999904632568,0.631958544254303
4,4558,0.05888562276959419,-0.03649359568953514,0.12916935980319977,0.5099999904632568,0.9100000262260437,--,--,--,--,0.5287299752235413,0.9100000262260437,0.7166319489479065
4,4559,0.054645709693431854,-0.026470191776752472,0.12396309524774551,0.5799999833106995,0.8500000238418579,--,--,--,--,0.5799999833106995,0.8429099917411804,0.7366986870765686
4,4560,0.20772358775138855,-0.04343115910887718,0.3096790909767151,0.6499999761581421,0.9700000286102295,0.5112936496734619,0.5112936496734619,0.5165061354637146,0.5165061354637146,0.6670299768447876,0.9519799947738647,0.8275395035743713
4,4561,0.28985127806663513,-0.013080649077892303,0.4390636682510376,0.8299999833106995,0.9800000190734863,0.5,0.505646824836731,0.5,0.5082530975341797,0.838670015335083,0.9720699787139893,0.9013954401016235
4,4562,0.19370317459106445,-0.022941553965210915,0.2847694456577301,0.6899999976158142,0.9200000166893005,0.5112936496734619,0.5112936496734619,0.5165061354637146,0.5165061354637146,0.7035199999809265,0.9078900218009949,0.8033071160316467
4,4563,0.1892061084508896,-0.026120081543922424,0.28977644443511963,0.6700000166893005,0.949999988079071,0.505646824836731,0.5225873589515686,0.5082530975341797,0.5330122709274292,0.6864399909973145,0.9352700114250183,0.8083062767982483
4,4564,0.17685797810554504,-0.02659897319972515,0.27758073806762695,0.6399999856948853,0.8999999761581421,0.5112936496734619,0.5451747179031372,0.5165061354637146,0.5660246014595032,0.6556800007820129,0.886430025100708,0.7771027088165283
4,4565,0.06076958030462265,-0.005251016467809677,0.1247563436627388,0.550000011920929,0.8899999856948853,--,--,--,--,0.5642300248146057,0.8899999856948853,0.714940071105957
4,4566,0.07060441374778748,-0.021361175924539566,0.11574336141347885,0.5099999904632568,0.8700000047683716,--,--,--,--,0.5154500007629395,0.8700000047683716,0.685003936290741
4,4567,0.12221642583608627,-0.018483003601431847,0.21794770658016205,0.6299999952316284,0.949999988079071,--,--,--,--,0.6299999952316284,0.949999988079071,0.8080224990844727
4,4568,0.09892094880342484,-0.022219300270080566,0.18072354793548584,0.6600000262260437,1.0,--,--,--,--,0.6746100187301636,1.0,0.8502414226531982
4,4569,0.044803500175476074,-0.14505045115947723,0.08029909431934357,0.5699999928474426,0.8999999761581421,--,--,--,--,0.5699999928474426,0.8816900253295898,0.6739482283592224
4,4570,0.06822268664836884,-0.019466495141386986,0.14937087893486023,0.699999988079071,0.9700000286102295,--,--,--,--,0.699999988079071,0.9700000286102295,0.8353641629219055
4,4571,0.05090010166168213,-0.03127598389983177,0.09606441855430603,0.6899999976158142,0.9599999785423279,--,--,--,--,0.6918799877166748,0.9599999785423279,0.780109167098999
4,4572,0.06342249363660812,-0.07032421231269836,0.11557585746049881,0.5899999737739563,0.9700000286102295,--,--,--,--,0.5899999737739563,0.9590299725532532,0.8326798677444458
4,4573,0.044251371175050735,-0.022435670718550682,0.08560387045145035,0.5600000023841858,0.8700000047683716,--,--,--,--,0.5784900188446045,0.8700000047683716,0.7457943558692932
4,4574,0.0459965318441391,-0.11914172023534775,0.08862033486366272,0.5899999737739563,0.9800000190734863,--,--,--,--,0.6000000238418579,0.9542499780654907,0.72862309217453
4,4575,0.1271880716085434,-0.02468208596110344,0.24874082207679749,0.5199999809265137,0.699999988079071,0.590213418006897,0.6984695196151733,0.5431455373764038,0.5949202179908752,0.5309600234031677,0.7697799801826477,0.6906107664108276
4,4576,0.27705973386764526,-0.032145049422979355,0.4028182029724121,0.75,0.9900000095367432,0.5090213418006897,0.5090213418006897,0.5043145418167114,0.5043145418167114,0.75,0.9776300191879272,0.8736968636512756
4,4577,0.2828334867954254,-0.027347303926944733,0.4045751094818115,0.7599999904632568,0.949999988079071,0.5,0.5270640254020691,0.5,0.512943685054779,0.7599999904632568,0.9402700066566467,0.8612896800041199
4,4578,0.3917226493358612,-0.005312323570251465,0.5619018077850342,0.9399999976158142,1.0,0.5,0.5,0.5,0.5,0.943120002746582,1.0,0.9703121185302734
4,4579,0.26970338821411133,-0.028228124603629112,0.4173084795475006,0.6700000166893005,0.8399999737739563,0.5541280508041382,0.590213418006897,0.5258873105049133,0.5431455373764038,0.6700000166893005,0.8367199897766113,0.7938604950904846
4,4580,0.04171929135918617,-0.061465781182050705,0.11013589054346085,0.5099999904632568,0.800000011920929,--,--,--,--,0.5099999904632568,0.7861199975013733,0.6700013279914856
4,4581,0.08595936745405197,-0.04393938556313515,0.149217888712883,0.6200000047683716,0.9599999785423279,--,--,--,--,0.6403999924659729,0.9406599998474121,0.7938661575317383
4,4582,0.10721362382173538,-0.021065667271614075,0.16691461205482483,0.7099999785423279,0.949999988079071,--,--,--,--,0.7243199944496155,0.9359899759292603,0.8423378467559814
4,4583,0.06257909536361694,-0.02444945089519024,0.12692809104919434,0.6800000071525574,0.9800000190734863,--,--,--,--,0.6800000071525574,0.9800000190734863,0.7726097702980042
4,4584,0.06554137915372849,-0.001442723092623055,0.10340721905231476,0.6299999952316284,0.9100000262260437,--,--,--,--,0.6377999782562256,0.9100000262260437,0.7557573318481445
4,4585,0.09470057487487793,-0.04112299531698227,0.14626380801200867,0.5099999904632568,0.9599999785423279,0.5052623748779297,0.5078935027122498,0.5192952752113342,0.5289429426193237,0.5358999967575073,0.933139979839325,0.7360002994537354
4,4586,0.2178054004907608,-0.04031219705939293,0.32412734627723694,0.6499999761581421,0.9800000190734863,0.5052623748779297,0.5052623748779297,0.5192952752113342,0.5192952752113342,0.6700000166893005,0.9613999724388123,0.8243266344070435
4,4587,0.3429984450340271,-0.0006649367860518396,0.5010089874267578,0.8600000143051147,0.8799999952316284,0.5026311874389648,0.5315740704536438,0.5096476674079895,0.6157716512680054,0.8617799878120422,0.9178100228309631,0.8870419263839722
4,4588,0.1978493630886078,-0.015797937288880348,0.37693384289741516,0.6100000143051147,0.7200000286102295,0.5420987606048584,0.5657793283462524,0.6543622016906738,0.7411909699440002,0.6181700229644775,0.7917500138282776,0.7198575735092163
4,4589,0.26363587379455566,-0.030701883137226105,0.38768354058265686,0.7200000286102295,0.9700000286102295,0.5052623748779297,0.5078935027122498,0.5192952752113342,0.5289429426193237,0.735230028629303,0.9559999704360962,0.8546696305274963
4,4590,0.0255123283714056,-0.056079763919115067,0.045394763350486755,0.5699999928474426,0.8600000143051147,--,--,--,--,0.5699999928474426,0.8532599806785583,0.6861534118652344
4,4591,0.053373660892248154,-0.02703501656651497,0.09628622233867645,0.699999988079071,0.9700000286102295,--,--,--,--,0.699999988079071,0.9700000286102295,0.8071076273918152
4,4592,0.04909714311361313,-0.06443360447883606,0.08477114140987396,0.7200000286102295,0.949999988079071,--,--,--,--,0.722350001335144,0.9391700029373169,0.8056060671806335
4,4593,0.04151034727692604,-0.060116980224847794,0.07845719903707504,0.550000011920929,0.949999988079071,--,--,--,--,0.550000011920929,0.949999988079071,0.754787802696228
4,4594,0.027586420997977257,-0.07554229348897934,0.05773157626390457,0.5899999737739563,0.7799999713897705,--,--,--,--,0.5943800210952759,0.7799999713897705,0.6593993306159973
4,4595,0.2053939700126648,0.0,0.29666826128959656,0.699999988079071,0.8100000023841858,0.50243079662323,0.5036462545394897,0.5198517441749573,0.5297775864601135,0.699999988079071,0.8100000023841858,0.7650512456893921
4,4596,0.08159520477056503,-0.07525993883609772,0.13556182384490967,0.5,0.9399999976158142,0.501215398311615,0.5036462545394897,0.5099258422851562,0.5297775864601135,0.5,0.9399999976158142,0.7357730269432068
4,4597,0.10047852993011475,-0.07475261390209198,0.15334109961986542,0.5099999904632568,0.9900000095367432,0.5,0.501215398311615,0.5,0.5099258422851562,0.5099999904632568,0.9900000095367432,0.75953209400177
4,4598,0.4031064808368683,0.0,0.588496744632721,0.9399999976158142,0.9800000190734863,0.501215398311615,0.501215398311615,0.5099258422851562,0.5099258422851562,0.9399999976158142,0.9800000190734863,0.9652559757232666
4,4599,0.3249843120574951,0.0,0.47652921080589294,0.8199999928474426,0.949999988079071,0.501215398311615,0.5036462545394897,0.5099258422851562,0.5297775864601135,0.8199999928474426,0.949999988079071,0.8960418105125427
4,4600,0.12722525000572205,-0.04279358312487602,0.227524995803833,0.5299999713897705,0.7799999713897705,0.5515587329864502,0.5703073740005493,0.5971683859825134,0.6325023770332336,0.5299999713897705,0.7799999713897705,0.7071793079376221
4,4601,0.2025211602449417,-0.03808487206697464,0.3144000768661499,0.6399999856948853,0.9300000071525574,0.5187486410140991,0.5234357714653015,0.5353339314460754,0.5441674590110779,0.6399999856948853,0.9300000071525574,0.8035448789596558
4,4602,0.2863069474697113,0.0,0.4102460741996765,0.800000011920929,0.9800000190734863,0.5046871304512024,0.5046871304512024,0.5088334679603577,0.5088334679603577,0.800000011920929,0.9800000190734863,0.8935480713844299
4,4603,0.11716022342443466,-0.027234593406319618,0.15785159170627594,0.5799999833106995,0.7900000214576721,0.514061450958252,0.5656201839447021,0.5265004634857178,0.6236688494682312,0.5799999833106995,0.7900000214576721,0.7181504964828491
4,4604,0.127109095454216,-0.010045086964964867,0.16818729043006897,0.6600000262260437,0.7799999713897705,0.5093743205070496,0.514061450958252,0.5176669955253601,0.5265004634857178,0.6600000262260437,0.7799999713897705,0.7296366691589355
4,4605,0.22154703736305237,-0.007516869809478521,0.3824354410171509,0.6700000166893005,0.7599999904632568,0.595735490322113,0.6108516454696655,0.6641179919242859,0.6900313496589661,0.6736999750137329,0.8245999813079834,0.7640564441680908
4,4606,0.14779071509838104,-0.03968349099159241,0.22657062113285065,0.5699999928474426,0.8999999761581421,0.5352709889411926,0.5352709889411926,0.5604645013809204,0.5604645013809204,0.582830011844635,0.8895800113677979,0.7503425478935242
4,4607,0.06672094017267227,-0.11261046677827835,0.13324205577373505,0.550000011920929,0.6700000166893005,0.5453484058380127,0.5755806565284729,0.5777400732040405,0.6295668482780457,0.5550500154495239,0.6738600134849548,0.6380093693733215
4,4608,0.35093066096305847,-0.0007775418343953788,0.5506638288497925,0.9800000190734863,0.9900000095367432,0.5,0.5050387382507324,0.5,0.5086377859115601,0.980400025844574,0.9896900057792664,0.9861444234848022
4,4609,0.44562339782714844,-0.8722226023674011,0.10155831277370453,0.5199999809265137,0.5699999928474426,0.5302322506904602,0.5705419182777405,0.5518267154693604,0.6209290623664856,0.5223199725151062,0.599590003490448,0.5685223340988159
4,4610,0.05652311444282532,-0.0391286164522171,0.11115808039903641,0.5,0.7599999904632568,0.5388057231903076,0.5620891451835632,0.5315296053886414,0.550447404384613,0.5105299949645996,0.7599999904632568,0.6653014421463013
4,4611,0.06675709038972855,-0.0012881368165835738,0.1066422164440155,0.6499999761581421,0.6600000262260437,0.5232834219932556,0.5388057231903076,0.5189177989959717,0.5315296053886414,0.6499999761581421,0.6868000030517578,0.6707561016082764
4,4612,0.12919342517852783,-0.04025573655962944,0.24970220029354095,0.550000011920929,0.7900000214576721,0.5310445427894592,0.6008948087692261,0.5252237319946289,0.5819770693778992,0.550000011920929,0.7808600068092346,0.6963253617286682
4,4613,0.24005456268787384,-0.004125797655433416,0.35515081882476807,0.6800000071525574,0.75,0.5232834219932556,0.5853725671768188,0.5189177989959717,0.5693652033805847,0.6830400228500366,0.7773500084877014,0.7454587817192078
4,4614,0.15716682374477386,0.0,0.3421834111213684,0.5199999809265137,0.5699999928474426,0.6397005319595337,0.771639883518219,0.6135066747665405,0.7207074165344238,0.5230100154876709,0.7589200139045715,0.6532818675041199
4,4615,0.02672385238111019,-0.07181860506534576,0.06028803065419197,0.550000011920929,0.9900000095367432,--,--,--,--,0.550000011920929,0.9900000095367432,0.6965710520744324
4,4616,0.04660782590508461,-0.052071619778871536,0.10620129108428955,0.5099999904632568,0.8999999761581421,--,--,--,--,0.5099999904632568,0.8969200253486633,0.7424330711364746
4,4617,0.05349286273121834,-0.015093004330992699,0.08377017080783844,0.6000000238418579,0.9300000071525574,--,--,--,--,0.6083599925041199,0.9300000071525574,0.798505961894989
4,4618,0.03536580502986908,-0.09544751793146133,0.06000121682882309,0.5199999809265137,0.9800000190734863,--,--,--,--,0.5199999809265137,0.9659299850463867,0.6976941227912903
4,4619,0.02689621038734913,-0.0584772452712059,0.05425214394927025,0.5,0.9800000190734863,--,--,--,--,0.5126699805259705,0.9800000190734863,0.729870080947876
4,4620,0.10338206589221954,-0.010904468595981598,0.15023566782474518,0.6200000047683716,0.7099999785423279,0.537570595741272,0.6596750617027283,0.5137277245521545,0.5583428144454956,0.6200000047683716,0.7391899824142456,0.7005155086517334
4,4621,0.3458505868911743,-0.004695915151387453,0.5627797842025757,0.9100000262260437,0.9700000286102295,0.518785297870636,0.5281779766082764,0.5068638324737549,0.5102958083152771,0.9100000262260437,0.9682400226593018,0.9481532573699951
4,4622,0.33834782242774963,0.0,0.5422661304473877,0.8899999856948853,0.9200000166893005,0.537570595741272,0.537570595741272,0.5137277245521545,0.5137277245521545,0.8910999894142151,0.9338099956512451,0.9193580746650696
4,4623,0.2604544460773468,-0.0036989531945437193,0.4042188823223114,0.7699999809265137,0.9300000071525574,0.5281779766082764,0.5281779766082764,0.5102958083152771,0.5102958083152771,0.7750999927520752,0.9300000071525574,0.8622490763664246
4,4624,0.1960352510213852,-0.007878740318119526,0.2907361686229706,0.6700000166893005,0.9800000190734863,0.518785297870636,0.518785297870636,0.5068638324737549,0.5068638324737549,0.6797199845314026,0.9800000190734863,0.8353556990623474
4,4625,0.03665655478835106,-0.027581743896007538,0.07087867707014084,0.6499999761581421,0.9900000095367432,--,--,--,--,0.6514099836349487,0.9900000095367432,0.7658268213272095
4,4626,0.023921646177768707,-0.05438484624028206,0.05339478328824043,0.5400000214576721,0.8799999952316284,--,--,--,--,0.5400000214576721,0.8799999952316284,0.6884757876396179
4,4627,0.05121852084994316,-0.036309584975242615,0.09952783584594727,0.5400000214576721,0.8999999761581421,--,--,--,--,0.5466399788856506,0.8972200155258179,0.7605379223823547
4,4628,0.03977270424365997,-0.0946924239397049,0.08321066200733185,0.5299999713897705,0.9300000071525574,--,--,--,--,0.5299999713897705,0.9159899950027466,0.6721559166908264
4,4629,0.05923851206898689,-0.011920631863176823,0.10533855110406876,0.7099999785423279,0.8999999761581421,--,--,--,--,0.7099999785423279,0.8999999761581421,0.810741662979126
4,4630,0.11946629732847214,-0.021950583904981613,0.2174486666917801,0.6800000071525574,0.9900000095367432,--,--,--,--,0.6800000071525574,0.9882400035858154,0.8770449161529541
4,4631,0.10328271985054016,-0.0419878214597702,0.16415314376354218,0.7200000286102295,0.9900000095367432,--,--,--,--,0.7200000286102295,0.9751399755477905,0.831142008304596
4,4632,0.021574735641479492,-0.05219510197639465,0.0476752370595932,0.5,0.7599999904632568,--,--,--,--,0.5111899971961975,0.7599999904632568,0.6471391916275024
4,4633,0.072691909968853,-0.03341814875602722,0.1625990867614746,0.5099999904632568,0.9700000286102295,--,--,--,--,0.5099999904632568,0.9560400247573853,0.7772624492645264
4,4634,0.10173224657773972,-0.03746684268116951,0.2079252153635025,0.5299999713897705,0.9700000286102295,--,--,--,--,0.5299999713897705,0.9700000286102295,0.8154160380363464
4,4635,0.17962488532066345,-0.014829722233116627,0.3317171037197113,0.6800000071525574,0.9100000262260437,0.5585712194442749,0.5585712194442749,0.5130158066749573,0.5130158066749573,0.6800000071525574,0.9004799723625183,0.8080924153327942
4,4636,0.14060503244400024,-0.02815728634595871,0.29411667585372925,0.6200000047683716,0.8799999952316284,0.5585712194442749,0.6073805689811707,0.5130158066749573,0.523862361907959,0.6200000047683716,0.8693600296974182,0.7693465948104858
4,4637,0.1522822082042694,-0.02606790140271187,0.29447612166404724,0.6299999952316284,0.9200000166893005,0.568333089351654,0.568333089351654,0.5151851177215576,0.5151851177215576,0.6299999952316284,0.9079599976539612,0.7900416254997253
4,4638,0.17760737240314484,0.0,0.2724062204360962,0.6700000166893005,0.949999988079071,0.5195237398147583,0.5390474796295166,0.5043386220932007,0.5086772441864014,0.6821799874305725,0.949999988079071,0.8207499980926514
4,4639,0.04981447383761406,-0.14549843966960907,0.07451338320970535,0.5899999737739563,0.7200000286102295,0.5195237398147583,0.6171424388885498,0.5043386220932007,0.5260316729545593,0.596019983291626,0.7200000286102295,0.6747357845306396
4,4640,0.06635904312133789,-0.01294404361397028,0.10433823615312576,0.550000011920929,0.8999999761581421,--,--,--,--,0.5718500018119812,0.8999999761581421,0.8072956800460815
4,4641,0.04014981910586357,-0.11552365124225616,0.06657049059867859,0.5,0.9599999785423279,--,--,--,--,0.5,0.9356300234794617,0.6852765083312988
4,4642,0.09880023449659348,-0.3068940043449402,0.07820058614015579,0.5699999928474426,0.6200000047683716,--,--,--,--,0.5722399950027466,0.6177800297737122,0.5956791043281555
4,4643,0.07130274921655655,-0.002513064304366708,0.12539029121398926,0.7099999785423279,0.949999988079071,--,--,--,--,0.721589982509613,0.949999988079071,0.864275336265564
4,4644,0.05037156492471695,-0.006222973112016916,0.0729542225599289,0.699999988079071,0.9800000190734863,--,--,--,--,0.7146199941635132,0.9800000190734863,0.8488113284111023
4,4645,0.02621481381356716,-0.0722234919667244,0.10074824094772339,0.5799999833106995,0.6200000047683716,0.5244807600975037,0.6071032285690308,0.5761622786521912,0.8332099914550781,0.5799999833106995,0.7348600029945374,0.6523229479789734
4,4646,0.08045365661382675,-0.03200316056609154,0.10866419970989227,0.5400000214576721,0.9599999785423279,0.5030601024627686,0.5030601024627686,0.5095202922821045,0.5095202922821045,0.5400000214576721,0.9599999785423279,0.7418209910392761
4,4647,0.22924841940402985,-0.3614216446876526,0.054378800094127655,0.5099999904632568,0.6600000262260437,0.5275408029556274,0.5336610078811646,0.5856825709342957,0.6047231554985046,0.5099999904632568,0.6600000262260437,0.6136872172355652
4,4648,0.14371314644813538,-0.034241147339344025,0.1945779174566269,0.6100000143051147,0.949999988079071,0.5061202049255371,0.5122403502464294,0.519040584564209,0.538081169128418,0.6100000143051147,0.949999988079071,0.7788180112838745
4,4649,0.2507275938987732,-0.3901965320110321,0.07401926815509796,0.5099999904632568,0.6600000262260437,0.5336610078811646,0.5367211103439331,0.6047231554985046,0.6142434477806091,0.5099999904632568,0.6600000262260437,0.6098201870918274
4,4650,0.32820817828178406,-0.002901397878304124,0.558661937713623,0.8700000047683716,0.9200000166893005,0.5,0.5409095883369446,0.5,0.5287472605705261,0.8700000047683716,0.9177299737930298,0.9030594229698181
4,4651,0.20498979091644287,-0.017828671261668205,0.33603593707084656,0.6600000262260437,0.9700000286102295,0.5081819295883179,0.5245457291603088,0.5057494640350342,0.5172483921051025,0.6600000262260437,0.9544699788093567,0.8295163512229919
4,4652,0.16807615756988525,-0.0036774822510778904,0.3766324520111084,0.5600000023841858,0.6200000047683716,0.7618213295936584,0.8109128475189209,0.6839825510978699,0.7184792757034302,0.5600000023841858,0.7928299903869629,0.6801765561103821
4,4653,0.3721047341823578,0.0,0.6236528158187866,0.9900000095367432,0.9900000095367432,0.5,0.5081819295883179,0.5,0.5057494640350342,0.9900000095367432,0.9931700229644775,0.9912223219871521
4,4654,0.22644181549549103,0.0,0.37389710545539856,0.75,0.8799999952316284,0.5081819295883179,0.5081819295883179,0.5057494640350342,0.5057494640350342,0.7567399740219116,0.8799999952316284,0.8136050701141357
4,4655,0.038520440459251404,-0.1100921630859375,0.036754947155714035,0.5600000023841858,0.8500000238418579,--,--,--,--,0.5600000023841858,0.8337799906730652,0.6571078300476074
4,4656,0.05906805396080017,-0.12520217895507812,0.07017562538385391,0.5099999904632568,0.8899999856948853,--,--,--,--,0.5154299736022949,0.8676199913024902,0.6243051886558533
4,4657,0.034426040947437286,-0.08938466757535934,0.0910710021853447,0.5400000214576721,0.9700000286102295,--,--,--,--,0.5400000214576721,0.9463800191879272,0.7387914657592773
4,4658,0.09070730954408646,-0.28965431451797485,0.028038207441568375,0.5099999904632568,0.6499999761581421,--,--,--,--,0.5099999904632568,0.6426500082015991,0.5688576102256775
4,4659,0.026136109605431557,-0.046026576310396194,0.06294552981853485,0.5199999809265137,0.9100000262260437,--,--,--,--,0.5199999809265137,0.8987100124359131,0.7318933010101318
4,4660,0.06418643891811371,-0.011548933573067188,0.11092644929885864,0.7300000190734863,0.7900000214576721,--,--,--,--,0.7300000190734863,0.7868099808692932,0.7531904578208923
4,4661,0.05718107521533966,-0.03813992813229561,0.09385795891284943,0.6299999952316284,0.9399999976158142,--,--,--,--,0.6299999952316284,0.936489999294281,0.8028225898742676
4,4662,0.03871901333332062,-0.07234825193881989,0.07993698120117188,0.5299999713897705,0.949999988079071,--,--,--,--,0.5299999713897705,0.949999988079071,0.7677200436592102
4,4663,0.0396505668759346,-0.09240777045488358,0.10211681574583054,0.5199999809265137,0.8799999952316284,--,--,--,--,0.5199999809265137,0.8679400086402893,0.7309606671333313
4,4664,0.01619822345674038,-0.03596556559205055,0.05244935303926468,0.5400000214576721,0.9800000190734863,--,--,--,--,0.5429999828338623,0.9800000190734863,0.7088227272033691
4,4665,0.1876838207244873,-0.026512622833251953,0.2672969102859497,0.6899999976158142,1.0,0.5,0.5,0.5,0.5,0.6899999976158142,1.0,0.8508299589157104
4,4666,0.14288535714149475,-0.026829959824681282,0.22149533033370972,0.550000011920929,0.7300000190734863,0.5347088575363159,0.5585712194442749,0.6561899185180664,0.7635704874992371,0.550000011920929,0.8144099712371826,0.7270821332931519
4,4667,0.04491895064711571,-0.02794700860977173,0.10127221792936325,0.550000011920929,0.6499999761581421,0.5260316729545593,0.5498940348625183,0.6171424388885498,0.7245230078697205,0.550000011920929,0.7536699771881104,0.671168863773346
4,4668,0.04497041553258896,-0.05550486966967583,0.09916814416646957,0.5199999809265137,0.7900000214576721,0.517354428768158,0.5195237398147583,0.5780949592590332,0.5878568291664124,0.5199999809265137,0.7900000214576721,0.6933624148368835
4,4669,0.074356310069561,-0.02950034849345684,0.20277763903141022,0.5199999809265137,0.5400000214576721,0.5715870261192322,0.5867722034454346,0.822141706943512,0.890474796295166,0.5199999809265137,0.8335800170898438,0.6739622950553894
4,4670,0.40273693203926086,-0.0007340075098909438,0.586782693862915,0.9300000071525574,0.9399999976158142,0.5,0.5299364328384399,0.5,0.5019523501396179,0.9300000071525574,0.9497100114822388,0.9419013261795044
4,4671,0.16792289912700653,-0.013481145724654198,0.23151494562625885,0.5199999809265137,0.9599999785423279,0.5199576020240784,0.5399152040481567,0.5013015866279602,0.5026031732559204,0.5519700050354004,0.9599999785423279,0.7698543071746826
4,4672,0.17127662897109985,-0.0026120503898710012,0.36430320143699646,0.5400000214576721,0.5699999928474426,0.6995760202407837,0.8991520404815674,0.5130158066749573,0.5260316729545593,0.5400000214576721,0.8239399790763855,0.7003749012947083
4,4673,0.10298550873994827,-0.012467734515666962,0.14664071798324585,0.6299999952316284,0.7099999785423279,0.5199576020240784,0.5798304080963135,0.5013015866279602,0.5052063465118408,0.6299999952316284,0.7125599980354309,0.6915376782417297
4,4674,0.11613424867391586,-0.0767488181591034,0.1895199567079544,0.5099999904632568,0.9300000071525574,0.5498940348625183,0.5598728060722351,0.5032539367675781,0.5039047598838806,0.5099999904632568,0.9005299806594849,0.732418954372406
4,4675,0.07594061642885208,-0.017402520403265953,0.24400344491004944,0.5199999809265137,0.6100000143051147,0.750838577747345,0.8087244033813477,0.5684105157852173,0.5841975808143616,0.5269700288772583,0.7729600071907043,0.6551578044891357
4,4676,0.1547802984714508,-0.00022183294640854,0.23801380395889282,0.5699999928474426,0.9599999785423279,0.5096476674079895,0.5096476674079895,0.5026311874389648,0.5026311874389648,0.5927299857139587,0.9599999785423279,0.7816905975341797
4,4677,0.21103784441947937,0.0,0.3912399113178253,0.6299999952316284,0.7099999785423279,0.7026004195213318,0.7122480273246765,0.5552546381950378,0.5578858256340027,0.6359300017356873,0.8220900297164917,0.7372572422027588
4,4678,0.10991407185792923,-0.01206116657704115,0.2751893401145935,0.550000011920929,0.7300000190734863,0.5192952752113342,0.750838577747345,0.5052623748779297,0.5684105157852173,0.5613200068473816,0.7605400085449219,0.6886253356933594
4,4679,0.14975817501544952,-0.004639104008674622,0.2772403955459595,0.5699999928474426,0.8199999928474426,0.5192952752113342,0.6447145938873291,0.5052623748779297,0.5394676327705383,0.5850499868392944,0.8199999928474426,0.7294405102729797
4,4680,0.05807271972298622,-0.022190524265170097,0.11061656475067139,0.5400000214576721,0.9200000166893005,--,--,--,--,0.5499500036239624,0.9200000166893005,0.735949695110321
4,4681,0.06733056157827377,-0.012108813971281052,0.11679932475090027,0.5799999833106995,0.9599999785423279,--,--,--,--,0.5882599949836731,0.9599999785423279,0.753375768661499
4,4682,0.11979318410158157,-0.036159541457891464,0.1942848563194275,0.6700000166893005,0.8999999761581421,--,--,--,--,0.6806700229644775,0.8899999856948853,0.8266335725784302
4,4683,0.03399718552827835,-0.07042950391769409,0.058069683611392975,0.5299999713897705,0.7599999904632568,--,--,--,--,0.5299999713897705,0.7574899792671204,0.6487765908241272
4,4684,0.08438240736722946,-0.05803469568490982,0.18228779733181,0.5899999737739563,0.9900000095367432,--,--,--,--,0.6135299801826477,0.972790002822876,0.8041799068450928
4,4685,0.17093762755393982,0.0,0.2572370767593384,0.6600000262260437,0.7900000214576721,0.6148008704185486,0.7009015083312988,0.5349394083023071,0.5611439347267151,0.6635599732398987,0.8297899961471558,0.7675132751464844
4,4686,0.34170910716056824,-0.0006660098442807794,0.5133352279663086,0.9599999785423279,0.9700000286102295,0.5,0.5095667243003845,0.5,0.5029116272926331,0.9599999785423279,0.969760000705719,0.9661765098571777
4,4687,0.045028239488601685,-0.14779765903949738,0.0700337141752243,0.5299999713897705,0.7400000095367432,0.5478336811065674,0.6913347840309143,0.5145580768585205,0.558232307434082,0.5354400277137756,0.7400000095367432,0.6679255366325378
4,4688,0.09486810117959976,-0.011025642976164818,0.16851048171520233,0.5400000214576721,0.9900000095367432,0.5,0.5095667243003845,0.5,0.5029116272926331,0.5511400103569031,0.9900000095367432,0.7695622444152832
4,4689,0.05481475964188576,-0.12630480527877808,0.08610022068023682,0.5099999904632568,0.699999988079071,0.6722012758255005,0.7104682326316833,0.5524091124534607,0.5640555620193481,0.5151399970054626,0.7223399877548218,0.6569562554359436
4,4690,0.21059554815292358,-0.011352245695888996,0.3336653709411621,0.7099999785423279,0.8999999761581421,0.5,0.5195403099060059,0.5,0.5042633414268494,0.7099999785423279,0.8899000287055969,0.8073997497558594
4,4691,0.12407781928777695,-0.0017553570214658976,0.20543338358402252,0.6100000143051147,0.7799999713897705,0.5097701549530029,0.6172419190406799,0.5021317005157471,0.5255800485610962,0.6198899745941162,0.7799999713897705,0.7169629335403442
4,4692,0.26762667298316956,-0.009834685362875462,0.4180024266242981,0.7900000214576721,0.9900000095367432,0.5,0.5,0.5,0.5,0.7900000214576721,0.9792100191116333,0.8890249133110046
4,4693,0.23151667416095734,0.0,0.3414100408554077,0.6800000071525574,0.7599999904632568,0.6367822289466858,0.7051733136177063,0.5298433899879456,0.5447651147842407,0.6857200264930725,0.8446099758148193,0.7777460217475891
4,4694,0.2572011351585388,-0.007113184779882431,0.3936458230018616,0.7799999713897705,0.8999999761581421,0.5,0.5097701549530029,0.5,0.5021317005157471,0.7799999713897705,0.8935999870300293,0.8410779237747192
4,4695,0.0893930122256279,-0.004021758679300547,0.14821486175060272,0.6600000262260437,0.9599999785423279,--,--,--,--,0.6646599769592285,0.9599999785423279,0.7975718975067139
4,4696,0.071746826171875,-0.009634544141590595,0.09754844754934311,0.7099999785423279,0.7400000095367432,--,--,--,--,0.7099999785423279,0.7381700277328491,0.7198113799095154
4,4697,0.07994721829891205,-0.0189199335873127,0.15319499373435974,0.6100000143051147,0.9200000166893005,--,--,--,--,0.6210200190544128,0.9200000166893005,0.7679089307785034
4,4698,0.07639069110155106,-0.05118582025170326,0.17536216974258423,0.5299999713897705,0.949999988079071,--,--,--,--,0.5299999713897705,0.949999988079071,0.7958486080169678
4,4699,0.05482505261898041,-0.04158482328057289,0.1094450131058693,0.550000011920929,0.8999999761581421,--,--,--,--,0.565559983253479,0.8999999761581421,0.7362349629402161
4,4700,0.07243652641773224,-0.027992919087409973,0.19110654294490814,0.5899999737739563,0.8999999761581421,--,--,--,--,0.5899999737739563,0.8867999911308289,0.7426624894142151
4,4701,0.020779047161340714,-0.048141371458768845,0.06341622769832611,0.550000011920929,0.7300000190734863,--,--,--,--,0.550000011920929,0.7300000190734863,0.6612975597381592
4,4702,0.0969633236527443,-0.010134452022612095,0.18561246991157532,0.7099999785423279,1.0,--,--,--,--,0.7219399809837341,0.9910899996757507,0.8515903353691101
4,4703,0.03910773620009422,-0.032502174377441406,0.08405566215515137,0.6700000166893005,1.0,--,--,--,--,0.6700000166893005,1.0,0.7790491580963135
4,4704,0.09746133536100388,-0.04606043919920921,0.20703835785388947,0.7099999785423279,0.9399999976158142,--,--,--,--,0.727649986743927,0.9399999976158142,0.8515543341636658
4,4705,0.10827243328094482,-0.05372329428792,0.3924292027950287,0.5099999904632568,0.5699999928474426,0.559422492980957,0.6262728571891785,0.6485562920570374,0.815682053565979,0.5099999904632568,0.8119000196456909,0.657680869102478
4,4706,0.15497153997421265,-0.02102263830602169,0.42807435989379883,0.5299999713897705,0.550000011920929,0.6039893627166748,0.6299867630004883,0.7599734663963318,0.8249668478965759,0.5299999713897705,0.8364999890327454,0.6812711358070374
4,4707,0.21343503892421722,-0.012522324919700623,0.3559820353984833,0.6800000071525574,0.8899999856948853,0.5037139058113098,0.5222834348678589,0.5092847943305969,0.5557085871696472,0.6800000071525574,0.8899999856948853,0.7909467816352844
4,4708,0.14576202630996704,-0.0998745933175087,0.27070462703704834,0.5299999713897705,0.75,0.5185695290565491,0.5668503046035767,0.5464238524436951,0.6671258211135864,0.5299999713897705,0.756659984588623,0.7019197344779968
4,4709,0.36384057998657227,-0.00033560843439772725,0.5549693703651428,0.8299999833106995,0.8600000143051147,0.5111417174339294,0.5445668697357178,0.527854323387146,0.6114171743392944,0.8299999833106995,0.910260021686554,0.8797711133956909
4,4710,0.02543727681040764,-0.06534717231988907,0.07682672142982483,0.5600000023841858,0.8899999856948853,--,--,--,--,0.5600000023841858,0.8899999856948853,0.6875138878822327
4,4711,0.10420885682106018,-0.010952556505799294,0.2206902652978897,0.7599999904632568,0.9200000166893005,--,--,--,--,0.7599999904632568,0.9165800213813782,0.8481460809707642
4,4712,0.05889790877699852,-0.04281213879585266,0.11341673135757446,0.6399999856948853,0.8500000238418579,--,--,--,--,0.6399999856948853,0.8500000238418579,0.736073911190033
4,4713,0.03279154375195503,-0.08885127305984497,0.05445065721869469,0.5099999904632568,0.7900000214576721,--,--,--,--,0.5221800208091736,0.7795199751853943,0.6423131227493286
4,4714,0.03829319775104523,-0.04230834171175957,0.10123816877603531,0.5299999713897705,0.8700000047683716,--,--,--,--,0.5299999713897705,0.8700000047683716,0.7219768166542053
4,4715,0.05518683046102524,-0.07346421480178833,0.12626120448112488,0.5400000214576721,0.9399999976158142,--,--,--,--,0.5400000214576721,0.9399999976158142,0.7496834397315979
4,4716,0.09253204613924026,-0.03167066350579262,0.17684586346149445,0.6899999976158142,0.9900000095367432,--,--,--,--,0.701479971408844,0.9769099950790405,0.8470005989074707
4,4717,0.03167625516653061,-0.09974078834056854,0.04710382968187332,0.5400000214576721,0.8600000143051147,--,--,--,--,0.5400000214576721,0.8481400012969971,0.6589758992195129
4,4718,0.08786230534315109,-0.019174626097083092,0.17378775775432587,0.7200000286102295,0.8799999952316284,--,--,--,--,0.7200000286102295,0.8741099834442139,0.7957198023796082
4,4719,0.07886797189712524,-0.03097725845873356,0.15953080356121063,0.6800000071525574,0.9100000262260437,--,--,--,--,0.6800000071525574,0.9100000262260437,0.7912267446517944
4,4720,0.2569664418697357,0.0,0.37484192848205566,0.6899999976158142,0.7400000095367432,0.5699865221977234,0.6699673533439636,0.5013722777366638,0.5033326745033264,0.6933599710464478,0.8112000226974487,0.766670286655426
4,4721,0.18445460498332977,0.0,0.26768314838409424,0.6000000238418579,0.7099999785423279,0.5899826884269714,0.6899634599685669,0.5017643570899963,0.5037247538566589,0.606190025806427,0.766219973564148,0.7139736413955688
4,4722,0.19387789070606232,-0.04387904331088066,0.29439085721969604,0.6000000238418579,0.9100000262260437,0.5299942493438721,0.5499904155731201,0.5005881190299988,0.5009801983833313,0.6000000238418579,0.8967300057411194,0.7817705273628235
4,4723,0.20695340633392334,0.0,0.3068467378616333,0.6299999952316284,0.6399999856948853,0.729955792427063,0.739953875541687,0.504508912563324,0.5047049522399902,0.6326299905776978,0.8456900119781494,0.7401347160339355
4,4724,0.28671833872795105,-0.022548332810401917,0.43337658047676086,0.7200000286102295,0.8799999952316284,0.5299942493438721,0.5599884986877441,0.5005881190299988,0.5011762380599976,0.7200000286102295,0.8733800053596497,0.8249082565307617
4,4725,0.07722189277410507,-0.2225731760263443,0.07042041420936584,0.5199999809265137,0.7900000214576721,--,--,--,--,0.5306000113487244,0.7900000214576721,0.5868725180625916
4,4726,0.04805709794163704,-0.1526791751384735,0.06837719678878784,0.550000011920929,0.6899999976158142,--,--,--,--,0.5564200282096863,0.6899999976158142,0.6221925616264343
4,4727,0.0860297754406929,-0.0490088127553463,0.20508813858032227,0.5,1.0,--,--,--,--,0.5,0.9938499927520752,0.8523828387260437
4,4728,0.033896297216415405,-0.05656200647354126,0.08590274304151535,0.5299999713897705,0.8399999737739563,--,--,--,--,0.5491300225257874,0.8399999737739563,0.6855077147483826
4,4729,0.06975843012332916,-0.027747269719839096,0.1430276483297348,0.699999988079071,0.8700000047683716,--,--,--,--,0.699999988079071,0.8625199794769287,0.7914398312568665
4,4730,0.03623129054903984,-0.05973175913095474,0.06518079340457916,0.5299999713897705,0.9599999785423279,--,--,--,--,0.5299999713897705,0.9599999785423279,0.6773930788040161
4,4731,0.04166015237569809,-0.05135536193847656,0.07522895187139511,0.6000000238418579,0.8700000047683716,--,--,--,--,0.6120799779891968,0.8700000047683716,0.7159574627876282
4,4732,0.0579061433672905,-0.007408651057630777,0.09456687420606613,0.6399999856948853,0.7900000214576721,--,--,--,--,0.645799994468689,0.7900000214576721,0.7204519510269165
4,4733,0.049142785370349884,-0.026155397295951843,0.07688648998737335,0.6700000166893005,0.8399999737739563,--,--,--,--,0.6751599907875061,0.8399999737739563,0.7227463126182556
4,4734,0.04051247984170914,-0.02607687935233116,0.09414172172546387,0.5400000214576721,0.8899999856948853,--,--,--,--,0.5555099844932556,0.8899999856948853,0.6968193650245667
4,4735,0.04135866090655327,-0.049546919763088226,0.07809119671583176,0.6100000143051147,0.8500000238418579,--,--,--,--,0.6100000143051147,0.8322200179100037,0.702329158782959
4,4736,0.053956981748342514,-0.15776433050632477,0.06254257261753082,0.5400000214576721,0.8899999856948853,--,--,--,--,0.5400000214576721,0.8621000051498413,0.6231783032417297
4,4737,0.025516517460346222,-0.03616981580853462,0.05582522600889206,0.5600000023841858,0.8399999737739563,--,--,--,--,0.5600000023841858,0.8305100202560425,0.7262512445449829
4,4738,0.027568358927965164,-0.055516213178634644,0.05613918974995613,0.5299999713897705,0.7699999809265137,--,--,--,--,0.5382099747657776,0.7699999809265137,0.6423460841178894
4,4739,0.06157480180263519,-0.1773827224969864,0.13693436980247498,0.5099999904632568,0.7300000190734863,--,--,--,--,0.5295000076293945,0.7139400243759155,0.6246181726455688
4,4740,0.06831832230091095,-0.07068668305873871,0.16858461499214172,0.5899999737739563,0.8100000023841858,--,--,--,--,0.5964800119400024,0.8100000023841858,0.7492168545722961
4,4741,0.06930891424417496,-0.02613823488354683,0.1039106622338295,0.5799999833106995,0.9100000262260437,--,--,--,--,0.5799999833106995,0.9100000262260437,0.7634807825088501
4,4742,0.0843917578458786,-0.04994642734527588,0.22126412391662598,0.6499999761581421,1.0,--,--,--,--,0.6499999761581421,1.0,0.8640389442443848
4,4743,0.05632994696497917,-0.03951923921704292,0.0986468717455864,0.5799999833106995,0.8500000238418579,--,--,--,--,0.5799999833106995,0.8500000238418579,0.7339301705360413
4,4744,0.06257082521915436,-0.025632791221141815,0.1485006958246231,0.6899999976158142,0.8199999928474426,--,--,--,--,0.692300021648407,0.8199999928474426,0.7500057816505432
4,4745,0.06838897615671158,-0.15598183870315552,0.15208522975444794,0.5299999713897705,0.9700000286102295,--,--,--,--,0.5299999713897705,0.9439499974250793,0.7660994529724121
4,4746,0.07991328090429306,-0.12638914585113525,0.15986785292625427,0.5600000023841858,0.7599999904632568,--,--,--,--,0.5600000023841858,0.7488999962806702,0.6892483234405518
4,4747,0.05608421191573143,-0.04726190119981766,0.12483856827020645,0.5699999928474426,0.8899999856948853,--,--,--,--,0.576479971408844,0.8899999856948853,0.7537441253662109
4,4748,0.08064370602369308,-0.026139546185731888,0.1291988641023636,0.6299999952316284,0.8999999761581421,--,--,--,--,0.6299999952316284,0.8947200179100037,0.7474265694618225
4,4749,0.08624694496393204,-0.006300564855337143,0.14227601885795593,0.5299999713897705,0.9399999976158142,--,--,--,--,0.5299999713897705,0.9344599843025208,0.715815544128418
4,4750,0.04905311390757561,-0.14108023047447205,0.05643787607550621,0.5600000023841858,0.7699999809265137,--,--,--,--,0.5600000023841858,0.7699999809265137,0.6712459921836853
4,4751,0.04830280691385269,-0.06607136130332947,0.10073396563529968,0.5199999809265137,0.8100000023841858,--,--,--,--,0.5199999809265137,0.8100000023841858,0.6550295948982239
4,4752,0.7221859693527222,-1.925667405128479,0.10935397446155548,0.5099999904632568,0.5400000214576721,--,--,--,--,0.5099999904632568,0.5390700101852417,0.5176051259040833
4,4753,0.053266994655132294,-0.0407489538192749,0.1347886323928833,0.5799999833106995,1.0,--,--,--,--,0.6031100153923035,1.0,0.7998790144920349
4,4754,0.08090201765298843,-0.09127932041883469,0.20183372497558594,0.6700000166893005,0.9399999976158142,--,--,--,--,0.6780700087547302,0.9252399802207947,0.8048222661018372
4,4755,0.19710546731948853,-0.004475592169910669,0.4200495779514313,0.6600000262260437,0.7200000286102295,0.5511561036109924,0.7216763496398926,0.5313537120819092,0.635866105556488,0.6643999814987183,0.8239799737930298,0.7336920499801636
4,4756,0.04531673341989517,-0.011918073520064354,0.06842181086540222,0.6200000047683716,0.6899999976158142,0.5170520544052124,0.5767341256141663,0.5104512572288513,0.5470305681228638,0.6243799924850464,0.6879500150680542,0.6661326885223389
4,4757,0.20823934674263,-0.01906357891857624,0.33541589975357056,0.6800000071525574,0.8999999761581421,0.5426300764083862,0.5511561036109924,0.5261281132698059,0.5313537120819092,0.6925399899482727,0.8934199810028076,0.7916620969772339
4,4758,0.23274056613445282,-0.03790433332324028,0.38501858711242676,0.6600000262260437,0.9200000166893005,0.5,0.5682080984115601,0.5,0.5418049693107605,0.6678799986839294,0.9065499901771545,0.8183630704879761
4,4759,0.20772942900657654,-0.049963876605033875,0.3816971480846405,0.5600000023841858,0.8899999856948853,0.5767341256141663,0.5852601528167725,0.5470305681228638,0.5522562265396118,0.5700600147247314,0.8734700083732605,0.7743346691131592
4,4760,0.044866956770420074,-0.02695464715361595,0.09950386732816696,0.6499999761581421,0.9599999785423279,--,--,--,--,0.6499999761581421,0.9599999785423279,0.8488609194755554
4,4761,0.02334890142083168,-0.0576375275850296,0.042649637907743454,0.6200000047683716,0.8100000023841858,--,--,--,--,0.6200000047683716,0.8054900169372559,0.7019022107124329
4,4762,0.043562956154346466,-0.04847906902432442,0.142133891582489,0.5299999713897705,0.9100000262260437,--,--,--,--,0.5299999713897705,0.8995100259780884,0.7731375694274902
4,4763,0.024682076647877693,-0.07902995496988297,0.031024906784296036,0.6100000143051147,0.8299999833106995,--,--,--,--,0.6100000143051147,0.8229399919509888,0.67697674036026
4,4764,0.02285625971853733,-0.06427813321352005,0.05983014032244682,0.5699999928474426,0.7400000095367432,--,--,--,--,0.5699999928474426,0.7312899827957153,0.6473543643951416
4,4765,0.2518410384654999,0.0,0.36781245470046997,0.6700000166893005,0.949999988079071,0.5024253726005554,0.5097014307975769,0.5097014307975769,0.5388057231903076,0.6700000166893005,0.949999988079071,0.8201326727867126
4,4766,0.25807005167007446,0.0,0.4487638473510742,0.6299999952316284,0.6700000166893005,0.5485071539878845,0.570335328578949,0.6940284967422485,0.7813413143157959,0.6299999952316284,0.8701099753379822,0.7578323483467102
4,4767,0.3021871745586395,0.0,0.4443785846233368,0.75,0.9700000286102295,0.5024253726005554,0.5048506855964661,0.5097014307975769,0.5194028615951538,0.75,0.9700000286102295,0.8659288287162781
4,4768,0.09443638473749161,-0.16616320610046387,0.05391135811805725,0.5099999904632568,0.6499999761581421,0.5072760581970215,0.5412310361862183,0.5291042923927307,0.6649242043495178,0.5099999904632568,0.6735600233078003,0.6235636472702026
4,4769,0.11771005392074585,-0.06362778693437576,0.19752752780914307,0.550000011920929,0.8399999737739563,0.5048506855964661,0.514552116394043,0.5194028615951538,0.5582085251808167,0.550000011920929,0.8399999737739563,0.7117352485656738
4,4770,0.33557355403900146,0.0,0.5427535772323608,0.9399999976158142,0.9399999976158142,0.5477073192596436,0.5477073192596436,0.5149670243263245,0.5149670243263245,0.9399999976158142,0.9696999788284302,0.9546214938163757
4,4771,0.04349302127957344,-0.07739794254302979,0.09495280683040619,0.550000011920929,0.6800000071525574,0.6812878251075745,0.6908292770385742,0.5568746328353882,0.5598680377006531,0.5545700192451477,0.7394899725914001,0.6723252534866333
4,4772,0.2631508708000183,-0.0031480982434004545,0.41347935795783997,0.8199999928474426,0.9900000095367432,0.5,0.5095414519309998,0.5,0.5029934048652649,0.8249599933624268,0.9900000095367432,0.9068801999092102
4,4773,0.1850070357322693,0.0,0.27852895855903625,0.6600000262260437,0.8199999928474426,0.5954146385192871,0.6335805058479309,0.5299339890480042,0.5419076085090637,0.665120005607605,0.8283900022506714,0.7754335999488831
4,4774,0.038349781185388565,-0.07470949739217758,0.08681298047304153,0.5699999928474426,0.6899999976158142,0.5381658673286438,0.7480781078338623,0.5119736194610596,0.5778284072875977,0.5740200281143188,0.7510799765586853,0.6739229559898376
4,4775,0.22972719371318817,-0.04949110373854637,0.3057824373245239,0.6700000166893005,1.0,0.5,0.5,0.5,0.5,0.6938300132751465,0.9774600267410278,0.8374925255775452
4,4776,0.29227927327156067,-0.03269270807504654,0.39838871359825134,0.7599999904632568,0.9700000286102295,0.5,0.5058001279830933,0.5,0.5191404819488525,0.7752199769020081,0.9557600021362305,0.8702875971794128
4,4777,0.2645907700061798,-0.03796965256333351,0.35854873061180115,0.7099999785423279,0.9399999976158142,0.5058001279830933,0.5087002515792847,0.5191404819488525,0.5287107229232788,0.7267600297927856,0.9245499968528748,0.836024820804596
4,4778,0.22981204092502594,-0.05041469261050224,0.3109874129295349,0.6399999856948853,0.949999988079071,0.5116003155708313,0.5116003155708313,0.5382809638977051,0.5382809638977051,0.662630021572113,0.9292399883270264,0.8122153282165527
4,4779,0.13473261892795563,-0.06216667219996452,0.2507386803627014,0.5099999904632568,0.7699999809265137,0.5174004435539246,0.5667017102241516,0.5574214458465576,0.720115602016449,0.529670000076294,0.7663800120353699,0.6957362294197083
4,4780,0.29176971316337585,0.0,0.5318391919136047,0.75,0.7699999809265137,0.5626099109649658,0.5894427299499512,0.6252198219299316,0.6788854598999023,0.7544500231742859,0.9450600147247314,0.8389004468917847
4,4781,0.29488638043403625,0.0,0.4762643873691559,0.7099999785423279,0.7900000214576721,0.5313049554824829,0.5939148664474487,0.5626099109649658,0.6878297328948975,0.7179499864578247,0.867139995098114,0.8143573999404907
4,4782,0.194309800863266,-0.06948717683553696,0.3139124810695648,0.6200000047683716,0.9900000095367432,0.5,0.5044721364974976,0.5,0.5089442729949951,0.6457499861717224,0.9587900042533875,0.8203202486038208
4,4783,0.36254027485847473,0.0,0.5973218679428101,0.9200000166893005,0.9200000166893005,0.5089442729949951,0.5134164094924927,0.5178885459899902,0.5268328189849854,0.9202600121498108,0.9473999738693237,0.9315181970596313
4,4784,0.17487961053848267,-0.05524986982345581,0.29776623845100403,0.5899999737739563,0.9200000166893005,0.5178885459899902,0.5268328189849854,0.5357770919799805,0.5536656379699707,0.6200600266456604,0.8980100154876709,0.7659350037574768
4,4785,0.11133681237697601,-0.0021978202275931835,0.18199633061885834,0.6700000166893005,0.699999988079071,0.5015740394592285,0.5157405138015747,0.5199379920959473,0.6993796229362488,0.6700000166893005,0.739549994468689,0.7060126066207886
4,4786,0.1819305419921875,-0.036503277719020844,0.27642297744750977,0.5899999737739563,0.9700000286102295,0.5,0.5007870197296143,0.5,0.5099689960479736,0.5899999737739563,0.9700000286102295,0.8014258146286011
4,4787,0.3796781301498413,0.0,0.5707077980041504,0.9399999976158142,0.9599999785423279,0.5023610591888428,0.503148078918457,0.5299069285392761,0.5398759245872498,0.9399999976158142,0.9669399857521057,0.9563295841217041
4,4788,0.1482498198747635,-0.058454737067222595,0.2620398998260498,0.550000011920929,0.8899999856948853,0.503148078918457,0.5078702569007874,0.5398759245872498,0.5996898412704468,0.550000011920929,0.8899999856948853,0.7534119486808777
4,4789,0.10627203434705734,-0.022863728925585747,0.2552565932273865,0.6000000238418579,0.6800000071525574,0.5110183358192444,0.5243977904319763,0.6395657658576965,0.8090384006500244,0.6000000238418579,0.7613000273704529,0.6914315223693848
4,4790,0.2958250045776367,0.0,0.41951850056648254,0.7599999904632568,0.7799999713897705,0.5499657392501831,0.5499657392501831,0.5018506050109863,0.5018506050109863,0.7620199918746948,0.8303800225257874,0.8004215359687805
4,4791,0.18896055221557617,-0.02511795610189438,0.27619320154190063,0.6100000143051147,0.8199999928474426,0.5199862718582153,0.5799452066421509,0.5007402300834656,0.5029609203338623,0.6233400106430054,0.8199999928474426,0.7403773069381714
4,4792,0.1839253455400467,-0.02573281340301037,0.2402835339307785,0.6399999856948853,0.8600000143051147,0.5099931359291077,0.5399726033210754,0.5003701448440552,0.5014804601669312,0.6535599827766418,0.8600000143051147,0.758666455745697
4,4793,0.11136802285909653,-0.07945305109024048,0.19157525897026062,0.5,0.75,0.5699520111083984,0.6199177503585815,0.5025908350944519,0.5044413805007935,0.5,0.736810028553009,0.6908588409423828
4,4794,0.037187881767749786,-0.10973359644412994,0.08825657516717911,0.5299999713897705,0.7300000190734863,0.5199862718582153,0.5599588751792908,0.5007402300834656,0.5022206902503967,0.5299999713897705,0.7186999917030334,0.6611605882644653
4,4795,0.10913468152284622,-0.01132719311863184,0.19937509298324585,0.5199999809265137,0.9900000095367432,--,--,--,--,0.5406200289726257,0.9900000095367432,0.8049812316894531
4,4796,0.09483053535223007,-0.0355074405670166,0.2121216058731079,0.7099999785423279,1.0,--,--,--,--,0.7099999785423279,1.0,0.8629908561706543
4,4797,0.06907676160335541,-0.056234635412693024,0.12728646397590637,0.5899999737739563,0.9900000095367432,--,--,--,--,0.5899999737739563,0.9819999933242798,0.7894791960716248
4,4798,0.052239544689655304,-0.04178544878959656,0.09633316099643707,0.5400000214576721,0.9599999785423279,--,--,--,--,0.5504099726676941,0.9599999785423279,0.6926631331443787
4,4799,0.08697354793548584,-0.02334626391530037,0.1640802025794983,0.6000000238418579,0.8399999737739563,--,--,--,--,0.6131200194358826,0.8399999737739563,0.7314902544021606
4,4800,0.3341010510921478,-0.022030936554074287,0.4735928475856781,0.5799999833106995,0.8316487669944763,0.5266692638397217,0.6655334830284119,0.5137386918067932,0.5852748155593872,0.6105999946594238,0.896120011806488,0.830384373664856
4,4801,0.28095293045043945,-0.03636932373046875,0.4097387194633484,0.5199999809265137,0.7844948172569275,0.5266692638397217,0.6985855102539062,0.5137386918067932,0.6023015975952148,0.5554100275039673,0.8640900254249573,0.7846807837486267
4,4802,0.36786705255508423,-0.020296011120080948,0.49234431982040405,0.6000000238418579,0.9781028628349304,0.5088897347450256,0.5366625785827637,0.5045795440673828,0.5188868045806885,0.6426699757575989,0.9755799770355225,0.9040822386741638
4,4803,0.40276986360549927,-0.026012705639004707,0.5367408990859985,0.7900000214576721,0.9805238246917725,0.5088897347450256,0.5177782773971558,0.5045795440673828,0.5091584920883179,0.8174800276756287,0.9802200198173523,0.9307152032852173
4,4804,0.3673812448978424,-0.012462425976991653,0.49391546845436096,0.6600000262260437,0.9489351511001587,0.5088897347450256,0.5270383358001709,0.5045795440673828,0.5139288306236267,0.6907399892807007,0.9467899799346924,0.8913036584854126
4,4805,0.18734736740589142,-0.039022576063871384,0.32994547486305237,0.5600000023841858,0.9704294204711914,--,--,--,--,0.6130899786949158,0.968529999256134,0.8859611749649048
4,4806,0.17337307333946228,-0.041270337998867035,0.2880884110927582,0.6200000047683716,0.9894056916236877,--,--,--,--,0.6499999761581421,0.9874600172042847,0.8661402463912964
4,4807,0.157463937997818,-0.03642813488841057,0.2681237757205963,0.6100000143051147,0.9718547463417053,--,--,--,--,0.6421599984169006,0.969510018825531,0.8389643430709839
4,4808,0.16935281455516815,-0.04052301496267319,0.2931056320667267,0.6000000238418579,1.0066965818405151,--,--,--,--,0.6367800235748291,1.0047999620437622,0.8814469575881958
4,4809,0.14238424599170685,-0.05087050423026085,0.24475903809070587,0.5600000023841858,1.0037959814071655,--,--,--,--,0.6215000152587891,1.0020999908447266,0.8170443773269653
4,4810,0.09557700902223587,-0.11456787586212158,0.20601290464401245,0.5,0.8200234174728394,--,--,--,--,0.5,0.817579984664917,0.6898656487464905
4,4811,0.07404547184705734,-0.15255719423294067,0.16325554251670837,0.5299999713897705,0.9612680077552795,--,--,--,--,0.5299999713897705,0.9591599702835083,0.7743421792984009
4,4812,0.06534933298826218,-0.10358039289712906,0.16199995577335358,0.5600000023841858,1.0280194282531738,--,--,--,--,0.5929499864578247,1.026900053024292,0.8906257748603821
4,4813,0.08593358844518661,-0.022675763815641403,0.16160893440246582,0.5799999833106995,0.8815703988075256,--,--,--,--,0.6085100173950195,0.8805999755859375,0.8207609057426453
4,4814,0.09473960846662521,-0.10720662772655487,0.17284385859966278,0.6299999952316284,0.9979656338691711,--,--,--,--,0.6299999952316284,0.9959200024604797,0.9020907282829285
4,4815,0.35473278164863586,-0.04169174283742905,0.4999089241027832,0.7099999785423279,0.9345670938491821,0.5,0.5294802188873291,0.5,0.5272965431213379,0.7099999785423279,0.933210015296936,0.8832356333732605
4,4816,0.3638153672218323,-0.03200816363096237,0.5190029740333557,0.75,1.0087121725082397,0.5,0.5082548260688782,0.5,0.5076433420181274,0.75,1.0080000162124634,0.9379241466522217
4,4817,0.34007522463798523,-0.04125579819083214,0.48131898045539856,0.6899999976158142,1.0093793869018555,0.5,0.5,0.5,0.5,0.6899999976158142,1.0080000162124634,0.9199779629707336
4,4818,0.3481151759624481,-0.04419705271720886,0.49144795536994934,0.6800000071525574,0.9911747574806213,0.5,0.5149794816970825,0.5,0.5138698816299438,0.6800000071525574,0.9896699786186218,0.912044107913971
4,4819,0.25536659359931946,-0.05485418811440468,0.3535293638706207,0.5899999737739563,0.8181642293930054,0.5073376297950745,0.5383375883102417,0.5067940950393677,0.535497784614563,0.5899999737739563,0.816789984703064,0.7726998329162598
4,4820,0.11739622801542282,-0.05862646549940109,0.2397615909576416,0.5899999737739563,1.0138461589813232,--,--,--,--,0.5899999737739563,1.013800024986267,0.8814290165901184
4,4821,0.12733963131904602,-0.00787720549851656,0.22976352274417877,0.5600000023841858,0.9731952548027039,--,--,--,--,0.5848900079727173,0.9731699824333191,0.8377819657325745
4,4822,0.12768830358982086,-0.05673971027135849,0.22251658141613007,0.5199999809265137,0.9185206890106201,--,--,--,--,0.5739099979400635,0.918470025062561,0.8184257745742798
4,4823,0.10627672076225281,-0.04336116835474968,0.1867503821849823,0.5899999737739563,0.9884410500526428,--,--,--,--,0.6575999855995178,0.9827200174331665,0.8520694375038147
4,4824,0.13513296842575073,-0.0700163021683693,0.2456045001745224,0.5099999904632568,0.9286982417106628,--,--,--,--,0.5747500061988831,0.9286500215530396,0.819095253944397
4,4825,0.28037914633750916,-0.12938010692596436,0.40389329195022583,0.5600000023841858,0.9748323559761047,0.5,0.512131929397583,0.5,0.5164138078689575,0.5600000023841858,0.9747300148010254,0.8778985738754272
4,4826,0.35610735416412354,0.0,0.5620583295822144,0.8700000047683716,0.9410190582275391,0.5059438943862915,0.5360255837440491,0.5080417394638062,0.5487405061721802,0.8700000047683716,0.9509299993515015,0.9336532354354858
4,4827,0.23392514884471893,-0.047496192157268524,0.39393502473831177,0.6600000262260437,0.7740828394889832,0.5356634855270386,0.6091315150260925,0.5482505559921265,0.6476485133171082,0.6600000262260437,0.8334199786186218,0.7796254754066467
4,4828,0.296225368976593,-0.02534778043627739,0.4813663363456726,0.7300000190734863,0.8516436815261841,0.5,0.588476836681366,0.5,0.6197039484977722,0.7300000190734863,0.8874899744987488,0.8453413248062134
4,4829,0.1985282003879547,-0.15498867630958557,0.35367658734321594,0.5,0.7579881548881531,0.5356634855270386,0.6439883708953857,0.5482505559921265,0.694807767868042,0.5,0.8123800158500671,0.7404121160507202
4,4830,0.3134200870990753,-0.03665754944086075,0.4531809687614441,0.6800000071525574,0.9202234745025635,0.5,0.5437256097793579,0.5,0.5674102902412415,0.7099999785423279,0.9190099835395813,0.8618664145469666
4,4831,0.13067346811294556,-0.01307043619453907,0.26593902707099915,0.5199999809265137,0.6467462182044983,0.5,0.69368976354599,0.5,0.7986050248146057,0.5377100110054016,0.7816100120544434,0.6874797940254211
4,4832,0.26356640458106995,-0.01761702261865139,0.381369411945343,0.5,1.0441219806671143,0.5,0.5061219334602356,0.5,0.5094379186630249,0.5597500205039978,1.0428999662399292,0.887249231338501
4,4833,0.2381090670824051,-0.062235042452812195,0.32711780071258545,0.5,0.8105481863021851,0.5272095799446106,0.5913090109825134,0.5419480800628662,0.6407680511474609,0.5460799932479858,0.809149980545044,0.7550635933876038
4,4834,0.2079378217458725,-0.03584841638803482,0.28015369176864624,0.6000000238418579,0.7603797316551208,0.5054419040679932,0.5656247735023499,0.5083895921707153,0.6011714935302734,0.6238300204277039,0.7707700133323669,0.7373214364051819
4,4835,0.37350332736968994,-0.02224636822938919,0.517229437828064,0.5,0.8136098980903625,0.5070710778236389,0.6330578923225403,0.5070710778236389,0.6330578923225403,0.5511199831962585,0.8700699806213379,0.8131048083305359
4,4836,0.43017011880874634,-0.009410597383975983,0.617909848690033,0.8100000023841858,0.9240739941596985,0.521213173866272,0.542593777179718,0.521213173866272,0.542593777179718,0.8304100036621094,0.9456700086593628,0.9229453802108765
4,4837,0.29814252257347107,-0.06266935169696808,0.40957707166671753,0.5400000214576721,0.8812386393547058,0.5141421556472778,0.5430122017860413,0.5141421556472778,0.5430122017860413,0.6079400181770325,0.8792300224304199,0.7978898286819458
4,4838,0.3521437346935272,0.0,0.5392793416976929,0.5899999737739563,0.6099989414215088,0.521213173866272,0.746827244758606,0.521213173866272,0.746827244758606,0.5963900089263916,0.8777099847793579,0.7661508917808533
4,4839,0.40076521039009094,-0.013545691035687923,0.594039797782898,0.5600000023841858,0.8084737658500671,0.6343502998352051,0.6423046588897705,0.6343502998352051,0.6423046588897705,0.6053400039672852,0.9565100073814392,0.8588941693305969
4,4840,0.25845155119895935,-0.02553776279091835,0.4869096279144287,0.550000011920929,0.6920375227928162,0.7125085592269897,0.7511457204818726,0.5569219589233398,0.5672711730003357,0.550000011920929,0.8784899711608887,0.7529910206794739
4,4841,0.2945654094219208,-0.04285982623696327,0.48397204279899597,0.5899999737739563,0.9318119883537292,0.557956874370575,0.5776757597923279,0.51552414894104,0.5208060145378113,0.5899999737739563,0.930079996585846,0.8644641041755676
4,4842,0.2584070563316345,-0.07504735887050629,0.3861052691936493,0.5,0.7900053858757019,0.5386379361152649,0.6663835048675537,0.510349452495575,0.5445669889450073,0.5,0.7955700159072876,0.7433972954750061
4,4843,0.2671898305416107,-0.04501599073410034,0.43136879801750183,0.6100000143051147,1.007879614830017,0.509659469127655,0.509659469127655,0.5025873780250549,0.5025873780250549,0.6100000143051147,1.0039000511169434,0.8984615206718445
4,4844,0.2727031111717224,-0.04360418766736984,0.43970638513565063,0.5699999928474426,0.8255227208137512,0.5289784669876099,0.625820517539978,0.50776207447052,0.5337019562721252,0.5699999928474426,0.8422399759292603,0.7946638464927673
4,4845,0.01864382065832615,-0.03949129581451416,0.0528474822640419,0.6499999761581421,0.9466971158981323,--,--,--,--,0.656059980392456,0.9444000124931335,0.7745566368103027
4,4846,0.08986994624137878,-0.053580813109874725,0.19533373415470123,0.5,0.9759213328361511,--,--,--,--,0.5,0.9740399718284607,0.8069255352020264
4,4847,0.04615934565663338,-0.04399280250072479,0.11622831225395203,0.5199999809265137,0.9824650287628174,--,--,--,--,0.5438299775123596,0.9789800047874451,0.7979732155799866
4,4848,0.07156795263290405,-0.060927022248506546,0.14586341381072998,0.5600000023841858,0.8180355429649353,--,--,--,--,0.5783900022506714,0.8174099922180176,0.7482995390892029
4,4849,0.06568650156259537,-0.05248153954744339,0.15469099581241608,0.5199999809265137,0.9431999921798706,--,--,--,--,0.5400000214576721,0.9431999921798706,0.8392131924629211
4,4850,0.1263124793767929,-0.007219469640403986,0.18857887387275696,0.6000000238418579,0.6700896620750427,0.5276058316230774,0.5627878904342651,0.6064796447753906,0.7421818971633911,0.6108899712562561,0.7670599818229675,0.6942980885505676
4,4851,0.25625625252723694,-0.02899913303554058,0.359317809343338,0.5600000023841858,0.9632003307342529,0.5075288414955139,0.510036826133728,0.5290399193763733,0.5387134552001953,0.6031100153923035,0.9621800184249878,0.8569355607032776
4,4852,0.29522478580474854,-0.025708362460136414,0.42180758714675903,0.6499999761581421,0.8799993991851807,0.5225865840911865,0.5277094841003418,0.5871196985244751,0.6068793535232544,0.6767399907112122,0.8794699907302856,0.8315146565437317
4,4853,0.15683840215206146,-0.01767054758965969,0.22257448732852936,0.5799999833106995,0.7200329303741455,0.502509593963623,0.5527206659317017,0.5096799731254578,0.7033511400222778,0.5999900102615356,0.7645999789237976,0.7102450132369995
4,4854,0.28271934390068054,-0.025152156129479408,0.39293766021728516,0.6700000166893005,0.8899993896484375,0.5,0.5217804312705994,0.5,0.5840103626251221,0.6955699920654297,0.8894799947738647,0.8357407450675964
4,4855,0.36686986684799194,-0.05925305560231209,0.5785215497016907,0.5899999737739563,0.7791662812232971,0.5332807302474976,0.6571109294891357,0.537314772605896,0.6761546730995178,0.5899999737739563,0.9628099799156189,0.8485597372055054
4,4856,0.3836352527141571,-0.060327041894197464,0.5260288119316101,0.800000011920929,1.005208134651184,0.5,0.5,0.5,0.5,0.800000011920929,1.0038000345230103,0.9516947865486145
4,4857,0.41384801268577576,-0.02869066223502159,0.584184467792511,0.8399999737739563,0.9307371377944946,0.5133122801780701,0.543262243270874,0.5149258971214294,0.5485062003135681,0.8399999737739563,0.9714599847793579,0.9365841746330261
4,4858,0.29720500111579895,-0.08949807286262512,0.43738964200019836,0.5199999809265137,0.7371724843978882,0.539936900138855,0.6135459542274475,0.5447777509689331,0.6273091435432434,0.5199999809265137,0.8428199887275696,0.7666588425636292
4,4859,0.3870845437049866,-0.052432119846343994,0.5287296772003174,0.8199999928474426,0.990972638130188,0.5,0.5066561102867126,0.5,0.5074629187583923,0.8199999928474426,0.9883700013160706,0.9432709217071533
4,4860,0.06321636587381363,-0.0712316706776619,0.13550715148448944,0.5299999713897705,0.925228476524353,--,--,--,--,0.5299999713897705,0.9244700074195862,0.7955961227416992
4,4861,0.06708411127328873,-0.042823247611522675,0.11919529736042023,0.5699999928474426,0.8510308861732483,--,--,--,--,0.5955600142478943,0.8492299914360046,0.7552824020385742
4,4862,0.06670751422643661,-0.045689791440963745,0.113561250269413,0.5099999904632568,0.7601295113563538,--,--,--,--,0.5099999904632568,0.7600399851799011,0.6870392560958862
4,4863,0.05770279839634895,-0.07000800222158432,0.14374715089797974,0.5,0.9425780177116394,--,--,--,--,0.5,0.9394999742507935,0.784166157245636
4,4864,0.08393482118844986,-0.03796211630105972,0.13393697142601013,0.5799999833106995,0.8703635334968567,--,--,--,--,0.5799999833106995,0.8702300190925598,0.7789891958236694
4,4865,0.08685129135847092,-0.04959816113114357,0.15023428201675415,0.6899999976158142,0.9865281581878662,--,--,--,--,0.6899999976158142,0.9842299818992615,0.8910484313964844
4,4866,0.09561315923929214,-0.02559676580131054,0.16906923055648804,0.6100000143051147,0.8902468681335449,--,--,--,--,0.6399499773979187,0.88919997215271,0.8357062339782715
4,4867,0.06387639045715332,-0.03776231035590172,0.12586000561714172,0.5299999713897705,0.9103548526763916,--,--,--,--,0.5551400184631348,0.908270001411438,0.7846221923828125
4,4868,0.09378848969936371,-0.018742704764008522,0.152382954955101,0.699999988079071,0.9256187677383423,--,--,--,--,0.7240700125694275,0.9250400066375732,0.8456730842590332
4,4869,0.060458313673734665,-0.07606589049100876,0.13923294842243195,0.5299999713897705,0.9908344149589539,--,--,--,--,0.5299999713897705,0.9877399802207947,0.8328816294670105
4,4870,0.11733219027519226,-0.09321880340576172,0.21525871753692627,0.5199999809265137,0.940138041973114,--,--,--,--,0.5199999809265137,0.935670018196106,0.8025758862495422
4,4871,0.10417679697275162,-0.02771265245974064,0.18430601060390472,0.6100000143051147,1.0048186779022217,--,--,--,--,0.6100000143051147,0.9970499873161316,0.825651228427887
4,4872,0.12140430510044098,-0.02741111069917679,0.23232042789459229,0.6600000262260437,0.9452645778656006,--,--,--,--,0.6600000262260437,0.9376099705696106,0.8336347341537476
4,4873,0.12224563211202621,-0.030376629903912544,0.22459988296031952,0.5699999928474426,0.9865671992301941,--,--,--,--,0.6212300062179565,0.9847800135612488,0.8533795475959778
4,4874,0.1345069706439972,-0.11890023201704025,0.23785404860973358,0.5400000214576721,0.9803524613380432,--,--,--,--,0.550000011920929,0.9771299958229065,0.8165497779846191
4,4875,0.287968248128891,-0.03262185677886009,0.4264986515045166,0.550000011920929,1.0123567581176758,0.5,0.5109597444534302,0.5,0.5167280435562134,0.6221100091934204,1.0047999620437622,0.8838083744049072
4,4876,0.3155933618545532,-0.028177257627248764,0.4777769148349762,0.5699999928474426,0.9456307291984558,0.5109605193138123,0.5452120900154114,0.5167292356491089,0.5690078735351562,0.6297299861907959,0.9399200081825256,0.8593665957450867
4,4877,0.331208735704422,-0.02493826113641262,0.49422910809516907,0.6399999856948853,0.9669479131698608,0.5,0.5292275547981262,0.5,0.5446105003356934,0.6933500170707703,0.9610599875450134,0.8871287703514099
4,4878,0.3244958519935608,-0.02321397326886654,0.4900689125061035,0.6299999952316284,0.8880311250686646,0.5109605193138123,0.5445271134376526,0.5167292356491089,0.5679624080657959,0.6745700240135193,0.8822799921035767,0.8359807133674622
4,4879,0.30091026425361633,-0.04205762967467308,0.4579755365848541,0.550000011920929,0.8899636268615723,0.543842077255249,0.5550309419631958,0.5669168829917908,0.5839946269989014,0.6155099868774414,0.8846700191497803,0.8108149170875549
4,4880,0.20358066260814667,-0.028699705377221107,0.3384910523891449,0.5600000023841858,0.650307297706604,0.5187733769416809,0.728721559047699,0.5068963766098022,0.58402019739151,0.577970027923584,0.8280199766159058,0.732172966003418
4,4881,0.3426440954208374,-0.03621743246912956,0.45055025815963745,0.5600000023841858,0.9311302900314331,0.5187733769416809,0.5564872026443481,0.5068963766098022,0.5207504034042358,0.6190900206565857,0.9259499907493591,0.8693682551383972
4,4882,0.42565903067588806,-0.014652702026069164,0.5587334632873535,0.8199999928474426,0.9669110774993896,0.5093867182731628,0.5285502076148987,0.5034481883049011,0.5104878544807434,0.843999981880188,0.9649199843406677,0.9454304575920105
4,4883,0.33862608671188354,-0.016542913392186165,0.5042991042137146,0.5699999928474426,0.774529218673706,0.6595738530158997,0.6971085071563721,0.55861896276474,0.5724071860313416,0.6021299958229065,0.9411299824714661,0.8437508344650269
4,4884,0.287751168012619,-0.03043459728360176,0.39659541845321655,0.6299999952316284,0.7933124303817749,0.5187733769416809,0.5980868935585022,0.5068963766098022,0.5360319018363953,0.6591200232505798,0.8461599946022034,0.7990605235099792
4,4885,0.2597067058086395,-0.061567552387714386,0.399493008852005,0.5099999904632568,0.8945313096046448,0.5541769862174988,0.5696561336517334,0.544326663017273,0.5569913983345032,0.5099999904632568,0.8937199711799622,0.8115946650505066
4,4886,0.31544438004493713,-0.02574332244694233,0.49262121319770813,0.6800000071525574,0.893749475479126,0.5309582948684692,0.5878097414970398,0.5253295302391052,0.5718443393707275,0.6800000071525574,0.8933699727058411,0.8561460971832275
4,4887,0.23244012892246246,-0.04099973291158676,0.361402302980423,0.5799999833106995,0.7700300812721252,0.5077395439147949,0.6940947771072388,0.5063323974609375,0.6588048338890076,0.5799999833106995,0.8230999708175659,0.7551860809326172
4,4888,0.27076712250709534,-0.04589025303721428,0.4067181944847107,0.550000011920929,0.9616556763648987,0.5077395439147949,0.5311517715454102,0.5063323974609375,0.5254877805709839,0.550000011920929,0.9602299928665161,0.8618422746658325
4,4889,0.18352852761745453,-0.038603879511356354,0.2842884361743927,0.5400000214576721,0.7248055338859558,0.5464374423027039,0.6808014512062073,0.5379942655563354,0.6479284763336182,0.5400000214576721,0.7844399809837341,0.7190335392951965
4,4890,0.11344251781702042,-0.09382314234972,0.19784128665924072,0.5400000214576721,0.988166093826294,--,--,--,--,0.5774400234222412,0.9863200187683105,0.8673308491706848
4,4891,0.1118992269039154,-0.19669069349765778,0.18547935783863068,0.5199999809265137,0.9764000177383423,--,--,--,--,0.5199999809265137,0.9762700200080872,0.8879727721214294
4,4892,0.10831478983163834,-0.12858520448207855,0.19825243949890137,0.6000000238418579,0.9559197425842285,--,--,--,--,0.6000000238418579,0.9550999999046326,0.8547582626342773
4,4893,0.049804702401161194,-0.006189114414155483,0.0891597718000412,0.6100000143051147,0.860069215297699,--,--,--,--,0.6166599988937378,0.8600000143051147,0.7409271001815796
4,4894,0.11269336193799973,-0.11819218099117279,0.19217367470264435,0.5400000214576721,0.9800780415534973,--,--,--,--,0.5400000214576721,0.9747400283813477,0.826080322265625
4,4895,0.14769485592842102,-0.044208403676748276,0.27504032850265503,0.550000011920929,1.0154235363006592,--,--,--,--,0.550000011920929,1.01419997215271,0.8825000524520874
4,4896,0.14166377484798431,-0.04260759800672531,0.27526187896728516,0.5199999809265137,0.9817285537719727,--,--,--,--,0.5669100284576416,0.9782000184059143,0.8415331840515137
4,4897,0.15934377908706665,-0.04257228225469589,0.3038490414619446,0.5799999833106995,0.9862484335899353,--,--,--,--,0.6474300026893616,0.9807500243186951,0.8809949159622192
4,4898,0.14872407913208008,-0.0582718662917614,0.27126753330230713,0.5299999713897705,0.9469819068908691,--,--,--,--,0.5299999713897705,0.943149983882904,0.8204681873321533
4,4899,0.15386764705181122,-0.048504043370485306,0.30556565523147583,0.6399999856948853,0.97035813331604,--,--,--,--,0.6600000262260437,0.9693099856376648,0.8694865107536316
4,4900,0.2946132719516754,-0.0043118782341480255,0.47624289989471436,0.6299999952316284,0.7899737358093262,0.539458155632019,0.592159628868103,0.5808891654014587,0.6889272332191467,0.6441699862480164,0.8610799908638,0.8021550178527832
4,4901,0.2990204989910126,-0.028335008770227432,0.451410174369812,0.5400000214576721,0.8822420239448547,0.5175369381904602,0.5306845307350159,0.5359507203102112,0.5629033446311951,0.5711100101470947,0.8790000081062317,0.8157662749290466
4,4902,0.2541186213493347,-0.011288612149655819,0.41076675057411194,0.5299999713897705,0.7655691504478455,0.5175369381904602,0.6052317023277283,0.5359507203102112,0.7157249450683594,0.5504000186920166,0.823889970779419,0.7600399851799011
4,4903,0.2033570557832718,-0.01040137279778719,0.3121325373649597,0.5600000023841858,0.7107449173927307,0.5043842196464539,0.6027788519859314,0.5089876651763916,0.7106966972351074,0.5759099721908569,0.7890099883079529,0.7205634117126465
4,4904,0.2800193727016449,-0.046647943556308746,0.3692069351673126,0.5400000214576721,0.9998743534088135,0.5,0.5,0.5,0.5,0.5890300273895264,0.9948400259017944,0.8512213230133057
4,4905,0.256059467792511,-0.0893108993768692,0.35357487201690674,0.5299999713897705,0.7893469333648682,0.5136054158210754,0.5544396638870239,0.5376150608062744,0.6505096554756165,0.5299999713897705,0.8139500021934509,0.7655099630355835
4,4906,0.25358912348747253,-0.0843290165066719,0.3291051983833313,0.5699999928474426,0.7922143340110779,0.5136054158210754,0.534010648727417,0.5376150608062744,0.5940294861793518,0.5699999928474426,0.7910299897193909,0.7574223279953003
4,4907,0.38268712162971497,-0.02851703017950058,0.5328378081321716,0.8100000023841858,1.0026301145553589,0.5,0.5,0.5,0.5,0.8100000023841858,1.0013999938964844,0.9483030438423157
4,4908,0.2893126606941223,-0.12679560482501984,0.3877825438976288,0.5099999904632568,0.9795519709587097,0.5034013390541077,0.5103447437286377,0.5094037652015686,0.5286000967025757,0.5099999904632568,0.9760000109672546,0.8599162101745605
4,4909,0.3065139055252075,-0.09401073306798935,0.4142328202724457,0.5600000023841858,0.8759826421737671,0.5068027377128601,0.5374395847320557,0.5188075304031372,0.6035093665122986,0.5600000023841858,0.8739200234413147,0.8187595009803772
4,4910,0.07927223294973373,-0.07811529189348221,0.2110777199268341,0.5099999904632568,0.9499335289001465,--,--,--,--,0.5199999809265137,0.945389986038208,0.7088377475738525
4,4911,0.09041398018598557,-0.04092225804924965,0.16061200201511383,0.6200000047683716,0.9955472946166992,--,--,--,--,0.6200000047683716,0.9938799738883972,0.8219667673110962
4,4912,0.10455182939767838,-0.05620594695210457,0.1740349680185318,0.5299999713897705,0.8995497822761536,--,--,--,--,0.5299999713897705,0.8985400199890137,0.8181793093681335
4,4913,0.11835254728794098,-0.04829486832022667,0.1952333152294159,0.5400000214576721,0.9458099007606506,--,--,--,--,0.5400000214576721,0.9446300268173218,0.810474693775177
4,4914,0.07479973137378693,-0.03205433115363121,0.13426125049591064,0.5099999904632568,1.0063532590866089,--,--,--,--,0.5099999904632568,1.0027999877929688,0.7654532790184021
4,4915,0.2623564600944519,-0.038153380155563354,0.40522506833076477,0.5699999928474426,0.7741530537605286,0.584450900554657,0.7072518467903137,0.5311135053634644,0.5763559341430664,0.5699999928474426,0.8553699851036072,0.7826533317565918
4,4916,0.309427946805954,-0.04947509989142418,0.446544349193573,0.5899999737739563,0.9446943998336792,0.5093834400177002,0.5594158172607422,0.5034570693969727,0.5218900442123413,0.5899999737739563,0.9429299831390381,0.8710883855819702
4,4917,0.26553845405578613,-0.03394864499568939,0.41336438059806824,0.5799999833106995,0.7957055568695068,0.5093834400177002,0.7009460926055908,0.5034570693969727,0.5740327835083008,0.5799999833106995,0.8603600263595581,0.7952907085418701
4,4918,0.3454934060573578,-0.017581714317202568,0.5242595076560974,0.75,0.8767357468605042,0.5656840205192566,0.6261735558509827,0.524199366569519,0.5464850068092346,0.75,0.9304100275039673,0.8849976658821106
4,4919,0.36818423867225647,-0.021157966926693916,0.5354731678962708,0.8100000023841858,0.9300538897514343,0.5281503200531006,0.5473065376281738,0.5103711485862732,0.5174287557601929,0.8100000023841858,0.9292200207710266,0.9077312350273132
4,4920,0.24791096150875092,-0.08371490240097046,0.3373420238494873,0.6000000238418579,0.979992687702179,0.5,0.5086804032325745,0.5,0.5049602389335632,0.6000000238418579,0.971019983291626,0.8490613102912903
4,4921,0.30759114027023315,-0.051330577582120895,0.4613201320171356,0.7200000286102295,0.9402583241462708,0.5,0.5390698909759521,0.5,0.5223256945610046,0.7200000286102295,0.9355700016021729,0.8801709413528442
4,4922,0.26596832275390625,-0.024565162137150764,0.4438175857067108,0.6399999856948853,0.7300732731819153,0.5607770085334778,0.7128810286521912,0.5347297191619873,0.6216463446617126,0.6399999856948853,0.8747000098228455,0.7801102995872498
4,4923,0.28070715069770813,-0.06922336667776108,0.41929545998573303,0.5400000214576721,1.0133336782455444,0.5086824297904968,0.5173628330230713,0.504961371421814,0.5099216103553772,0.5400000214576721,1.0053000450134277,0.9063977003097534
4,4924,0.25357991456985474,-0.051475293934345245,0.39276885986328125,0.550000011920929,0.7455756664276123,0.5607770085334778,0.6830415725708008,0.5347297191619873,0.6045951843261719,0.550000011920929,0.8333799839019775,0.7630153894424438
4,4925,0.14888836443424225,-0.034551918506622314,0.23677198588848114,0.5799999833106995,0.8508476614952087,--,--,--,--,0.6219599843025208,0.8504800200462341,0.80082768201828
4,4926,0.16555285453796387,-0.0452544279396534,0.28641873598098755,0.6299999952316284,0.9967664480209351,--,--,--,--,0.6899999976158142,0.9942499995231628,0.9096482992172241
4,4927,0.14228081703186035,-0.07534562051296234,0.22828340530395508,0.550000011920929,1.0056625604629517,--,--,--,--,0.550000011920929,1.0015000104904175,0.8504152894020081
4,4928,0.1488475650548935,-0.016671285033226013,0.26661956310272217,0.699999988079071,0.9533928036689758,--,--,--,--,0.7312700152397156,0.9512799978256226,0.8700764179229736
4,4929,0.15260501205921173,-0.05520658940076828,0.25700250267982483,0.5699999928474426,1.0216723680496216,--,--,--,--,0.5899999737739563,1.017799973487854,0.9064933061599731
4,4930,0.2844269871711731,0.0,0.4325192868709564,0.7699999809265137,0.8301069140434265,0.5379279851913452,0.5664225816726685,0.5704376697540283,0.623356282711029,0.7699999809265137,0.8833900094032288,0.8399693965911865
4,4931,0.21288952231407166,-0.13178986310958862,0.2951807975769043,0.5400000214576721,0.8200925588607788,0.5,0.5688986778259277,0.5,0.6279546618461609,0.5400000214576721,0.8198699951171875,0.7620059847831726
4,4932,0.269744336605072,-0.08991855382919312,0.3705039620399475,0.5600000023841858,0.9212385416030884,0.5142229795455933,0.523705005645752,0.526414155960083,0.5440235733985901,0.5600000023841858,0.9205999970436096,0.8354321718215942
4,4933,0.29509544372558594,-0.07115825265645981,0.40890711545944214,0.6399999856948853,0.9500819444656372,0.5094820261001587,0.5191598534584045,0.5176094174385071,0.5355826020240784,0.6399999856948853,0.9498100280761719,0.8668515682220459
4,4934,0.3512217700481415,0.0,0.5300440788269043,0.8700000047683716,0.9233282208442688,0.5,0.5296303629875183,0.5,0.5550277829170227,0.8700000047683716,0.9418699741363525,0.9229227304458618
4,4935,0.1085372045636177,-0.06485332548618317,0.19790080189704895,0.5099999904632568,0.9754495024681091,--,--,--,--,0.5633900165557861,0.9753100275993347,0.8403424024581909
4,4936,0.08053924888372421,-0.06668885797262192,0.18315060436725616,0.5799999833106995,0.7200348377227783,--,--,--,--,0.5799999833106995,0.7168300151824951,0.6770279407501221
4,4937,0.07243189215660095,-0.08509667217731476,0.1469464898109436,0.5099999904632568,0.8943964242935181,--,--,--,--,0.5099999904632568,0.8849700093269348,0.7391252517700195
4,4938,0.08291622251272202,-0.050756409764289856,0.1374320387840271,0.5199999809265137,0.8417260050773621,--,--,--,--,0.5199999809265137,0.8410199880599976,0.7034984827041626
4,4939,0.12243016064167023,-0.09990473091602325,0.3107430338859558,0.5099999904632568,0.8000619411468506,--,--,--,--,0.5099999904632568,0.800000011920929,0.7579656839370728
4,4940,0.2971250116825104,-0.014122651889920235,0.5320494174957275,0.6200000047683716,0.7449688911437988,0.655563473701477,0.6714733839035034,0.655563473701477,0.6714733839035034,0.6484699845314026,0.9142799973487854,0.7999283075332642
4,4941,0.3588070571422577,-0.03392379730939865,0.502474844455719,0.7099999785423279,0.8914332985877991,0.5141421556472778,0.553916871547699,0.5141421556472778,0.553916871547699,0.7469599843025208,0.8902999758720398,0.8583969473838806
4,4942,0.3327816426753998,-0.03877690061926842,0.45294737815856934,0.6700000166893005,0.9238516688346863,0.5,0.5377100706100464,0.5,0.5377100706100464,0.7193400263786316,0.9230700135231018,0.8615090847015381
4,4943,0.05630342289805412,-0.11697224527597427,0.05345107614994049,0.5699999928474426,0.6101766228675842,0.5070710778236389,0.5926282405853271,0.5070710778236389,0.5926282405853271,0.5799999833106995,0.6725500226020813,0.6345694065093994
4,4944,0.26830196380615234,-0.09065425395965576,0.35353586077690125,0.5099999904632568,0.9402415156364441,0.5141421556472778,0.543013334274292,0.5141421556472778,0.543013334274292,0.550000011920929,0.9337199926376343,0.81526780128479
4,4945,0.08260076493024826,-0.06505588442087173,0.1916663944721222,0.5199999809265137,0.9905375838279724,--,--,--,--,0.6059799790382385,0.9800199866294861,0.7893578410148621
4,4946,0.11756967753171921,-0.07983144372701645,0.23581795394420624,0.5400000214576721,0.9864293336868286,--,--,--,--,0.5400000214576721,0.9822700023651123,0.8763036131858826
4,4947,0.12477035820484161,-0.11361102014780045,0.2663785517215729,0.5099999904632568,1.0098122358322144,--,--,--,--,0.550000011920929,1.0053999423980713,0.8326560854911804
4,4948,0.09646458178758621,-0.034556638449430466,0.20471757650375366,0.6200000047683716,0.8414192199707031,--,--,--,--,0.65447998046875,0.8384100198745728,0.7663180232048035
4,4949,0.08286838233470917,-0.10496020317077637,0.18603649735450745,0.5400000214576721,0.6807448863983154,--,--,--,--,0.5514500141143799,0.6800299882888794,0.6243057250976562
4,4950,0.3375779986381531,-0.02625289559364319,0.4698130488395691,0.6800000071525574,0.9866666793823242,0.5075459480285645,0.5117903351783752,0.5185218453407288,0.528939962387085,0.7328799962997437,0.9817000031471252,0.9186474680900574
4,4951,0.2674412429332733,-0.05840734392404556,0.3513147532939911,0.6200000047683716,0.9802215099334717,0.5037729740142822,0.5037729740142822,0.5092609524726868,0.5092609524726868,0.6940900087356567,0.9763200283050537,0.8576101064682007
4,4952,0.3428521752357483,-0.009186110459268093,0.4820888638496399,0.7300000190734863,0.8549982309341431,0.5075459480285645,0.5341128706932068,0.5185218453407288,0.5837315917015076,0.7530900239944458,0.8845900297164917,0.8579322099685669
4,4953,0.2758486270904541,-0.052768681198358536,0.3724095821380615,0.5699999928474426,0.9961302876472473,0.5037729740142822,0.5037729740142822,0.5092609524726868,0.5092609524726868,0.6513800024986267,0.9894999861717224,0.8720825910568237
4,4954,0.3484431803226471,-0.02344577945768833,0.486809104681015,0.7599999904632568,0.9867461919784546,0.5,0.5084888339042664,0.5,0.5208362340927124,0.8014500141143799,0.982010006904602,0.9313557744026184
4,4955,0.1486787050962448,-0.05742213875055313,0.27093595266342163,0.5799999833106995,0.9913607239723206,--,--,--,--,0.6517099738121033,0.9900000095367432,0.8841656446456909
4,4956,0.12338234484195709,-0.14824984967708588,0.2305098921060562,0.5199999809265137,0.9769300222396851,--,--,--,--,0.540090024471283,0.9726799726486206,0.7560283541679382
4,4957,0.12221216410398483,-0.038235291838645935,0.21173058450222015,0.6800000071525574,0.93473219871521,--,--,--,--,0.6800000071525574,0.9331300258636475,0.8884986639022827
4,4958,0.040006764233112335,-0.039739519357681274,0.08989734202623367,0.6700000166893005,0.927466094493866,--,--,--,--,0.6700000166893005,0.9240800142288208,0.7719868421554565
4,4959,0.13115186989307404,-0.023330971598625183,0.25388777256011963,0.6600000262260437,0.948746919631958,--,--,--,--,0.70933997631073,0.948360025882721,0.8999824523925781
4,4960,0.11722468584775925,-0.03922398015856743,0.24023115634918213,0.5600000023841858,1.0002126693725586,--,--,--,--,0.6109700202941895,0.9965800046920776,0.8624029755592346
4,4961,0.100889652967453,-0.04704227298498154,0.20545639097690582,0.5299999713897705,0.9306003451347351,--,--,--,--,0.5747399926185608,0.9266999959945679,0.7749448418617249
4,4962,0.10987212508916855,-0.04934626817703247,0.20315738022327423,0.5799999833106995,0.9622864127159119,--,--,--,--,0.5799999833106995,0.9596499800682068,0.8421489596366882
4,4963,0.09483037889003754,-0.051970601081848145,0.19676534831523895,0.5600000023841858,0.9003130793571472,--,--,--,--,0.5600000023841858,0.898389995098114,0.8171841502189636
4,4964,0.08616049587726593,-0.009984473697841167,0.14720304310321808,0.5600000023841858,0.9644498825073242,--,--,--,--,0.5817099809646606,0.9623200297355652,0.7897182703018188
4,4965,0.14273720979690552,-0.04576462134718895,0.2386077642440796,0.6800000071525574,0.9318959712982178,--,--,--,--,0.6800000071525574,0.9303500056266785,0.8585091233253479
4,4966,0.12371314316987991,-0.07552345842123032,0.20954808592796326,0.5199999809265137,0.9519013166427612,--,--,--,--,0.5910300016403198,0.9458400011062622,0.8084529638290405
4,4967,0.10627234727144241,-0.05311866104602814,0.1574934870004654,0.5199999809265137,0.877190351486206,--,--,--,--,0.5583599805831909,0.8754199743270874,0.7513466477394104
4,4968,0.15267857909202576,-0.0692041739821434,0.25412696599960327,0.5099999904632568,0.9852303862571716,--,--,--,--,0.5099999904632568,0.9835600256919861,0.9020257592201233
4,4969,0.12075579166412354,-0.03762230649590492,0.1812896877527237,0.6700000166893005,0.9918549060821533,--,--,--,--,0.6929000020027161,0.9906799793243408,0.8571306467056274
4,4970,0.27279776334762573,-0.07050031423568726,0.35459575057029724,0.5199999809265137,0.9594516158103943,0.5084964036941528,0.5169875621795654,0.5052736401557922,0.5105440020561218,0.5199999809265137,0.9560800194740295,0.850869357585907
4,4971,0.36861634254455566,-0.017590591683983803,0.5223132371902466,0.8500000238418579,0.9767426252365112,0.5,0.5095584392547607,0.5,0.5059328079223633,0.8500000238418579,0.976140022277832,0.9484896659851074
4,4972,0.21392787992954254,-0.05850057676434517,0.2808706760406494,0.5899999737739563,0.7900316119194031,0.5254892110824585,0.5768911242485046,0.5158208608627319,0.5477254986763,0.5899999737739563,0.7886099815368652,0.749600350856781
4,4973,0.18363477289676666,-0.011513479053974152,0.3221443295478821,0.6299999952316284,0.6602499485015869,0.6104532480239868,0.7210630774497986,0.5685571432113647,0.6372115612030029,0.6299999952316284,0.8045700192451477,0.7215853333473206
4,4974,0.3012702167034149,-0.06511618942022324,0.43963971734046936,0.5299999713897705,0.8459347486495972,0.5339856147766113,0.6389758586883545,0.5210945010185242,0.5862608551979065,0.5299999713897705,0.8587499856948853,0.8063461184501648
4,4975,0.28345006704330444,-0.04207427799701691,0.422190397977829,0.550000011920929,0.8769440650939941,0.505282998085022,0.5748258233070374,0.5084905624389648,0.6202557682991028,0.550000011920929,0.8754299879074097,0.8236286640167236
4,4976,0.3543580174446106,0.0,0.5305407047271729,0.8399999737739563,0.9024983048439026,0.5316981077194214,0.5540169477462769,0.5509433746337891,0.5868129730224609,0.8399999737739563,0.9405400156974792,0.9126928448677063
4,4977,0.2921580672264099,-0.03504463657736778,0.4491133391857147,0.6100000143051147,1.0192627906799316,0.505282998085022,0.5105646848678589,0.5084905624389648,0.5169789791107178,0.6100000143051147,1.018399953842163,0.916161298751831
4,4978,0.22027140855789185,-0.03887379541993141,0.346296489238739,0.550000011920929,0.6901904940605164,0.6003773808479309,0.6650841236114502,0.6613207459449768,0.7653138041496277,0.550000011920929,0.8122000098228455,0.7271390557289124
4,4979,0.3369081914424896,-0.020676497370004654,0.5058652758598328,0.7599999904632568,0.9844499230384827,0.505282998085022,0.5160675048828125,0.5084905624389648,0.5258227586746216,0.7599999904632568,0.9831100106239319,0.9337077736854553
4,4980,0.30730634927749634,-0.049958571791648865,0.44074422121047974,0.5600000023841858,0.8947098255157471,0.519727885723114,0.5921930074691772,0.5032879710197449,0.515365481376648,0.615809977054596,0.8937299847602844,0.8325861096382141
4,4981,0.35451143980026245,-0.019696304574608803,0.5237587690353394,0.7699999809265137,0.8909940719604492,0.5098639130592346,0.5789414644241333,0.5016440153121948,0.5131568908691406,0.7908099889755249,0.8998799920082092,0.8759538531303406
4,4982,0.39442986249923706,-0.01710943505167961,0.587225079536438,0.8399999737739563,0.9609940648078918,0.5295917987823486,0.5394554734230042,0.5049319863319397,0.506575882434845,0.8606899976730347,0.9603400230407715,0.939723014831543
4,4983,0.3974529802799225,-0.006121434736996889,0.5983965992927551,0.8500000238418579,0.9592041969299316,0.5098639130592346,0.539680540561676,0.5016440153121948,0.5066134333610535,0.8654599785804749,0.9584100246429443,0.9442315697669983
4,4984,0.2950746417045593,-0.04487696290016174,0.4278686046600342,0.5799999833106995,0.833095371723175,0.539455771446228,0.6289055943489075,0.5065759420394897,0.5214842557907104,0.622730016708374,0.8410099744796753,0.7989256978034973
4,4985,0.28380656242370605,-0.01973765157163143,0.44215843081474304,0.6399999856948853,0.9618635773658752,0.5010805726051331,0.5032867193222046,0.5099414587020874,0.5302377343177795,0.6878600120544434,0.9589499831199646,0.8861398696899414
4,4986,0.30152586102485657,-0.014768932946026325,0.47662514448165894,0.7099999785423279,0.9726511240005493,0.5,0.5032684206962585,0.5,0.5300694704055786,0.7481300234794617,0.9696999788284302,0.9114573001861572
4,4987,0.20453545451164246,-0.013852166943252087,0.31322142481803894,0.5,0.7857134938240051,0.5108059048652649,0.5180985927581787,0.5994144678115845,0.6665068864822388,0.5404800176620483,0.8023999929428101,0.7486422657966614
4,4988,0.22994734346866608,-0.018825393170118332,0.349701464176178,0.5199999809265137,0.8138738870620728,0.5,0.5176489353179932,0.5,0.6623701453208923,0.5644299983978271,0.8112199902534485,0.7692243456840515
4,4989,0.24601417779922485,-0.022502664476633072,0.377375990152359,0.5199999809265137,0.8637490272521973,0.503241777420044,0.5130470395088196,0.5298243165016174,0.6200326681137085,0.5719199776649475,0.8608700037002563,0.8001363277435303
4,4990,0.1094188392162323,-0.07706098258495331,0.1791452020406723,0.550000011920929,1.004453420639038,--,--,--,--,0.6000000238418579,1.0009000301361084,0.8354987502098083
4,4991,0.04269583523273468,-0.06094254553318024,0.08419401943683624,0.5099999904632568,0.8159999847412109,--,--,--,--,0.5383399724960327,0.8159999847412109,0.6976206302642822
4,4992,0.14142325520515442,-0.08761122077703476,0.22573652863502502,0.5699999928474426,0.9782623648643494,--,--,--,--,0.5699999928474426,0.9776999950408936,0.8537541031837463
4,4993,0.12456117570400238,-0.10530637949705124,0.1905856430530548,0.5099999904632568,0.8862970471382141,--,--,--,--,0.5099999904632568,0.8855100274085999,0.7763274908065796
4,4994,0.1073002964258194,-0.0681404173374176,0.17293086647987366,0.5099999904632568,0.9020000100135803,--,--,--,--,0.5600000023841858,0.9020000100135803,0.8121452331542969
4,4995,0.3588408827781677,-0.0481947660446167,0.5259615182876587,0.6399999856948853,0.8614544868469238,0.5397441983222961,0.6437857151031494,0.5045163631439209,0.5163393020629883,0.6399999856948853,0.9013299942016602,0.8555693030357361
4,4996,0.34443390369415283,-0.033473365008831024,0.5005148649215698,0.6399999856948853,0.8052300810813904,0.6589768528938293,0.6995419859886169,0.5180655717849731,0.5226752161979675,0.6399999856948853,0.9356399774551392,0.8523560762405396
4,4997,0.36229634284973145,-0.05624210461974144,0.4841328263282776,0.7200000286102295,0.9542366862297058,0.5,0.5405651330947876,0.5,0.5046097040176392,0.7200000286102295,0.9539999961853027,0.899566650390625
4,4998,0.376251757144928,-0.05345987528562546,0.5139368772506714,0.6800000071525574,0.9292178153991699,0.5397441983222961,0.5794881582260132,0.5045163631439209,0.5090327262878418,0.6800000071525574,0.9265699982643127,0.8909669518470764
4,4999,0.36124110221862793,-0.05501364916563034,0.4827853739261627,0.7099999785423279,0.9476000070571899,0.5,0.54981529712677,0.5,0.5056608319282532,0.7099999785423279,0.9476000070571899,0.8962994813919067
4,5000,0.3066166043281555,-0.021914634853601456,0.44793617725372314,0.6499999761581421,0.9789418578147888,0.5,0.5199191570281982,0.5,0.5227647423744202,0.6862999796867371,0.977370023727417,0.9007052779197693
4,5001,0.3163013160228729,-0.0037730520125478506,0.49158963561058044,0.6299999952316284,0.7457127571105957,0.5329252481460571,0.6654942035675049,0.5376288294792175,0.689136266708374,0.6435499787330627,0.8570700287818909,0.7885398268699646
4,5002,0.28705358505249023,-0.016366835683584213,0.4214772582054138,0.6600000262260437,0.9039673209190369,0.5,0.5264569520950317,0.5,0.530236542224884,0.6845600008964539,0.9017699956893921,0.8496675491333008
4,5003,0.3045862019062042,-0.024077866226434708,0.4448966979980469,0.5899999737739563,0.8564463257789612,0.5197551250457764,0.5665199160575867,0.5225772857666016,0.576022744178772,0.6225399971008301,0.8548399806022644,0.8138826489448547
4,5004,0.2727424204349518,-0.009043201804161072,0.4540179669857025,0.5099999904632568,0.6528875827789307,0.6251158714294434,0.6859617233276367,0.6429895758628845,0.7125276327133179,0.5282700061798096,0.798009991645813,0.7117133140563965
4,5005,0.1494981348514557,-0.037093136459589005,0.2926132082939148,0.6800000071525574,1.0077576637268066,--,--,--,--,0.7200000286102295,1.0056999921798706,0.9014013409614563
4,5006,0.12456813454627991,-0.048127368092536926,0.20834970474243164,0.5,0.777929425239563,--,--,--,--,0.5396599769592285,0.7763599753379822,0.7062050104141235
4,5007,0.13859374821186066,-0.02635866031050682,0.2311890572309494,0.5400000214576721,0.9132663011550903,--,--,--,--,0.5856500267982483,0.9112499952316284,0.8189617395401001
4,5008,0.14158716797828674,-0.34470224380493164,0.04473969340324402,0.5,0.6212485432624817,--,--,--,--,0.5092599987983704,0.6209700107574463,0.580533504486084
4,5009,0.1591511368751526,-0.03014621138572693,0.2876676917076111,0.699999988079071,0.9615530967712402,--,--,--,--,0.7301999926567078,0.959659993648529,0.8824211359024048
4,5010,0.11429745703935623,-0.017838142812252045,0.17618611454963684,0.5600000023841858,0.7899981141090393,--,--,--,--,0.5821700096130371,0.7893999814987183,0.7242075204849243
4,5011,0.1607215851545334,-0.03881392255425453,0.2837013900279999,0.7300000190734863,1.0002171993255615,--,--,--,--,0.7599200010299683,0.9984999895095825,0.8919618725776672
4,5012,0.07587098330259323,-0.057230543345212936,0.17940573394298553,0.5099999904632568,0.9311549067497253,--,--,--,--,0.53889000415802,0.9242200255393982,0.729417085647583
4,5013,0.11443110555410385,-0.03399684652686119,0.19395634531974792,0.5600000023841858,0.9334904551506042,--,--,--,--,0.5806099772453308,0.9301400184631348,0.7728622555732727
4,5014,0.12507613003253937,-0.03694240748882294,0.2478930950164795,0.6100000143051147,0.9861254692077637,--,--,--,--,0.6464499831199646,0.982699990272522,0.8419549465179443
4,5015,0.11402731388807297,-0.13426277041435242,0.2174462229013443,0.5,1.011186957359314,--,--,--,--,0.5,1.0087000131607056,0.8488706946372986
4,5016,0.10810761153697968,-0.08250480145215988,0.204209566116333,0.6399999856948853,0.9810758233070374,--,--,--,--,0.6399999856948853,0.9757199883460999,0.8634722232818604
4,5017,0.11691564321517944,-0.13914324343204498,0.22296084463596344,0.5199999809265137,0.9401328563690186,--,--,--,--,0.5554400086402893,0.9349499940872192,0.7761650681495667
4,5018,0.09666794538497925,-0.09637201577425003,0.18735308945178986,0.550000011920929,0.9634701013565063,--,--,--,--,0.550000011920929,0.9611300230026245,0.8609101176261902
4,5019,0.10410720109939575,-0.07248734682798386,0.18671955168247223,0.5799999833106995,0.9745791554450989,--,--,--,--,0.6151599884033203,0.9743499755859375,0.845585823059082
4,5020,0.31637752056121826,-0.02706807665526867,0.46775010228157043,0.699999988079071,0.9784205555915833,0.5,0.5086892247200012,0.5,0.5071444511413574,0.7375900149345398,0.9774699807167053,0.9057876467704773
4,5021,0.3113333582878113,-0.022765809670090675,0.4543914794921875,0.6700000166893005,0.9546722769737244,0.5077242255210876,0.5154484510421753,0.5063510537147522,0.5127020478248596,0.7067700028419495,0.9526100158691406,0.8868222832679749
4,5022,0.28192007541656494,-0.013366051018238068,0.4563645124435425,0.5099999904632568,0.6500654816627502,0.5077242255210876,0.7782976031303406,0.5063510537147522,0.7288224697113037,0.5309200286865234,0.8040199875831604,0.7147480249404907
4,5023,0.36422643065452576,-0.021340761333703995,0.5655879378318787,0.7900000214576721,0.9000592231750488,0.5231727361679077,0.5696049332618713,0.5190531611442566,0.5572307109832764,0.800000011920929,0.9161199927330017,0.8909769058227539
4,5024,0.3468875288963318,-0.018379254266619682,0.5289397835731506,0.7699999809265137,0.9343820810317993,0.5077242255210876,0.5310900807380676,0.5063510537147522,0.5255630016326904,0.7927799820899963,0.9338700175285339,0.9018913507461548
4,5025,0.23137997090816498,-0.038923487067222595,0.33896851539611816,0.5,0.7636826634407043,0.5608994364738464,0.6524189114570618,0.5518773198127747,0.6298383474349976,0.5287899971008301,0.8220199942588806,0.7523028254508972
4,5026,0.21825042366981506,-0.0007175569771789014,0.3832801878452301,0.6700000166893005,0.6812499165534973,0.5685119032859802,0.710098147392273,0.5583620071411133,0.6789724826812744,0.6714500188827515,0.8595100045204163,0.7556052803993225
4,5027,0.3129253089427948,-0.050982773303985596,0.45283159613609314,0.550000011920929,0.8713234663009644,0.591349184513092,0.5999116897583008,0.5778159499168396,0.5851099491119385,0.5866199731826782,0.8819400072097778,0.8239452242851257
4,5028,0.3263525068759918,-0.03287453576922417,0.490326851606369,0.6700000166893005,0.9497267007827759,0.5152248740196228,0.5307666659355164,0.5129693150520325,0.5262086391448975,0.6982499957084656,0.9471200108528137,0.899206817150116
4,5029,0.3039427697658539,-0.037486009299755096,0.4687638580799103,0.5400000214576721,1.0312873125076294,0.5,0.5085625052452087,0.5,0.5072939395904541,0.5822100043296814,1.0252000093460083,0.9309023022651672
4,5030,0.13476791977882385,-0.06493309140205383,0.2763519287109375,0.6100000143051147,0.9936529397964478,--,--,--,--,0.6399999856948853,0.9885200262069702,0.8637356758117676
4,5031,0.135578453540802,-0.016250813379883766,0.2554284632205963,0.5199999809265137,0.9362401366233826,--,--,--,--,0.5473899841308594,0.9358000159263611,0.8363752365112305
4,5032,0.16957327723503113,-0.04799317941069603,0.3178464472293854,0.699999988079071,0.9939999580383301,--,--,--,--,0.699999988079071,0.9899899959564209,0.9311206936836243
4,5033,0.1427796334028244,-0.1353781521320343,0.25263017416000366,0.5099999904632568,0.9007894396781921,--,--,--,--,0.5491899847984314,0.8974400162696838,0.8022154569625854
4,5034,0.1598946899175644,-0.04449529945850372,0.28305724263191223,0.5099999904632568,0.969182550907135,--,--,--,--,0.552370011806488,0.9660999774932861,0.8600038886070251
4,5035,0.1424301117658615,-0.04248631000518799,0.22864574193954468,0.5199999809265137,0.7155930995941162,0.5085519552230835,0.6733176708221436,0.5051830410957336,0.6050410270690918,0.5199999809265137,0.7483999729156494,0.6990996599197388
4,5036,0.2543114721775055,-0.016973355785012245,0.3831191956996918,0.6800000071525574,0.8004165887832642,0.542759895324707,0.6726265549659729,0.5259150862693787,0.6046221852302551,0.6800000071525574,0.8537399768829346,0.803632378578186
4,5037,0.1881096065044403,-0.029189230874180794,0.30137649178504944,0.6299999952316284,0.7601985931396484,0.5171039700508118,0.5685123801231384,0.5103660225868225,0.5415226817131042,0.6299999952316284,0.7594799995422363,0.7363616228103638
4,5038,0.3088570833206177,-0.026457058265805244,0.44056639075279236,0.699999988079071,0.9524458050727844,0.5256559252738953,0.5342037081718445,0.5155490636825562,0.5207295417785645,0.699999988079071,0.9505900144577026,0.8944768309593201
4,5039,0.3252463936805725,-0.020858101546764374,0.4645974338054657,0.800000011920929,1.0001306533813477,0.5,0.5,0.5,0.5,0.800000011920929,0.9992300271987915,0.9425322413444519
4,5040,0.08165943622589111,-0.06902732700109482,0.1932264119386673,0.5299999713897705,0.8140764832496643,--,--,--,--,0.564300000667572,0.8117600083351135,0.7424905300140381
4,5041,0.08718141168355942,-0.04665672034025192,0.1745510697364807,0.6299999952316284,0.9208325743675232,--,--,--,--,0.6601399779319763,0.9190899729728699,0.8299276828765869
4,5042,0.07140175998210907,-0.02092028222978115,0.14969845116138458,0.7799999713897705,0.98719322681427,--,--,--,--,0.8001300096511841,0.9862300157546997,0.9098773002624512
4,5043,0.07390661537647247,-0.016182715073227882,0.1535520702600479,0.7900000214576721,0.9418749809265137,--,--,--,--,0.8077999949455261,0.9404000043869019,0.8839106559753418
4,5044,0.07411325722932816,-0.016153912991285324,0.1491975039243698,0.6499999761581421,0.8924977779388428,--,--,--,--,0.6743699908256531,0.8911700248718262,0.8339337706565857
4,5045,0.15051332116127014,-0.0700387954711914,0.2535458207130432,0.5600000023841858,0.9890908002853394,--,--,--,--,0.5799999833106995,0.982479989528656,0.8262808322906494
4,5046,0.1496335119009018,-0.041433196514844894,0.23455175757408142,0.7099999785423279,1.00390625,--,--,--,--,0.7246400117874146,1.0010000467300415,0.8616397380828857
4,5047,0.02933364361524582,-0.09679870307445526,0.12738806009292603,0.5,0.8527247309684753,--,--,--,--,0.5040900111198425,0.8501899838447571,0.619486391544342
4,5048,0.1946333646774292,-0.036846283823251724,0.3113722801208496,0.5699999928474426,0.9889683127403259,--,--,--,--,0.6195600032806396,0.9868500232696533,0.9091829061508179
4,5049,0.19833466410636902,-0.07442896068096161,0.3175806701183319,0.5600000023841858,1.0335532426834106,--,--,--,--,0.5600000023841858,1.0259000062942505,0.9203760623931885
4,5050,0.27957749366760254,-0.032310254871845245,0.45012587308883667,0.5099999904632568,0.7726547122001648,0.5777245163917542,0.670991063117981,0.5629197955131531,0.638421356678009,0.5385500192642212,0.8329200148582458,0.7607114911079407
4,5051,0.3378688395023346,-0.04323720559477806,0.4855126142501831,0.5799999833106995,0.9122201800346375,0.5466346740722656,0.5544068813323975,0.5377519130706787,0.5440436601638794,0.6217600107192993,0.9075999855995178,0.8416268825531006
4,5052,0.3380488157272339,-0.04267361760139465,0.4656854569911957,0.6299999952316284,0.9709744453430176,0.5,0.5087413787841797,0.5,0.5070763230323792,0.6739799976348877,0.9659299850463867,0.8775702714920044
4,5053,0.3593653440475464,-0.03671475499868393,0.49449238181114197,0.699999988079071,0.9701851010322571,0.5,0.5087413787841797,0.5,0.5070763230323792,0.7300000190734863,0.9664599895477295,0.8929674625396729
4,5054,0.3483482897281647,-0.04505195841193199,0.49162963032722473,0.6299999952316284,0.9301758408546448,0.5077724456787109,0.5578755736351013,0.5062919855117798,0.546851634979248,0.6600000262260437,0.9262400269508362,0.8574328422546387
4,5055,0.1692226231098175,-0.023720581084489822,0.2786079943180084,0.550000011920929,0.9437436461448669,--,--,--,--,0.5885699987411499,0.9418299794197083,0.8637065887451172
4,5056,0.18808585405349731,-0.06249434873461723,0.3059004545211792,0.6399999856948853,0.957776665687561,--,--,--,--,0.6399999856948853,0.956279993057251,0.8552734851837158
4,5057,0.15314914286136627,-0.05427207052707672,0.22577641904354095,0.550000011920929,0.9710426926612854,--,--,--,--,0.550000011920929,0.9636300206184387,0.7879789471626282
4,5058,0.17966662347316742,-0.04309002310037613,0.28836536407470703,0.5799999833106995,0.993570864200592,--,--,--,--,0.6312999725341797,0.9890400171279907,0.8786462545394897
4,5059,0.1140703558921814,-0.07937505841255188,0.1930614858865738,0.5299999713897705,0.7655758857727051,--,--,--,--,0.5400000214576721,0.7641000151634216,0.6906449794769287
4,5060,0.056974995881319046,-0.1346808671951294,0.12144048511981964,0.5099999904632568,0.879199206829071,--,--,--,--,0.5299999713897705,0.8791000247001648,0.748842716217041
4,5061,0.0728590190410614,-0.043996866792440414,0.159012109041214,0.5799999833106995,0.9134636521339417,--,--,--,--,0.6097300052642822,0.9099100232124329,0.7692012190818787
4,5062,0.061959993094205856,-0.07505372911691666,0.1131095364689827,0.6499999761581421,0.9649072289466858,--,--,--,--,0.6673600077629089,0.9647200107574463,0.8299441337585449
4,5063,0.10861111432313919,-0.16136696934700012,0.2511015832424164,0.5299999713897705,0.8400195240974426,--,--,--,--,0.5299999713897705,0.8399999737739563,0.7472507357597351
4,5064,0.05970318987965584,-0.12212411314249039,0.11545528471469879,0.5400000214576721,0.8651171922683716,--,--,--,--,0.5400000214576721,0.8649299740791321,0.7590732574462891
4,5065,0.07231257110834122,-0.07008681446313858,0.1541186273097992,0.5600000023841858,0.8334721326828003,--,--,--,--,0.5600000023841858,0.8327900171279907,0.7072622179985046
4,5066,0.08964882045984268,-0.06532616913318634,0.16795359551906586,0.7099999785423279,0.9647363424301147,--,--,--,--,0.7099999785423279,0.9644899964332581,0.8987669348716736
4,5067,0.08037085831165314,-0.1210419312119484,0.16066031157970428,0.5799999833106995,0.9776415824890137,--,--,--,--,0.5799999833106995,0.9773200154304504,0.8572307229042053
4,5068,0.09720336645841599,-0.08558560162782669,0.21804265677928925,0.6200000047683716,0.8699977397918701,--,--,--,--,0.6200000047683716,0.8696200251579285,0.8142563700675964
4,5069,0.08949717879295349,-0.11399418115615845,0.20409633219242096,0.5099999904632568,0.9005029201507568,--,--,--,--,0.5447400212287903,0.9003199934959412,0.8000682592391968
4,5070,0.2568179666996002,-0.01838986575603485,0.44746965169906616,0.5600000023841858,0.7555789351463318,0.5070710778236389,0.6720948815345764,0.5070710778236389,0.6720948815345764,0.5812399983406067,0.8081799745559692,0.7499873638153076
4,5071,0.28489819169044495,-0.023726312443614006,0.428307443857193,0.6100000143051147,0.9892532229423523,0.5,0.5070710778236389,0.5,0.5070710778236389,0.649649977684021,0.9890300035476685,0.8971348404884338
4,5072,0.24907447397708893,-0.0072838058695197105,0.4645659029483795,0.6100000143051147,0.6928347945213318,0.5353553295135498,0.727392852306366,0.5353553295135498,0.727392852306366,0.6198599934577942,0.807449996471405,0.7305782437324524
4,5073,0.3052266836166382,-0.016314668580889702,0.49010753631591797,0.6000000238418579,0.8626417517662048,0.5636395812034607,0.5954594016075134,0.5636395812034607,0.5954594016075134,0.6264899969100952,0.870930016040802,0.828689455986023
4,5074,0.3473947048187256,-0.002205435186624527,0.5588284730911255,0.9599999785423279,0.9799972176551819,0.5,0.5,0.5,0.5,0.9599999785423279,0.9797700047492981,0.9736734628677368
4,5075,0.06714402139186859,-0.05532281845808029,0.12686064839363098,0.5099999904632568,1.0083664655685425,--,--,--,--,0.5099999904632568,1.0061999559402466,0.7429941892623901
4,5076,0.11767498403787613,-0.11283598840236664,0.18648585677146912,0.5600000023841858,0.9084293842315674,--,--,--,--,0.5600000023841858,0.9068499803543091,0.7843485474586487
4,5077,0.15849879384040833,-0.11395429819822311,0.2673359811306,0.550000011920929,0.9656370282173157,--,--,--,--,0.550000011920929,0.9613900184631348,0.8642556667327881
4,5078,0.13721315562725067,-0.11314355581998825,0.23102843761444092,0.5400000214576721,1.0188288688659668,--,--,--,--,0.5400000214576721,1.0181000232696533,0.8738505244255066
4,5079,0.08107396960258484,-0.0884985625743866,0.11700667440891266,0.5600000023841858,0.804821252822876,--,--,--,--,0.5600000023841858,0.8023499846458435,0.708899736404419
4,5080,0.11890114843845367,-0.0718052014708519,0.19424176216125488,0.6299999952316284,0.9701142311096191,--,--,--,--,0.6299999952316284,0.9700000286102295,0.8641077876091003
4,5081,0.11206142604351044,-0.0547247976064682,0.21051687002182007,0.5299999713897705,0.9702743887901306,--,--,--,--,0.5917400121688843,0.9700000286102295,0.8535875678062439
4,5082,0.09513309597969055,-0.07990778237581253,0.17286451160907745,0.5799999833106995,0.9027770757675171,--,--,--,--,0.5799999833106995,0.8999999761581421,0.7711401581764221
4,5083,0.10703703761100769,-0.054396238178014755,0.1902180016040802,0.550000011920929,0.9602343440055847,--,--,--,--,0.6049399971961975,0.9599999785423279,0.8080174326896667
4,5084,0.09009502083063126,-0.07752253115177155,0.15794746577739716,0.5799999833106995,0.7712478637695312,--,--,--,--,0.6117100119590759,0.7710800170898438,0.7216119170188904
4,5085,0.11406660079956055,-0.043880194425582886,0.19356727600097656,0.6000000238418579,0.8578521013259888,--,--,--,--,0.6100000143051147,0.8570299744606018,0.7854655385017395
4,5086,0.1263847053050995,-0.06940607726573944,0.269462913274765,0.5099999904632568,1.0316054821014404,--,--,--,--,0.5099999904632568,1.0291999578475952,0.9035243988037109
4,5087,0.13888603448867798,-0.05962023884057999,0.2470846176147461,0.5199999809265137,0.9736310839653015,--,--,--,--,0.5853999853134155,0.9701499938964844,0.8548073172569275
4,5088,0.11460315436124802,-0.06698694080114365,0.20536041259765625,0.5299999713897705,0.8404890894889832,--,--,--,--,0.5299999713897705,0.8395199775695801,0.7622949481010437
4,5089,0.07216962426900864,-0.06570089608430862,0.14686745405197144,0.5400000214576721,0.7532968521118164,--,--,--,--,0.5400000214576721,0.7497699856758118,0.6763373017311096
4,5090,0.2670677900314331,-0.03362232446670532,0.4021935760974884,0.5199999809265137,1.0416014194488525,0.5,0.5039500594139099,0.5,0.5105335116386414,0.5978500247001648,1.0306999683380127,0.8985203504562378
4,5091,0.2740606963634491,-0.028008077293634415,0.4032735228538513,0.5299999713897705,0.8610998392105103,0.5035112500190735,0.5430117845535278,0.5093632936477661,0.6146981120109558,0.5845199823379517,0.8564500212669373,0.8029161691665649
4,5092,0.2829272747039795,-0.027365511283278465,0.42270317673683167,0.5799999833106995,0.9523858428001404,0.5,0.5210673809051514,0.5,0.5561797618865967,0.6373900175094604,0.9460300207138062,0.863010048866272
4,5093,0.2692956030368805,-0.037855926901102066,0.38170385360717773,0.5299999713897705,0.9356374144554138,0.5035112500190735,0.5222378373146057,0.5093632936477661,0.5593008399009705,0.6030499935150146,0.9266300201416016,0.834527313709259
4,5094,0.2698605954647064,-0.0328872911632061,0.3980233073234558,0.550000011920929,0.9766228199005127,0.5,0.5105336904525757,0.5,0.5280898809432983,0.6182299852371216,0.9695000052452087,0.8669077157974243
4,5095,0.2866261303424835,-0.06279674917459488,0.4207901060581207,0.6299999952316284,0.8655555844306946,0.5127050876617432,0.5173457264900208,0.6092638373374939,0.6491734981536865,0.6299999952316284,0.8970900177955627,0.8488762974739075
4,5096,0.2806077301502228,-0.08713715523481369,0.4079177677631378,0.5699999928474426,1.0237035751342773,0.5,0.5,0.5,0.5,0.5699999928474426,1.0232000350952148,0.9190361499786377
4,5097,0.2817193865776062,-0.08064267039299011,0.39395371079444885,0.6299999952316284,0.9704928994178772,0.5011550188064575,0.5034641027450562,0.5099330544471741,0.5297910571098328,0.6299999952316284,0.9700000286102295,0.8755213022232056
4,5098,0.2679986357688904,-0.08608183264732361,0.3923528790473938,0.6000000238418579,0.8700000047683716,0.5080850720405579,0.5129649639129639,0.5695315003395081,0.6114987134933472,0.6000000238418579,0.8700000047683716,0.8120737075805664
4,5099,0.2673164904117584,-0.08239240944385529,0.36939215660095215,0.6100000143051147,0.9609633088111877,0.5,0.5011545419692993,0.5,0.5099290013313293,0.6100000143051147,0.9599999785423279,0.861421525478363
4,5100,0.18717920780181885,-0.020631831139326096,0.25580736994743347,0.5199999809265137,0.6801515817642212,0.502780556678772,0.5783209204673767,0.5096056461334229,0.7705631852149963,0.5482699871063232,0.8034800291061401,0.7140227556228638
4,5101,0.29917970299720764,-0.04008200392127037,0.39967960119247437,0.5199999809265137,0.9540271759033203,0.5083417296409607,0.5200886130332947,0.5288169384002686,0.5693970322608948,0.5770300030708313,0.9516699910163879,0.8583330512046814
4,5102,0.2859360873699188,-0.046919357031583786,0.37184083461761475,0.5,0.9610717296600342,0.5055611729621887,0.513902485370636,0.5192112922668457,0.5480268001556396,0.5642300248146057,0.957040011882782,0.8502923846244812
4,5103,0.09773360937833786,-0.004979404155164957,0.1379459649324417,0.5099999904632568,0.5724858641624451,0.502780556678772,0.6025342345237732,0.5096056461334229,0.8542090654373169,0.5225099921226501,0.7895600199699402,0.6704690456390381
4,5104,0.29660195112228394,-0.0289158895611763,0.4059944748878479,0.6600000262260437,0.9099435210227966,0.502780556678772,0.5083414912223816,0.5096056461334229,0.5288159847259521,0.6952900290489197,0.9082199931144714,0.8504653573036194
4,5105,0.1834934502840042,-0.07257474213838577,0.3393341898918152,0.5199999809265137,0.6100309491157532,0.5946182012557983,0.7216657400131226,0.6290248036384583,0.8022714257240295,0.5199999809265137,0.844789981842041,0.7030046582221985
4,5106,0.3566845953464508,-0.08398222178220749,0.5020557045936584,0.5899999737739563,0.8983340859413147,0.5177409052848816,0.5492783188819885,0.5241921544075012,0.5671976804733276,0.5899999737739563,0.8958699703216553,0.8516765236854553
4,5107,0.3974113166332245,-0.026043392717838287,0.5590552091598511,0.7799999713897705,1.0162047147750854,0.5,0.5,0.5,0.5,0.7799999713897705,1.0155999660491943,0.9633084535598755
4,5108,0.27637532353401184,-0.05915708839893341,0.43470484018325806,0.5699999928474426,0.7226629853248596,0.5650500059127808,0.661109209060669,0.588704526424408,0.7196943759918213,0.5699999928474426,0.8718299865722656,0.7711645364761353
4,5109,0.3602180778980255,-0.08170239627361298,0.4963780641555786,0.6000000238418579,0.9287152290344238,0.5177409052848816,0.5413954854011536,0.5241921544075012,0.5564483404159546,0.6000000238418579,0.9261599779129028,0.8719321489334106
4,5110,0.11906468123197556,-0.05254940688610077,0.24626578390598297,0.550000011920929,0.9968940019607544,--,--,--,--,0.5894700288772583,0.994629979133606,0.880010187625885
4,5111,0.08410217612981796,-0.049517881125211716,0.1956835240125656,0.5199999809265137,0.8399808406829834,--,--,--,--,0.5199999809265137,0.8376100063323975,0.7402819991111755
4,5112,0.08799315989017487,-0.031400661915540695,0.16875828802585602,0.6000000238418579,0.9040833115577698,--,--,--,--,0.6000000238418579,0.9025999903678894,0.8122007250785828
4,5113,0.10236569494009018,-0.04881752282381058,0.20837682485580444,0.5099999904632568,1.0033315420150757,--,--,--,--,0.5505200028419495,0.9998900294303894,0.849661648273468
4,5114,0.08988824486732483,-0.0539713129401207,0.19636867940425873,0.5099999904632568,0.980499267578125,--,--,--,--,0.5577499866485596,0.9799200296401978,0.8066753149032593
4,5115,0.1118355393409729,-0.03785010427236557,0.21375524997711182,0.6600000262260437,1.0000232458114624,--,--,--,--,0.6600000262260437,0.9994099736213684,0.8788776993751526
4,5116,0.0746828019618988,-0.03308446332812309,0.16083835065364838,0.5199999809265137,1.0403974056243896,--,--,--,--,0.5199999809265137,1.0371999740600586,0.8040421605110168
4,5117,0.08660764247179031,-0.05380872264504433,0.20394380390644073,0.5099999904632568,1.0259298086166382,--,--,--,--,0.5299999713897705,1.023800015449524,0.8709515929222107
4,5118,0.08648282289505005,-0.03356577455997467,0.1792915016412735,0.5199999809265137,0.9946661591529846,--,--,--,--,0.5199999809265137,0.9916200041770935,0.8032614588737488
4,5119,0.11829342693090439,-0.052077606320381165,0.21892209351062775,0.5799999833106995,1.0003873109817505,--,--,--,--,0.5799999833106995,1.000100016593933,0.9044632911682129
4,5120,0.12703990936279297,-0.04155739024281502,0.2459382861852646,0.550000011920929,1.0059778690338135,--,--,--,--,0.5699999928474426,1.0048999786376953,0.8804373145103455
4,5121,0.10797932744026184,-0.03833301365375519,0.2125653624534607,0.5899999737739563,0.999586284160614,--,--,--,--,0.5899999737739563,0.9971100091934204,0.8630300164222717
4,5122,0.10533012449741364,-0.05627349019050598,0.23480114340782166,0.5400000214576721,0.8221287131309509,--,--,--,--,0.5400000214576721,0.8199999928474426,0.746016800403595
4,5123,0.12476649135351181,-0.07126006484031677,0.27337074279785156,0.5099999904632568,0.9399999976158142,--,--,--,--,0.566100001335144,0.9399999976158142,0.8120402693748474
4,5124,0.1067962497472763,-0.06623941659927368,0.19859792292118073,0.5,0.8968603014945984,--,--,--,--,0.5,0.8952999711036682,0.8110902309417725
4,5125,0.14464356005191803,-0.05543357506394386,0.2770327031612396,0.6299999952316284,1.021911382675171,--,--,--,--,0.6299999952316284,1.0217000246047974,0.8843683004379272
4,5126,0.16486020386219025,-0.05431079491972923,0.30523326992988586,0.5299999713897705,0.9812489151954651,--,--,--,--,0.5849300026893616,0.9794399738311768,0.8557753562927246
4,5127,0.04269224405288696,-0.06874781101942062,0.13114963471889496,0.5600000023841858,0.9575900435447693,--,--,--,--,0.5691800117492676,0.9573299884796143,0.708345353603363
4,5128,0.12694451212882996,-0.053743962198495865,0.2196168303489685,0.5400000214576721,0.8120220303535461,--,--,--,--,0.5400000214576721,0.8118299841880798,0.729368269443512
4,5129,0.15929089486598969,-0.043068356812000275,0.2660538852214813,0.6299999952316284,0.9127171039581299,--,--,--,--,0.6600000262260437,0.9122800230979919,0.8278908133506775
4,5130,0.045704882591962814,-0.06538096070289612,0.12429393827915192,0.5199999809265137,0.9929085969924927,--,--,--,--,0.5338299870491028,0.9923200011253357,0.7244308590888977
4,5131,0.14713165163993835,-0.053329017013311386,0.25136467814445496,0.5699999928474426,0.9900147914886475,--,--,--,--,0.5799999833106995,0.9869899749755859,0.8078815937042236
4,5132,0.07093369960784912,-0.08568958193063736,0.15370281040668488,0.5400000214576721,0.8206093907356262,--,--,--,--,0.5400000214576721,0.820360004901886,0.6767510175704956
4,5133,0.14530524611473083,-0.03621223196387291,0.24058204889297485,0.5400000214576721,0.9599999785423279,--,--,--,--,0.5838599801063538,0.9597899913787842,0.8559103608131409
4,5134,0.12344398349523544,-0.030287092551589012,0.2181580662727356,0.550000011920929,0.9200000166893005,--,--,--,--,0.5854099988937378,0.9198899865150452,0.8291210532188416
4,5135,0.2934234142303467,-0.08479106426239014,0.36737293004989624,0.5699999928474426,0.9600276947021484,0.5086710453033447,0.5379338264465332,0.5049812197685242,0.5217917561531067,0.5699999928474426,0.959659993648529,0.843824565410614
4,5136,0.3256711959838867,-0.0742936059832573,0.4214824140071869,0.5600000023841858,0.9511911273002625,0.5173420906066895,0.5350445508956909,0.5099624991416931,0.5201319456100464,0.5600000023841858,0.950410008430481,0.8664209842681885
4,5137,0.317912220954895,-0.03467705845832825,0.42877066135406494,0.5600000023841858,0.7118282318115234,0.6213947534561157,0.7063699960708618,0.569737434387207,0.6185529828071594,0.5600000023841858,0.9002100229263306,0.7966763377189636
4,5138,0.4190852642059326,-0.02005869895219803,0.5589083433151245,0.8600000143051147,0.9889196753501892,0.5086710453033447,0.5173417329788208,0.5049812197685242,0.509962260723114,0.8600000143051147,0.9888700246810913,0.9668230414390564
4,5139,0.3377482295036316,-0.022611916065216064,0.46754881739616394,0.5899999737739563,0.7018282413482666,0.6300658583641052,0.7479496598243713,0.5747186541557312,0.6424391865730286,0.5899999737739563,0.9434700012207031,0.8231405019760132
4,5140,0.12760886549949646,-0.057054560631513596,0.23622961342334747,0.5799999833106995,0.9403950572013855,--,--,--,--,0.5799999833106995,0.9369000196456909,0.8351189494132996
4,5141,0.10340572893619537,-0.02659570425748825,0.1682126373052597,0.5600000023841858,0.9809389710426331,--,--,--,--,0.5887899994850159,0.9790499806404114,0.828681230545044
4,5142,0.13526424765586853,-0.06941630691289902,0.2171476185321808,0.5299999713897705,0.9409745931625366,--,--,--,--,0.5923799872398376,0.9355199933052063,0.8384535312652588
4,5143,0.0873621255159378,-0.059732452034950256,0.16111692786216736,0.550000011920929,0.8000189065933228,--,--,--,--,0.550000011920929,0.7970799803733826,0.7259376049041748
4,5144,0.13778728246688843,-0.06693663448095322,0.2345968782901764,0.5299999713897705,0.9876533150672913,--,--,--,--,0.5964099764823914,0.9872599840164185,0.8783549666404724
4,5145,0.28724434971809387,-0.022090250626206398,0.4248686730861664,0.6700000166893005,0.9809975028038025,0.5065252184867859,0.5195732116699219,0.5075777173042297,0.5227302312850952,0.7028300166130066,0.9790199995040894,0.910563051700592
4,5146,0.27323055267333984,-0.002020485932007432,0.43343400955200195,0.800000011920929,0.8302483558654785,0.5391513705253601,0.5718652606010437,0.5454661250114441,0.5834564566612244,0.8041599988937378,0.881850004196167,0.8498110771179199
4,5147,0.2113969773054123,-0.014908671379089355,0.3179774880409241,0.550000011920929,0.7360466122627258,0.5717775225639343,0.658705472946167,0.5833545923233032,0.6843031048774719,0.5712400078773499,0.8214499950408936,0.7509192228317261
4,5148,0.2727661728858948,-0.023358643054962158,0.3981229364871979,0.6700000166893005,0.9665083885192871,0.5,0.5073407292366028,0.5,0.5085247159004211,0.7023599743843079,0.965399980545044,0.8927483558654785
4,5149,0.2640208601951599,-0.013847162015736103,0.39317822456359863,0.6700000166893005,0.8311507701873779,0.5195757150650024,0.5787909626960754,0.5227330923080444,0.5914991497993469,0.6892300248146057,0.8479300141334534,0.8140373826026917
4,5150,0.1136322170495987,-0.02786429598927498,0.18839098513126373,0.5600000023841858,0.9274945259094238,--,--,--,--,0.6009399890899658,0.9263299703598022,0.8589386940002441
4,5151,0.08149945735931396,-0.06455694884061813,0.1543152630329132,0.5600000023841858,0.9659077525138855,--,--,--,--,0.5699999928474426,0.9648200273513794,0.7976099252700806
4,5152,0.08745028078556061,-0.010521330870687962,0.13366837799549103,0.6000000238418579,0.8419966697692871,--,--,--,--,0.6162400245666504,0.8415899872779846,0.7507461905479431
4,5153,0.09323111921548843,-0.054153330624103546,0.15844815969467163,0.5099999904632568,0.8311777114868164,--,--,--,--,0.5346500277519226,0.8293099999427795,0.7006644606590271
4,5154,0.10174074023962021,-0.02490609511733055,0.16807317733764648,0.550000011920929,0.988986611366272,--,--,--,--,0.5835999846458435,0.9853000044822693,0.8308895826339722
4,5155,0.08066847175359726,-0.03393431752920151,0.1602354347705841,0.6200000047683716,1.0204744338989258,--,--,--,--,0.6399999856948853,1.017300009727478,0.8032816052436829
4,5156,0.0834035649895668,-0.05935317277908325,0.14705775678157806,0.5,0.8810219168663025,--,--,--,--,0.530489981174469,0.8778200149536133,0.7254258990287781
4,5157,0.12001338601112366,-0.0412692055106163,0.1895788460969925,0.6000000238418579,0.9201095104217529,--,--,--,--,0.6000000238418579,0.9178500175476074,0.826912522315979
4,5158,0.13399504125118256,-0.04260493814945221,0.22805805504322052,0.6499999761581421,0.9435674548149109,--,--,--,--,0.6499999761581421,0.9425299763679504,0.8860418200492859
4,5159,0.11619532108306885,-0.0481904000043869,0.18515221774578094,0.550000011920929,1.0139559507369995,--,--,--,--,0.550000011920929,1.0116000175476074,0.9198994040489197
4,5160,0.17325614392757416,-0.09678864479064941,0.2799038290977478,0.6200000047683716,0.9600444436073303,--,--,--,--,0.6200000047683716,0.9545800089836121,0.8876938223838806
4,5161,0.0991898626089096,-0.08272188156843185,0.1947556734085083,0.5400000214576721,0.8999999761581421,--,--,--,--,0.6000000238418579,0.8794500231742859,0.7363724112510681
4,5162,0.13966861367225647,-0.17264337837696075,0.23202361166477203,0.5099999904632568,0.8999999761581421,--,--,--,--,0.5099999904632568,0.8999999761581421,0.7810116410255432
4,5163,0.14900322258472443,-0.13134901225566864,0.22511881589889526,0.5400000214576721,0.9275878667831421,--,--,--,--,0.5400000214576721,0.9268800020217896,0.8021779656410217
4,5164,0.14733195304870605,-0.08652298152446747,0.25629714131355286,0.5199999809265137,0.9445497989654541,--,--,--,--,0.5916299819946289,0.9437299966812134,0.8285430073738098
4,5165,0.3322032392024994,-0.09371844679117203,0.4512183666229248,0.6200000047683716,0.9690413475036621,0.5,0.5,0.5099999904632568,0.5412444472312927,0.6200000047683716,0.9681299924850464,0.8901017308235168
4,5166,0.34909525513648987,-0.0951780304312706,0.4697742462158203,0.6899999976158142,0.992499828338623,0.5,0.5,0.5,0.5112444162368774,0.6899999976158142,0.9900000095367432,0.9100273847579956
4,5167,0.3890458345413208,-0.043874628841876984,0.5467173457145691,0.7900000214576721,0.9300825595855713,0.5,0.5,0.5099999904632568,0.5820000171661377,0.7900000214576721,0.9405699968338013,0.9149011969566345
4,5168,0.26123493909835815,-0.16653476655483246,0.3451378047466278,0.5299999713897705,0.8899999856948853,0.5,0.5,0.5600000023841858,0.5799999833106995,0.5299999713897705,0.8899999856948853,0.79966139793396
4,5169,0.3019997775554657,-0.10752301663160324,0.43117275834083557,0.550000011920929,0.8551321029663086,0.5,0.5,0.5400000214576721,0.6601777672767639,0.550000011920929,0.8670499920845032,0.8165263533592224
4,5170,0.13232754170894623,-0.0714694932103157,0.2259327620267868,0.5099999904632568,0.9425945281982422,--,--,--,--,0.5637500286102295,0.9399999976158142,0.805822491645813
4,5171,0.15230438113212585,-0.09873224049806595,0.23577706515789032,0.5299999713897705,1.0248602628707886,--,--,--,--,0.5299999713897705,1.0236999988555908,0.9007166624069214
4,5172,0.12360244989395142,-0.11663591861724854,0.1972571164369583,0.5199999809265137,0.8853047490119934,--,--,--,--,0.5758100152015686,0.881850004196167,0.762178361415863
4,5173,0.08765558898448944,-0.06858782470226288,0.15528413653373718,0.5099999904632568,0.9551110863685608,--,--,--,--,0.5099999904632568,0.9391000270843506,0.758903980255127
4,5174,0.14991694688796997,-0.07164981961250305,0.26335611939430237,0.6499999761581421,0.9611111283302307,--,--,--,--,0.6600000262260437,0.9495099782943726,0.8473236560821533
4,5175,0.22644272446632385,-0.06689498573541641,0.33764755725860596,0.5,0.9303137063980103,0.5293941497802734,0.5587769746780396,0.5059987902641296,0.5119953155517578,0.5,0.9300000071525574,0.8126683831214905
4,5176,0.2348334938287735,-0.05444104224443436,0.35565319657325745,0.5099999904632568,0.8631225824356079,0.5293941497802734,0.5882841348648071,0.5059987902641296,0.5180171728134155,0.5099999904632568,0.8617299795150757,0.7943989634513855
4,5177,0.25336191058158875,-0.04809578135609627,0.3843505084514618,0.5899999737739563,0.8406924605369568,0.5391921401023865,0.6242445707321167,0.5079984068870544,0.5253560543060303,0.5899999737739563,0.8403599858283997,0.7936088442802429
4,5178,0.2209828794002533,-0.04351656883955002,0.34434282779693604,0.550000011920929,0.7728867530822754,0.5587882399559021,0.7097571492195129,0.5119975805282593,0.5428075790405273,0.550000011920929,0.8131600022315979,0.7566682696342468
4,5179,0.24790801107883453,-0.060200221836566925,0.37255388498306274,0.5299999713897705,0.9214121699333191,0.5195960998535156,0.5795953273773193,0.5039991736412048,0.5162439346313477,0.5299999713897705,0.9208300113677979,0.8257444500923157
4,5180,0.13951358199119568,-0.0627182200551033,0.25114762783050537,0.6200000047683716,0.9123514890670776,--,--,--,--,0.6200000047683716,0.9081000089645386,0.8225973844528198
4,5181,0.10444408655166626,-0.07080527395009995,0.18258251249790192,0.6100000143051147,0.9901890754699707,--,--,--,--,0.6296799778938293,0.9810199737548828,0.788975715637207
4,5182,0.12616154551506042,-0.11516809463500977,0.21815268695354462,0.5400000214576721,0.9525952339172363,--,--,--,--,0.5400000214576721,0.9449399709701538,0.8282679915428162
4,5183,0.1283932477235794,-0.029616430401802063,0.23498743772506714,0.6600000262260437,0.9577882289886475,--,--,--,--,0.6600000262260437,0.9546700119972229,0.866740882396698
4,5184,0.1065533310174942,-0.03576976805925369,0.21557535231113434,0.5699999928474426,1.0209969282150269,--,--,--,--,0.623520016670227,1.0125999450683594,0.8410043120384216
4,5185,0.2753618657588959,-0.06023247912526131,0.407318115234375,0.5400000214576721,0.9233131408691406,0.5199862718582153,0.5705687403678894,0.5007402300834656,0.5026136636734009,0.6078600287437439,0.9200000166893005,0.8330240845680237
4,5186,0.24535036087036133,-0.07227574288845062,0.3637818694114685,0.5199999809265137,0.9914107322692871,0.5,0.5112407207489014,0.5,0.5004163384437561,0.604669988155365,0.9900000095367432,0.8469409942626953
4,5187,0.2869880795478821,-0.017371423542499542,0.426583856344223,0.5899999737739563,0.9688873887062073,0.5099931359291077,0.5199862718582153,0.5003701448440552,0.5007402300834656,0.6440100073814392,0.9681000113487244,0.8792192339897156
4,5188,0.3185619115829468,-0.03266090154647827,0.48310184478759766,0.6499999761581421,0.9379889369010925,0.5199862718582153,0.550212562084198,0.5007402300834656,0.501859724521637,0.6981499791145325,0.9372900128364563,0.8779764175415039
4,5189,0.28602108359336853,-0.05542321130633354,0.45392462611198425,0.6000000238418579,0.8606525659561157,0.5399726033210754,0.593269407749176,0.5014804601669312,0.5034544467926025,0.6482300162315369,0.8600000143051147,0.8092458844184875
4,5190,0.36533641815185547,-0.01628905162215233,0.5126689076423645,0.7400000095367432,1.021225929260254,0.5,0.5027878880500793,0.5,0.5108981132507324,0.7400000095367432,1.0162999629974365,0.943264365196228
4,5191,0.3332582414150238,-0.0744871124625206,0.46947798132896423,0.6499999761581421,1.0077159404754639,0.5,0.5,0.5,0.5,0.6499999761581421,1.0003999471664429,0.9050105810165405
4,5192,0.29787197709083557,-0.06041634455323219,0.4871155023574829,0.6000000238418579,0.7500271201133728,0.5049566626548767,0.5641982555389404,0.5193760395050049,0.7509567737579346,0.6000000238418579,0.8697299957275391,0.787204384803772
4,5193,0.35304197669029236,-0.03707490488886833,0.5025030374526978,0.6899999976158142,0.9924140572547913,0.5024783611297607,0.5049560070037842,0.5096880197525024,0.5193734765052795,0.6899999976158142,0.987060010433197,0.9151990413665771
4,5194,0.30172964930534363,-0.1197279542684555,0.43251219391822815,0.6200000047683716,0.9997376203536987,0.5,0.5,0.5,0.5,0.6200000047683716,0.9910500049591064,0.8687911033630371
4,5195,0.11167281121015549,-0.0870855450630188,0.21366465091705322,0.5199999809265137,0.9900000095367432,--,--,--,--,0.550000011920929,0.9900000095367432,0.8419724702835083
4,5196,0.12397608160972595,-0.03883957862854004,0.23536589741706848,0.7099999785423279,0.9509834051132202,--,--,--,--,0.7537800073623657,0.949999988079071,0.8922312259674072
4,5197,0.10076423734426498,-0.0522298701107502,0.19481579959392548,0.5299999713897705,0.8929008841514587,--,--,--,--,0.5299999713897705,0.8899999856948853,0.7762473225593567
4,5198,0.11339619755744934,-0.052335552871227264,0.21253301203250885,0.6000000238418579,0.9944436550140381,--,--,--,--,0.6000000238418579,0.9900000095367432,0.883755087852478
4,5199,0.09150499850511551,-0.040796034038066864,0.17821104824543,0.550000011920929,0.9118528366088867,--,--,--,--,0.5848299860954285,0.9100000262260437,0.7838961482048035
4,5200,0.3052292764186859,-0.03088591992855072,0.424783855676651,0.6800000071525574,0.949999988079071,0.5,0.5042315125465393,0.5,0.5220978260040283,0.7299399971961975,0.9437900185585022,0.8655035495758057
4,5201,0.3365696668624878,0.0,0.5103082656860352,0.7699999809265137,0.8201296925544739,0.5075228810310364,0.5346028804779053,0.539286196231842,0.68070387840271,0.7819399833679199,0.9039199948310852,0.8531673550605774
4,5202,0.18077640235424042,0.0,0.27062755823135376,0.6100000143051147,0.6499999761581421,0.511284351348877,0.5451889634132385,0.5589293241500854,0.7359869480133057,0.6174100041389465,0.7670599818229675,0.6983746290206909
4,5203,0.3447493612766266,-0.007070500403642654,0.5082153081893921,0.7599999904632568,0.8606590032577515,0.5037614703178406,0.5211398601531982,0.5196431279182434,0.6103971600532532,0.7805699706077576,0.890209972858429,0.8593698740005493
4,5204,0.3078460991382599,-0.03508658707141876,0.42455995082855225,0.6499999761581421,0.9700000286102295,0.5037614703178406,0.5056416392326355,0.5196431279182434,0.5294619798660278,0.698889970779419,0.9631199836730957,0.8708826899528503
4,5205,0.1134539395570755,-0.11512652784585953,0.2111225426197052,0.550000011920929,0.9033172726631165,--,--,--,--,0.550000011920929,0.8996800184249878,0.8217740654945374
4,5206,0.09338384121656418,-0.08678575605154037,0.1783953756093979,0.5699999928474426,0.9755448698997498,--,--,--,--,0.5699999928474426,0.9704999923706055,0.8061228394508362
4,5207,0.12284617125988007,-0.12948061525821686,0.21171630918979645,0.550000011920929,0.873441219329834,--,--,--,--,0.550000011920929,0.8731399774551392,0.7916538119316101
4,5208,0.12309494614601135,-0.11489631980657578,0.23684650659561157,0.5699999928474426,0.949999988079071,--,--,--,--,0.5699999928474426,0.9480400085449219,0.8764926791191101
4,5209,0.09069793671369553,-0.07912629097700119,0.17076446115970612,0.5299999713897705,0.8661192059516907,--,--,--,--,0.5799999833106995,0.860480010509491,0.7521288394927979
4,5210,0.32327038049697876,-0.024522345513105392,0.49036139249801636,0.6499999761581421,0.9718434810638428,0.5099948048591614,0.5324806571006775,0.5003224015235901,0.5010477900505066,0.6706699728965759,0.9690499901771545,0.9025364518165588
4,5211,0.36421746015548706,-0.015250974334776402,0.5660439729690552,0.8399999737739563,0.9502326846122742,0.5299844145774841,0.5412273406982422,0.500967264175415,0.5013298988342285,0.8482800126075745,0.949999988079071,0.9285606145858765
4,5212,0.2403126209974289,-0.02735457755625248,0.35980653762817383,0.550000011920929,0.8438355922698975,0.5099948048591614,0.574425458908081,0.5003224015235901,0.502400815486908,0.5683299899101257,0.8411800265312195,0.7886354327201843
4,5213,0.15890124440193176,-0.02819797955453396,0.2540847957134247,0.550000011920929,0.7230713963508606,0.6399272084236145,0.6915022134780884,0.5045138001441956,0.5061774849891663,0.561959981918335,0.7811300158500671,0.7208645343780518
4,5214,0.3400859534740448,-0.003401093650609255,0.5436791777610779,0.8700000047683716,0.8899999856948853,0.5199896097183228,0.5909388065338135,0.5006448030471802,0.5029335021972656,0.8700000047683716,0.9252300262451172,0.9000852108001709
4,5215,0.11123787611722946,-0.07610268890857697,0.1799841821193695,0.550000011920929,0.9195722937583923,--,--,--,--,0.571179986000061,0.9164800047874451,0.8291356563568115
4,5216,0.09874510765075684,-0.07164398580789566,0.17107424139976501,0.6100000143051147,0.9057360291481018,--,--,--,--,0.6100000143051147,0.8991600275039673,0.8316354751586914
4,5217,0.06514705717563629,-0.07158824801445007,0.14681169390678406,0.6000000238418579,1.0091015100479126,--,--,--,--,0.6000000238418579,0.9973400235176086,0.8089665770530701
4,5218,0.08365608751773834,-0.08165577054023743,0.16511134803295135,0.550000011920929,0.8611753582954407,--,--,--,--,0.550000011920929,0.854420006275177,0.7850480079650879
4,5219,0.11004886776208878,-0.04497106000781059,0.20036089420318604,0.5099999904632568,0.9602472186088562,--,--,--,--,0.5099999904632568,0.9599999785423279,0.828430712223053
4,5220,0.24035704135894775,-0.6751697063446045,0.3886888325214386,0.6700000166893005,0.9801892638206482,0.5092694759368896,0.5092694759368896,0.5037519335746765,0.5037519335746765,0.7833300232887268,0.7915700078010559,0.7870752215385437
4,5221,0.23406977951526642,-0.545597493648529,0.6119927167892456,0.5600000023841858,0.9130881428718567,0.5185389518737793,0.592689573764801,0.507503867149353,0.5375171899795532,0.7466700077056885,0.8050199747085571,0.7741172909736633
4,5222,0.3306359052658081,-0.1168724000453949,0.5152108669281006,0.8500000238418579,0.9414007663726807,0.5,0.5289667844772339,0.5,0.5117246508598328,0.8933299779891968,0.9113100171089172,0.9019700884819031
4,5223,0.2546890676021576,-0.47244733572006226,0.678259551525116,0.5299999713897705,0.8975933194160461,0.527808427810669,0.611510157585144,0.5112558007240295,0.5451350808143616,0.7466700077056885,0.8194500207901001,0.7815041542053223
4,5224,0.2642882168292999,-0.23249833285808563,0.4099638760089874,0.6700000166893005,0.8611087203025818,0.5463473200798035,0.6268109083175659,0.5187596082687378,0.5513282418251038,0.776669979095459,0.8631799817085266,0.8193647265434265
4,5225,0.3228468894958496,-0.028007907792925835,0.4400700032711029,0.6299999952316284,0.8100529313087463,0.5,0.5218448042869568,0.5,0.6286417841911316,0.6682599782943726,0.8268200159072876,0.7901325225830078
4,5226,0.24961942434310913,-0.0007298172567971051,0.3822306990623474,0.5600000023841858,0.6725000143051147,0.5334829688072205,0.5353662371635437,0.6971772909164429,0.7082679867744446,0.5813900232315063,0.8079800009727478,0.7337271571159363
4,5227,0.4156506061553955,-0.006352603901177645,0.6049887537956238,0.9300000071525574,1.003472089767456,0.5,0.5,0.5,0.5,0.9429100155830383,1.0018999576568604,0.9840217232704163
4,5228,0.35725390911102295,-0.026961004361510277,0.4998132586479187,0.7400000095367432,0.9408330321311951,0.5,0.5050641894340515,0.5,0.5298224091529846,0.7801300287246704,0.9361500144004822,0.8868488669395447
4,5229,0.3022327125072479,-0.05931461602449417,0.39777711033821106,0.5299999713897705,0.9302725195884705,0.5033482909202576,0.5122763514518738,0.5197177529335022,0.5722939372062683,0.6121000051498413,0.9186300039291382,0.8215155005455017
4,5230,0.289685994386673,-0.06914310902357101,0.42468398809432983,0.5600000023841858,0.9222119450569153,0.5086772441864014,0.5218011140823364,0.5390474796295166,0.5981051325798035,0.5600000023841858,0.9218299984931946,0.8546066880226135
4,5231,0.25623226165771484,-0.10831944644451141,0.358174204826355,0.5,0.866517186164856,0.5130158066749573,0.5239974856376648,0.5585712194442749,0.6079885959625244,0.5,0.8649399876594543,0.7967620491981506
4,5232,0.2547978162765503,-0.06549694389104843,0.36933961510658264,0.6100000143051147,0.8414283394813538,0.5021693110466003,0.5181076526641846,0.5097618699073792,0.5814844369888306,0.6100000143051147,0.8410099744796753,0.8009375929832458
4,5233,0.374077171087265,-0.020897770300507545,0.5724146366119385,0.8899999856948853,0.9799953699111938,0.5021693110466003,0.5065982341766357,0.5097618699073792,0.5296921133995056,0.8899999856948853,0.9798600077629089,0.9630120992660522
4,5234,0.2943052649497986,-0.11806435137987137,0.41184934973716736,0.6100000143051147,0.9599188566207886,0.5043386220932007,0.5087675452232361,0.5195237398147583,0.5394539833068848,0.6100000143051147,0.956250011920929,0.8602046966552734
4,5235,0.21764464676380157,-0.6547724008560181,0.8554233312606812,0.5400000214576721,0.9578258395195007,--,--,--,--,0.5899999737739563,0.776669979095459,0.7013615965843201
4,5236,0.1149536743760109,-0.5212809443473816,0.27312231063842773,0.5099999904632568,0.9043962955474854,--,--,--,--,0.6200000047683716,0.9027500152587891,0.7427595257759094
4,5237,0.20841598510742188,-0.8413330912590027,0.49789959192276,0.5199999809265137,0.9503623843193054,--,--,--,--,0.5600000023841858,0.8213499784469604,0.7175159454345703
4,5238,0.12622562050819397,-0.23959238827228546,0.31818804144859314,0.5199999809265137,0.9545213580131531,--,--,--,--,0.5199999809265137,0.8666700124740601,0.7895377278327942
4,5239,0.10296356678009033,-0.3558657169342041,0.22195099294185638,0.6399999856948853,0.9514220356941223,--,--,--,--,0.6399999856948853,0.9505500197410583,0.8336223363876343
4,5240,0.08757205307483673,-0.03971654921770096,0.17708076536655426,0.5299999713897705,1.00002920627594,--,--,--,--,0.5299999713897705,0.9946699738502502,0.8590664267539978
4,5241,0.08044586330652237,-0.07194932550191879,0.180829256772995,0.5199999809265137,0.8522251844406128,--,--,--,--,0.5199999809265137,0.8451799750328064,0.7258681058883667
4,5242,0.07346058636903763,-0.027589477598667145,0.12458529323339462,0.7400000095367432,0.9445316791534424,--,--,--,--,0.7400000095367432,0.9444400072097778,0.8843113780021667
4,5243,0.08711099624633789,-0.046284981071949005,0.20640157163143158,0.5099999904632568,0.8233018517494202,--,--,--,--,0.5099999904632568,0.8179799914360046,0.7229161858558655
4,5244,0.08646731823682785,-0.045521341264247894,0.1558709293603897,0.5400000214576721,0.7724710702896118,--,--,--,--,0.5400000214576721,0.7682300209999084,0.687257707118988
4,5245,0.2956601679325104,-0.036317214369773865,0.4554540514945984,0.7099999785423279,0.9009349346160889,0.5099866390228271,0.5605368614196777,0.5005165338516235,0.5031312108039856,0.7099999785423279,0.8978800177574158,0.8572086095809937
4,5246,0.2990894019603729,-0.037591904401779175,0.4643363952636719,0.6899999976158142,0.9155598282814026,0.5399466156959534,0.5499332547187805,0.5020661950111389,0.5025827288627625,0.6899999976158142,0.9122200012207031,0.8688251376152039
4,5247,0.23054464161396027,-0.022074256092309952,0.34017878770828247,0.5899999737739563,0.721631646156311,0.5499332547187805,0.7970719933509827,0.5025827288627625,0.5153657793998718,0.5899999737739563,0.842769980430603,0.7628909945487976
4,5248,0.12101421505212784,-0.014421493746340275,0.17889459431171417,0.550000011920929,0.6006249785423279,0.5199732780456543,0.8601910471916199,0.5010331273078918,0.5186305642127991,0.550000011920929,0.7542399764060974,0.6693640947341919
4,5249,0.27342551946640015,-0.054733384400606155,0.41496002674102783,0.550000011920929,0.8284205198287964,0.5099866390228271,0.6799131631851196,0.5005165338516235,0.5093058347702026,0.550000011920929,0.8428400158882141,0.7941820025444031
4,5250,0.1767893135547638,-0.030888177454471588,0.2787020802497864,0.6899999976158142,0.9399327635765076,--,--,--,--,0.734470009803772,0.9370499849319458,0.8706706762313843
4,5251,0.17806009948253632,-0.08913327753543854,0.2865084111690521,0.5699999928474426,0.9536734819412231,--,--,--,--,0.6383699774742126,0.9475299715995789,0.8531672954559326
4,5252,0.18734142184257507,-0.041230376809835434,0.30827394127845764,0.7799999713897705,0.9512245059013367,--,--,--,--,0.7799999713897705,0.9498699903488159,0.9199013113975525
4,5253,0.11991807073354721,-0.10058815032243729,0.22866250574588776,0.5400000214576721,0.8467913866043091,--,--,--,--,0.5400000214576721,0.8463900089263916,0.7514923810958862
4,5254,0.10602433979511261,-0.09041063487529755,0.1968543529510498,0.5199999809265137,0.9923588037490845,--,--,--,--,0.5553900003433228,0.9917200207710266,0.7634488344192505
4,5255,0.15036599338054657,-0.06903410702943802,0.22595509886741638,0.5799999833106995,0.8907709717750549,--,--,--,--,0.6255699992179871,0.8868200182914734,0.7894822955131531
4,5256,0.175987109541893,-0.057188909500837326,0.277477502822876,0.6800000071525574,0.9372017979621887,--,--,--,--,0.6899999976158142,0.9356600046157837,0.8652903437614441
4,5257,0.1174098402261734,-0.09590942412614822,0.19561676681041718,0.5099999904632568,0.9840043187141418,--,--,--,--,0.5099999904632568,0.9701300263404846,0.7647960186004639
4,5258,0.1608780175447464,-0.13992270827293396,0.2902640700340271,0.5,0.9358628988265991,--,--,--,--,0.5,0.9341700077056885,0.8472288250923157
4,5259,0.1448005586862564,-0.1338387280702591,0.2430187612771988,0.5199999809265137,0.923211395740509,--,--,--,--,0.5199999809265137,0.921180009841919,0.7901226878166199
4,5260,0.1261020004749298,-0.07751520723104477,0.25628364086151123,0.5699999928474426,1.0074650049209595,--,--,--,--,0.5699999928474426,1.0046000480651855,0.8646209239959717
4,5261,0.0738845095038414,-0.03418286144733429,0.1491304337978363,0.699999988079071,0.9714277982711792,--,--,--,--,0.699999988079071,0.968559980392456,0.8181010484695435
4,5262,0.0902755856513977,-0.07089687138795853,0.18453620374202728,0.5299999713897705,0.8603169918060303,--,--,--,--,0.550000011920929,0.8545699715614319,0.7338879704475403
4,5263,0.1282731592655182,-0.04578055441379547,0.2484206259250641,0.6399999856948853,0.890423595905304,--,--,--,--,0.675000011920929,0.8866299986839294,0.8156638145446777
4,5264,0.12756049633026123,-0.07198705524206161,0.2678506076335907,0.5799999833106995,0.9502051472663879,--,--,--,--,0.5799999833106995,0.9477999806404114,0.883537232875824
4,5265,0.24973264336585999,-0.03584444150328636,0.3455195426940918,0.5099999904632568,0.8681671023368835,0.5006507635116577,0.5067514777183533,0.5099788308143616,0.6035225987434387,0.5546000003814697,0.8657199740409851,0.7935101389884949
4,5266,0.2972041368484497,-0.03357737138867378,0.4362826645374298,0.5699999928474426,0.8417035937309265,0.5032539367675781,0.509266197681427,0.5498940348625183,0.642081618309021,0.6089900135993958,0.8472499847412109,0.8005297780036926
4,5267,0.2730802297592163,-0.034448232501745224,0.3898029923439026,0.550000011920929,0.9901016354560852,0.5,0.5026141405105591,0.5,0.5400838255882263,0.6017699837684631,0.9870200157165527,0.8724860548973083
4,5268,0.2129308134317398,-0.01595809869468212,0.2967321574687958,0.5899999737739563,0.7448090314865112,0.5013015866279602,0.509344756603241,0.5199576020240784,0.6432862877845764,0.6113899946212769,0.7817999720573425,0.7397956848144531
4,5269,0.2671431005001068,-0.008900895714759827,0.4189079701900482,0.6000000238418579,0.7400647401809692,0.5058571100234985,0.517346203327179,0.589809238910675,0.7659751176834106,0.6198899745941162,0.8586699962615967,0.777933657169342
4,5270,0.24950017035007477,-0.08850231766700745,0.36424481868743896,0.550000011920929,0.8832233548164368,0.5,0.5468875765800476,0.5,0.5649212598800659,0.550000011920929,0.8775299787521362,0.8130921721458435
4,5271,0.30637499690055847,-0.04774441570043564,0.4910487234592438,0.6499999761581421,0.9086995720863342,0.5058549046516418,0.5647852420806885,0.5081067681312561,0.5897026062011719,0.6499999761581421,0.9143800139427185,0.8789110779762268
4,5272,0.2884596884250641,-0.07958879321813583,0.45336905121803284,0.5600000023841858,0.8887022733688354,0.5058549046516418,0.5662810802459717,0.5081067681312561,0.5917737483978271,0.5600000023841858,0.8833500146865845,0.8397037386894226
4,5273,0.3033579885959625,-0.05205506458878517,0.4568253457546234,0.7200000286102295,0.9502409100532532,0.5,0.5182949900627136,0.5,0.5253314971923828,0.7200000286102295,0.9462699890136719,0.8870740532875061
4,5274,0.3366023004055023,-0.012523733079433441,0.5419719219207764,0.8199999928474426,0.9266541600227356,0.5,0.5430145263671875,0.5,0.5595585703849792,0.8199999928474426,0.9472299814224243,0.9214946031570435
4,5275,0.11548341810703278,-0.08442742377519608,0.2094385176897049,0.5400000214576721,0.9645122289657593,--,--,--,--,0.5400000214576721,0.9598600268363953,0.8420325517654419
4,5276,0.11055802553892136,-0.028757886961102486,0.18464812636375427,0.5699999928474426,0.9847366809844971,--,--,--,--,0.5699999928474426,0.9824600219726562,0.7954285144805908
4,5277,0.1306058019399643,-0.06007090210914612,0.24249215424060822,0.5699999928474426,1.0046027898788452,--,--,--,--,0.5699999928474426,1.0032999515533447,0.8555200695991516
4,5278,0.12291896343231201,-0.06196083500981331,0.20885375142097473,0.6100000143051147,0.9288496971130371,--,--,--,--,0.6359099745750427,0.9266600012779236,0.8475825786590576
4,5279,0.11225823312997818,-0.054140783846378326,0.18411961197853088,0.5199999809265137,0.9118244647979736,--,--,--,--,0.5299999713897705,0.9100000262260437,0.7565574645996094
4,5280,0.06592989712953568,-0.1455744355916977,0.10135625302791595,0.5299999713897705,0.6306613087654114,0.519020676612854,0.5618492364883423,0.5351882576942444,0.6144211292266846,0.5299999713897705,0.6702899932861328,0.6314986944198608
4,5281,0.2987784445285797,-0.025249343365430832,0.4659290909767151,0.6700000166893005,0.8204163908958435,0.538041353225708,0.5819809436798096,0.5703765153884888,0.6516647338867188,0.6700000166893005,0.8727499842643738,0.8190435767173767
4,5282,0.28327780961990356,-0.018221305683255196,0.4180326461791992,0.7300000190734863,0.8306612968444824,0.5,0.5337703227996826,0.5,0.5624750852584839,0.7300000190734863,0.8354499936103821,0.8162937760353088
4,5283,0.3485022485256195,-0.016509320586919785,0.5313431620597839,0.8399999737739563,0.9602124691009521,0.5047551989555359,0.5142613649368286,0.5087970495223999,0.5263835191726685,0.8399999737739563,0.9599999785423279,0.9301446080207825
4,5284,0.2600266635417938,-0.056048519909381866,0.3606312572956085,0.5199999809265137,0.9665055871009827,0.5047551989555359,0.5144616365432739,0.5087970495223999,0.5267539620399475,0.5199999809265137,0.9630600214004517,0.8459033966064453
4,5285,0.045509811490774155,-0.1775108426809311,0.13052113354206085,0.5400000214576721,0.9796786308288574,--,--,--,--,0.5554400086402893,0.9794099926948547,0.7272483110427856
4,5286,0.09486469626426697,-0.030948761850595474,0.17343954741954803,0.6700000166893005,0.9023524522781372,--,--,--,--,0.6700000166893005,0.9013199806213379,0.831010103225708
4,5287,0.06736864149570465,-0.17885340750217438,0.055575743317604065,0.5199999809265137,0.7567485570907593,--,--,--,--,0.5252799987792969,0.7567099928855896,0.622297465801239
4,5288,0.10276005417108536,-0.03562266379594803,0.18100053071975708,0.6600000262260437,0.9400891661643982,--,--,--,--,0.6800000071525574,0.9385700225830078,0.8425909876823425
4,5289,0.08181902766227722,-0.14537429809570312,0.16656304895877838,0.550000011920929,0.8694328665733337,--,--,--,--,0.5699999928474426,0.8692299723625183,0.7496524453163147
4,5290,0.341596782207489,-0.01902777887880802,0.5565624833106995,0.7400000095367432,0.859973132610321,0.5141421556472778,0.5698150992393494,0.5141421556472778,0.5698150992393494,0.7400000095367432,0.8719099760055542,0.8418099284172058
4,5291,0.3508553206920624,-0.01947486586868763,0.5555667281150818,0.7300000190734863,0.9010603427886963,0.5141421556472778,0.5506336688995361,0.5141421556472778,0.5506336688995361,0.7485600113868713,0.9006500244140625,0.8705145120620728
4,5292,0.3211096525192261,-0.037341903895139694,0.5021548271179199,0.5899999737739563,0.8911553025245667,0.5424264073371887,0.563800036907196,0.5424264073371887,0.563800036907196,0.6230999827384949,0.8904399871826172,0.8299120664596558
4,5293,0.19423159956932068,-0.017242513597011566,0.3621905446052551,0.5699999928474426,0.7044442296028137,0.5494974851608276,0.5871919989585876,0.5494974851608276,0.5871919989585876,0.5834400057792664,0.7383700013160706,0.6996918320655823
4,5294,0.3033914566040039,-0.0281430222094059,0.4577089250087738,0.5299999713897705,0.9754375219345093,0.5,0.5220820307731628,0.5,0.5220820307731628,0.573390007019043,0.974560022354126,0.8810641765594482
4,5295,0.2685912847518921,-0.1347019523382187,0.41759711503982544,0.5199999809265137,0.8906616568565369,0.5409616231918335,0.5962597727775574,0.5286731123924255,0.5673817992210388,0.5199999809265137,0.8874599933624268,0.8125999569892883
4,5296,0.314281165599823,-0.05755108594894409,0.45684683322906494,0.6299999952316284,0.9969377517700195,0.5,0.5163846611976624,0.5,0.5114692449569702,0.6299999952316284,0.9962700009346008,0.9182819724082947
4,5297,0.23403127491474152,-0.10825952142477036,0.4035332202911377,0.5,0.7776857614517212,0.5327692627906799,0.6697468161582947,0.5229384899139404,0.6188227534294128,0.5,0.8554800152778625,0.776248037815094
4,5298,0.3680177330970764,-0.0460456982254982,0.5524048209190369,0.75,0.9502036571502686,0.5245769619941711,0.550175666809082,0.5172038674354553,0.5351229906082153,0.75,0.9484500288963318,0.9237856268882751
4,5299,0.2863995432853699,-0.1272859424352646,0.41257113218307495,0.5099999904632568,1.029977798461914,0.5,0.5,0.5,0.5,0.5099999904632568,1.0270999670028687,0.9104399085044861
4,5300,0.05853449925780296,-0.07445088028907776,0.14664959907531738,0.5199999809265137,0.6709753274917603,--,--,--,--,0.5299999713897705,0.6687700152397156,0.6205043792724609
4,5301,0.10706045478582382,-0.11799478530883789,0.22075578570365906,0.5099999904632568,0.9599999785423279,--,--,--,--,0.5199999809265137,0.9599999785423279,0.7522034645080566
4,5302,0.12379146367311478,-0.046501144766807556,0.1859864890575409,0.5799999833106995,0.890631377696991,--,--,--,--,0.6020699739456177,0.8855800032615662,0.7620441317558289
4,5303,0.11609616875648499,-0.08838193118572235,0.22274503111839294,0.5299999713897705,0.8614103198051453,--,--,--,--,0.5299999713897705,0.8600000143051147,0.730949878692627
4,5304,0.16859795153141022,-0.03216433525085449,0.2889152467250824,0.5400000214576721,0.9236807227134705,--,--,--,--,0.5905699729919434,0.9220499992370605,0.8453838229179382
4,5305,0.16088290512561798,-0.06501618772745132,0.26020801067352295,0.5400000214576721,0.9613627791404724,--,--,--,--,0.5886600017547607,0.956820011138916,0.8368366956710815
4,5306,0.1773107349872589,-0.059380680322647095,0.27985864877700806,0.6299999952316284,0.9957025647163391,--,--,--,--,0.686710000038147,0.993149995803833,0.901768147945404
4,5307,0.13744071125984192,-0.0626642256975174,0.22914887964725494,0.5099999904632568,0.910799503326416,--,--,--,--,0.5099999904632568,0.9044700264930725,0.7841118574142456
4,5308,0.06678713858127594,-0.05031348019838333,0.14722231030464172,0.5199999809265137,0.9674525260925293,--,--,--,--,0.5199999809265137,0.9660000205039978,0.7373880743980408
4,5309,0.1385744959115982,-0.0653337836265564,0.234986811876297,0.5099999904632568,0.9884020686149597,--,--,--,--,0.5099999904632568,0.9802899956703186,0.8165078163146973
4,5310,0.1395474225282669,-0.1414055973291397,0.3213345408439636,0.5,0.9729549288749695,--,--,--,--,0.5,0.9634600281715393,0.8557885885238647
4,5311,0.1509937196969986,-0.021450601518154144,0.3414166569709778,0.5199999809265137,0.9303496479988098,--,--,--,--,0.584850013256073,0.9300000071525574,0.8708786964416504
4,5312,0.10031281411647797,-0.025164013728499413,0.20491845905780792,0.6499999761581421,0.8211913704872131,--,--,--,--,0.6499999761581421,0.8154799938201904,0.7534416317939758
4,5313,0.11280173808336258,-0.0444263219833374,0.20969447493553162,0.5299999713897705,0.8799999952316284,--,--,--,--,0.5577499866485596,0.8799999952316284,0.7343986630439758
4,5314,0.13761349022388458,-0.025396184995770454,0.3207530379295349,0.800000011920929,0.940015971660614,--,--,--,--,0.800000011920929,0.9399999976158142,0.8907181620597839
4,5315,0.245897114276886,-0.04116751626133919,0.3570462763309479,0.5400000214576721,0.9899828433990479,0.5,0.5045306086540222,0.5,0.5102968811988831,0.628570020198822,0.9720199704170227,0.8384497761726379
4,5316,0.37678804993629456,-0.0072126141749322414,0.5862374901771545,0.8700000047683716,0.9924988150596619,0.5,0.5045306086540222,0.5,0.5102968811988831,0.8921200037002563,0.9894899725914001,0.9637893438339233
4,5317,0.3378232717514038,-0.00964669231325388,0.5353149175643921,0.7200000286102295,0.8930416107177734,0.5040273666381836,0.5344811677932739,0.5091531276702881,0.578366219997406,0.7523900270462036,0.9125499725341797,0.8752909898757935
4,5318,0.31355756521224976,-0.015243425033986568,0.4685528576374054,0.5899999737739563,0.8602217435836792,0.5120821595191956,0.5443012714385986,0.527459442615509,0.600684642791748,0.6377699971199036,0.861270010471344,0.8287281394004822
4,5319,0.2938258945941925,-0.015500516630709171,0.45774897933006287,0.5099999904632568,0.8334177136421204,0.5040273666381836,0.5694472789764404,0.5091531276702881,0.6578347086906433,0.5672600269317627,0.867609977722168,0.8091131448745728
4,5320,0.06052718684077263,-0.043593019247055054,0.17581555247306824,0.5199999809265137,0.9413222074508667,--,--,--,--,0.5404499769210815,0.9386100172996521,0.7693964838981628
4,5321,0.10030660033226013,-0.04927372187376022,0.22421878576278687,0.6200000047683716,0.8147987127304077,--,--,--,--,0.6200000047683716,0.8119300007820129,0.7327006459236145
4,5322,0.059180207550525665,-0.1463104635477066,0.18555186688899994,0.5199999809265137,0.6608331799507141,--,--,--,--,0.5320799946784973,0.6595399975776672,0.6231544017791748
4,5323,0.08827103674411774,-0.03821083530783653,0.25222763419151306,0.5699999928474426,1.0193932056427002,--,--,--,--,0.5997499823570251,1.0180000066757202,0.8696837425231934
4,5324,0.11391879618167877,-0.03255283832550049,0.2512798011302948,0.6000000238418579,0.9119084477424622,--,--,--,--,0.6267300248146057,0.9095699787139893,0.8507574796676636
4,5325,0.32787996530532837,-0.016679760068655014,0.5066515803337097,0.5199999809265137,1.022231101989746,0.5,0.510004460811615,0.5,0.5051451921463013,0.5550600290298462,1.0184999704360962,0.9184044003486633
4,5326,0.29896047711372375,-0.057745154947042465,0.44886380434036255,0.5699999928474426,0.9406344294548035,0.5088928937911987,0.5539085865020752,0.5045734643936157,0.5277244448661804,0.6029599905014038,0.9375100135803223,0.8494852185249329
4,5327,0.29486551880836487,-0.06386814266443253,0.442715048789978,0.5899999737739563,0.9501296281814575,0.5,0.5357183814048767,0.5,0.5183694362640381,0.6200000047683716,0.9468500018119812,0.8536064028739929
4,5328,0.3463103771209717,-0.011279121041297913,0.5329809188842773,0.7400000095367432,0.8820399045944214,0.5622501373291016,0.5891492962837219,0.5320143699645996,0.5458481907844543,0.7516400218009949,0.8954399824142456,0.8666583895683289
4,5329,0.37607336044311523,-0.010501401498913765,0.5675444006919861,0.8199999928474426,0.9930768609046936,0.5088928937911987,0.5088928937911987,0.5045734643936157,0.5045734643936157,0.8339700102806091,0.9916499853134155,0.9553590416908264
4,5330,0.13978198170661926,-0.03386542573571205,0.2525315284729004,0.5400000214576721,0.8727499842643738,--,--,--,--,0.5944899916648865,0.8695600032806396,0.787474513053894
4,5331,0.12489935755729675,-0.034257352352142334,0.23112614452838898,0.5,1.009645938873291,--,--,--,--,0.5684000253677368,1.0058000087738037,0.8354829549789429
4,5332,0.13756915926933289,-0.0729164332151413,0.27975350618362427,0.5199999809265137,0.8785224556922913,--,--,--,--,0.5199999809265137,0.8763499855995178,0.8027967810630798
4,5333,0.16196241974830627,-0.09196802228689194,0.3001087009906769,0.5299999713897705,0.9320635199546814,--,--,--,--,0.5299999713897705,0.9300000071525574,0.8476505875587463
4,5334,0.12928539514541626,-0.0567057840526104,0.2490464448928833,0.5799999833106995,0.9824958443641663,--,--,--,--,0.6000000238418579,0.9808700084686279,0.8265128135681152
4,5335,0.11337201297283173,-0.04153580591082573,0.2618769109249115,0.5600000023841858,0.9728341102600098,--,--,--,--,0.5916900038719177,0.9683899879455566,0.8414419293403625
4,5336,0.0810372531414032,-0.0954594612121582,0.18513254821300507,0.5400000214576721,0.7721051573753357,--,--,--,--,0.5595200061798096,0.7687600255012512,0.662280797958374
4,5337,0.09216786921024323,-0.06509676575660706,0.2655275762081146,0.5299999713897705,1.0038049221038818,--,--,--,--,0.5299999713897705,1.0012999773025513,0.8473287224769592
4,5338,0.1247551217675209,-0.04990324005484581,0.2777559757232666,0.6600000262260437,0.9900881052017212,--,--,--,--,0.6806100010871887,0.9870100021362305,0.9003235697746277
4,5339,0.11451927572488785,-0.030720293521881104,0.2583397626876831,0.6800000071525574,0.9919084310531616,--,--,--,--,0.699999988079071,0.9880200028419495,0.8642233610153198
4,5340,0.2900463938713074,-0.037137050181627274,0.41873207688331604,0.6000000238418579,0.9869535565376282,0.5099623799324036,0.5211678147315979,0.5008662939071655,0.5018406510353088,0.6465100049972534,0.9847699999809265,0.8804361820220947
4,5341,0.08295226097106934,-0.002755017951130867,0.17247161269187927,0.5299999713897705,0.5749993920326233,0.5498120188713074,0.8957270383834839,0.5043314695358276,0.5344110727310181,0.5369300246238708,0.7625399827957153,0.660487711429596
4,5342,0.2657307982444763,-0.007949519902467728,0.4049921929836273,0.699999988079071,0.8203955888748169,0.5099623799324036,0.5613754391670227,0.5008662939071655,0.5053369998931885,0.7129499912261963,0.8202199935913086,0.8007300496101379
4,5343,0.29030096530914307,-0.025827255100011826,0.4357457458972931,0.6899999976158142,0.8304331302642822,0.5099623799324036,0.5924845933914185,0.5008662939071655,0.5080421566963196,0.7087799906730652,0.835070013999939,0.8097532391548157
4,5344,0.2648422122001648,-0.04638504236936569,0.37614667415618896,0.5400000214576721,1.0060993432998657,0.5,0.5,0.5,0.5,0.5966399908065796,1.0032999515533447,0.8689461350440979
4,5345,0.3329179584980011,-0.05392661318182945,0.46942102909088135,0.7200000286102295,1.0016554594039917,0.5,0.5,0.5,0.5,0.7200000286102295,1.0010000467300415,0.9294880628585815
4,5346,0.24716457724571228,-0.07761109620332718,0.33288711309432983,0.5600000023841858,0.850085973739624,0.5048506855964661,0.5275775790214539,0.5194028615951538,0.6103103160858154,0.5600000023841858,0.8479300141334534,0.7855215072631836
4,5347,0.3064661920070648,-0.0546148382127285,0.43353864550590515,0.6200000047683716,0.9638295769691467,0.5048506855964661,0.5098004341125488,0.5194028615951538,0.5392016768455505,0.6200000047683716,0.96288001537323,0.8859020471572876
4,5348,0.23012802004814148,0.0,0.35954776406288147,0.6600000262260437,0.7949973940849304,0.5048506855964661,0.5496631860733032,0.5194028615951538,0.6986528038978577,0.6600000262260437,0.8451300263404846,0.7925902009010315
4,5349,0.26861345767974854,-0.10752156376838684,0.35132449865341187,0.5299999713897705,0.9399228692054749,0.5072760581970215,0.5122257471084595,0.5291042923927307,0.5489031076431274,0.5299999713897705,0.9368000030517578,0.8301889300346375
4,5350,0.10879923403263092,-0.04969816282391548,0.233970507979393,0.5299999713897705,0.8887048959732056,--,--,--,--,0.5299999713897705,0.8819299936294556,0.7613416314125061
4,5351,0.1257864385843277,-0.027800140902400017,0.20589904487133026,0.5400000214576721,0.8938793540000916,--,--,--,--,0.5631300210952759,0.8931999802589417,0.7340894341468811
4,5352,0.16662687063217163,-0.06987573206424713,0.3107527792453766,0.5299999713897705,1.0053143501281738,--,--,--,--,0.5299999713897705,1.0038000345230103,0.8577790260314941
4,5353,0.13790547847747803,-0.0478256531059742,0.26936402916908264,0.5899999737739563,0.9611072540283203,--,--,--,--,0.6000000238418579,0.9535300135612488,0.8295959830284119
4,5354,0.16233514249324799,-0.04297538101673126,0.2810038924217224,0.6200000047683716,0.9750756621360779,--,--,--,--,0.6200000047683716,0.973550021648407,0.8433529138565063
4,5355,0.1294289380311966,-0.049856625497341156,0.24431397020816803,0.5899999737739563,1.0041457414627075,--,--,--,--,0.5899999737739563,1.0002000331878662,0.8533982634544373
4,5356,0.11293215304613113,-0.03460089489817619,0.20778843760490417,0.6000000238418579,1.0204901695251465,--,--,--,--,0.6399999856948853,1.0190000534057617,0.851569414138794
4,5357,0.09815450012683868,-0.032640863209962845,0.18117806315422058,0.5899999737739563,0.9962329268455505,--,--,--,--,0.6000000238418579,0.9917600154876709,0.7989632487297058
4,5358,0.04704070836305618,-0.02563159540295601,0.08267231285572052,0.5099999904632568,0.8999974727630615,--,--,--,--,0.5099999904632568,0.8988100290298462,0.7078642845153809
4,5359,0.12721455097198486,-0.0054089161567389965,0.29616162180900574,0.8700000047683716,0.9424953460693359,--,--,--,--,0.875980019569397,0.9424300193786621,0.9178476333618164
4,5360,0.10084205865859985,-0.05561324954032898,0.20950773358345032,0.6499999761581421,0.9005275964736938,--,--,--,--,0.6499999761581421,0.8962100148200989,0.8084743618965149
4,5361,0.10013385862112045,-0.012352474965155125,0.2014933079481125,0.8199999928474426,0.8801119327545166,--,--,--,--,0.8199999928474426,0.8788599967956543,0.8585411310195923
4,5362,0.12946045398712158,-0.11254489421844482,0.25724995136260986,0.5799999833106995,1.0,--,--,--,--,0.5799999833106995,1.0,0.8588087558746338
4,5363,0.09007871150970459,-0.16320005059242249,0.17637169361114502,0.5,0.8191723823547363,--,--,--,--,0.5,0.8172500133514404,0.7319895029067993
4,5364,0.12713822722434998,-0.1001545637845993,0.24956578016281128,0.5600000023841858,0.9721260666847229,--,--,--,--,0.6167500019073486,0.9700000286102295,0.8539713025093079
4,5365,0.08945834636688232,-0.065302774310112,0.1918615996837616,0.5600000023841858,1.0219489336013794,--,--,--,--,0.5600000023841858,1.0144000053405762,0.8162769675254822
4,5366,0.10777045041322708,-0.05613158270716667,0.2417081743478775,0.6100000143051147,1.0,--,--,--,--,0.6100000143051147,0.9947800040245056,0.8766940236091614
4,5367,0.0927061066031456,-0.07801728695631027,0.21354766190052032,0.5699999928474426,0.9048172831535339,--,--,--,--,0.5699999928474426,0.9009900093078613,0.8148101568222046
4,5368,0.10587599873542786,-0.17499473690986633,0.19712594151496887,0.5099999904632568,0.9507342576980591,--,--,--,--,0.5099999904632568,0.949999988079071,0.7894667387008667
4,5369,0.07799689471721649,-0.09614468365907669,0.16549153625965118,0.5600000023841858,0.9904648065567017,--,--,--,--,0.5899999737739563,0.9879500269889832,0.792296826839447
4,5370,0.32327646017074585,-0.01779836416244507,0.470365047454834,0.5400000214576721,0.9348576664924622,0.527854323387146,0.5800619721412659,0.5111417174339294,0.5320248007774353,0.5815399885177612,0.9336000084877014,0.8613969683647156
4,5371,0.07690136134624481,-0.010952072218060493,0.13143502175807953,0.5299999713897705,0.661619246006012,0.5185695290565491,0.7101873159408569,0.5074278116226196,0.5840749144554138,0.5443400144577026,0.7407299876213074,0.6747293472290039
4,5372,0.31581735610961914,-0.04191162437200546,0.4507524073123932,0.5600000023841858,0.9649988412857056,0.5,0.5373021960258484,0.5,0.5149208903312683,0.611810028553009,0.9632300138473511,0.8703801035881042
4,5373,0.329450398683548,-0.02199806272983551,0.4867732524871826,0.550000011920929,0.8922225832939148,0.5371390581130981,0.6213717460632324,0.5148556232452393,0.548548698425293,0.5879999995231628,0.891319990158081,0.8406180143356323
4,5374,0.30488309264183044,-0.03797054663300514,0.4284052848815918,0.6800000071525574,0.8999999761581421,0.5092847943305969,0.5185695290565491,0.5037139058113098,0.5074278116226196,0.6899999976158142,0.8999999761581421,0.8382145166397095
4,5375,0.07580788433551788,-0.05095772072672844,0.1281861811876297,0.550000011920929,0.780580997467041,--,--,--,--,0.550000011920929,0.7799999713897705,0.6553645730018616
4,5376,0.14160779118537903,-0.07519617676734924,0.2936854660511017,0.5099999904632568,1.035089135169983,--,--,--,--,0.5099999904632568,1.032099962234497,0.876387357711792
4,5377,0.13530540466308594,-0.049246493726968765,0.23271086812019348,0.5199999809265137,1.0072757005691528,--,--,--,--,0.5600000023841858,1.0048999786376953,0.8167375922203064
4,5378,0.1329207867383957,-0.024849943816661835,0.22999733686447144,0.5400000214576721,0.9992162585258484,--,--,--,--,0.5875099897384644,0.9968400001525879,0.8257725834846497
4,5379,0.15988993644714355,-0.08514678478240967,0.30194470286369324,0.550000011920929,0.9916118383407593,--,--,--,--,0.550000011920929,0.9874500036239624,0.8796292543411255
4,5380,0.11305590718984604,-0.15406520664691925,0.17486636340618134,0.5199999809265137,0.8378682136535645,--,--,--,--,0.5199999809265137,0.8312600255012512,0.723567545413971
4,5381,0.15399812161922455,-0.07071899622678757,0.23840773105621338,0.7200000286102295,0.9639538526535034,--,--,--,--,0.7400000095367432,0.9612699747085571,0.8797855377197266
4,5382,0.1135779470205307,-0.1156311184167862,0.1886712610721588,0.5099999904632568,0.8278682231903076,--,--,--,--,0.5530400276184082,0.8216800093650818,0.7369953393936157
4,5383,0.16710101068019867,-0.1599646657705307,0.2966573238372803,0.5099999904632568,0.993976354598999,--,--,--,--,0.5099999904632568,0.9918000102043152,0.8838436007499695
4,5384,0.12756921350955963,-0.14052700996398926,0.26468899846076965,0.5,0.9611839652061462,--,--,--,--,0.5,0.9591500163078308,0.8563050627708435
4,5385,0.2586803436279297,-0.026667822152376175,0.41628599166870117,0.5199999809265137,0.7909363508224487,0.5131558775901794,0.5552546381950378,0.548238217830658,0.7026004195213318,0.5642799735069275,0.8166300058364868,0.7582437992095947
4,5386,0.2777923047542572,-0.03077285923063755,0.3748003840446472,0.6100000143051147,0.9204710125923157,0.5026311874389648,0.5078912973403931,0.5096476674079895,0.5289347767829895,0.6595500111579895,0.9130100011825562,0.8365369439125061
4,5387,0.32911550998687744,-0.012134733609855175,0.4753095209598541,0.699999988079071,0.8765565752983093,0.5157870650291443,0.5184171199798584,0.5578858256340027,0.5675293803215027,0.7256900072097778,0.8749600052833557,0.8501995801925659
4,5388,0.3297611176967621,-0.007010535337030888,0.4842413663864136,0.7599999904632568,0.8620679974555969,0.5078935027122498,0.5190067291259766,0.5289429426193237,0.5696913599967957,0.7756999731063843,0.8730999827384949,0.8519600033760071
4,5389,0.2867048680782318,-0.031007813289761543,0.3907868564128876,0.5,1.0235549211502075,0.5,0.5,0.5,0.5,0.5729399919509888,1.0160000324249268,0.8943342566490173
4,5390,0.1498284935951233,-0.01483980007469654,0.22988367080688477,0.7200000286102295,0.9134612083435059,--,--,--,--,0.7492799758911133,0.9113699793815613,0.8766162395477295
4,5391,0.14493662118911743,-0.11618674546480179,0.24402056634426117,0.5299999713897705,0.9958063960075378,--,--,--,--,0.5400000214576721,0.9895099997520447,0.8329222202301025
4,5392,0.12802115082740784,-0.15757474303245544,0.21118852496147156,0.5600000023841858,0.7922414541244507,--,--,--,--,0.5600000023841858,0.7901600003242493,0.7353265881538391
4,5393,0.10388614237308502,-0.2286076545715332,0.17651107907295227,0.5,0.8218106627464294,--,--,--,--,0.5,0.820169985294342,0.710079550743103
4,5394,0.10766299813985825,-0.1149357408285141,0.1738455891609192,0.5199999809265137,0.8224771618843079,--,--,--,--,0.5590299963951111,0.817330002784729,0.7250387072563171
4,5395,0.09641961753368378,-0.03918933495879173,0.16133877635002136,0.5600000023841858,0.985844075679779,--,--,--,--,0.5600000023841858,0.9847800135612488,0.8362042903900146
4,5396,0.10113736987113953,-0.038803793489933014,0.20478743314743042,0.5199999809265137,0.940829873085022,--,--,--,--,0.56809002161026,0.9388899803161621,0.8488824367523193
4,5397,0.09458193182945251,-0.061859920620918274,0.16187439858913422,0.5400000214576721,0.8514778017997742,--,--,--,--,0.5770599842071533,0.8476200103759766,0.7556614279747009
4,5398,0.10733909159898758,-0.05844954773783684,0.20799215137958527,0.5400000214576721,1.0425755977630615,--,--,--,--,0.550000011920929,1.0397000312805176,0.8752560019493103
4,5399,0.10507559031248093,-0.061200618743896484,0.17782440781593323,0.5899999737739563,0.9644777774810791,--,--,--,--,0.5899999737739563,0.9621300101280212,0.869688868522644
4,5400,0.11844196915626526,-0.027582768350839615,0.23172061145305634,0.5199999809265137,0.9262254238128662,--,--,--,--,0.5572100281715393,0.9245399832725525,0.8382089138031006
4,5401,0.13220681250095367,-0.0405261404812336,0.2479746788740158,0.5199999809265137,1.0121996402740479,--,--,--,--,0.5724300146102905,1.0109000205993652,0.8850273489952087
4,5402,0.13695144653320312,-0.04624444991350174,0.2532244026660919,0.5600000023841858,0.9812072515487671,--,--,--,--,0.6071000099182129,0.9794399738311768,0.860417902469635
4,5403,0.12525498867034912,-0.03842896968126297,0.2170393317937851,0.5600000023841858,0.951270580291748,--,--,--,--,0.5945600271224976,0.949999988079071,0.8368237018585205
4,5404,0.08474764227867126,-0.06331891566514969,0.1596677452325821,0.5400000214576721,0.9008750319480896,--,--,--,--,0.5400000214576721,0.8999999761581421,0.7366470098495483
4,5405,0.06938271224498749,-0.1254652589559555,0.12960711121559143,0.5899999737739563,0.7714962363243103,--,--,--,--,0.5899999737739563,0.7704899907112122,0.6859732270240784
4,5406,0.0997980535030365,-0.048805318772792816,0.1549062579870224,0.6499999761581421,0.962488055229187,--,--,--,--,0.6700000166893005,0.9591500163078308,0.8503516316413879
4,5407,0.1136539950966835,-0.10006056725978851,0.20165295898914337,0.550000011920929,0.9583005309104919,--,--,--,--,0.587909996509552,0.9547500014305115,0.8326064348220825
4,5408,0.11365058273077011,-0.0994192361831665,0.19038279354572296,0.5600000023841858,0.8708081841468811,--,--,--,--,0.5890100002288818,0.8700900077819824,0.7953335642814636
4,5409,0.11030934005975723,-0.10374564677476883,0.2054552584886551,0.550000011920929,1.0171910524368286,--,--,--,--,0.550000011920929,1.013100028038025,0.8803616166114807
4,5410,0.11593252420425415,-0.029640041291713715,0.23185524344444275,0.550000011920929,0.9789590835571289,--,--,--,--,0.5931299924850464,0.9767500162124634,0.8448658585548401
4,5411,0.070637546479702,-0.0537518672645092,0.1550094187259674,0.5099999904632568,0.7766333818435669,--,--,--,--,0.5099999904632568,0.776199996471405,0.7117608785629272
4,5412,0.14865100383758545,-0.021826554089784622,0.2694629728794098,0.8399999737739563,0.9916401505470276,--,--,--,--,0.8399999737739563,0.9911100268363953,0.9567921161651611
4,5413,0.14732018113136292,-0.05780389532446861,0.2646639049053192,0.5799999833106995,0.9224460124969482,--,--,--,--,0.5799999833106995,0.9217600226402283,0.8396420478820801
4,5414,0.14232799410820007,-0.07528255879878998,0.24367256462574005,0.5600000023841858,0.9838846921920776,--,--,--,--,0.5899999737739563,0.9831699728965759,0.8725922107696533
4,5415,0.2762500047683716,-0.1090918555855751,0.39622706174850464,0.5600000023841858,1.0045504570007324,0.5,0.5093719363212585,0.5,0.517662525177002,0.5600000023841858,1.0044000148773193,0.8917255401611328
4,5416,0.3632052540779114,-0.01581917703151703,0.5132015347480774,0.8100000023841858,0.940191388130188,0.5046871304512024,0.5284133553504944,0.5088334679603577,0.553548276424408,0.8100000023841858,0.9398199915885925,0.9156013131141663
4,5417,0.26790329813957214,-0.12084886431694031,0.3867854177951813,0.5299999713897705,1.0344555377960205,0.5,0.5,0.5,0.5,0.5299999713897705,1.0343999862670898,0.9009289145469666
4,5418,0.25830796360969543,-0.076217882335186,0.36567118763923645,0.5400000214576721,0.7780466079711914,0.5093743205070496,0.6127059459686279,0.5176669955253601,0.7124074101448059,0.5400000214576721,0.8486999869346619,0.7835657596588135
4,5419,0.3126167356967926,-0.05770106241106987,0.44264671206474304,0.6600000262260437,0.9513283967971802,0.5046871304512024,0.5238248705863953,0.5088334679603577,0.54490065574646,0.6600000262260437,0.9511100053787231,0.889975905418396
4,5420,0.09461397677659988,-0.05933013930916786,0.16748224198818207,0.550000011920929,0.9412012100219727,--,--,--,--,0.5965999960899353,0.9401299953460693,0.8253881931304932
4,5421,0.08109825849533081,-0.06361885368824005,0.16349159181118011,0.5600000023841858,0.997563362121582,--,--,--,--,0.5600000023841858,0.996649980545044,0.831015944480896
4,5422,0.07632683962583542,-0.0492706336081028,0.19276893138885498,0.5,0.8896840810775757,--,--,--,--,0.5,0.8877699971199036,0.7605471014976501
4,5423,0.09809847176074982,-0.02454075776040554,0.18749821186065674,0.5699999928474426,0.9399417042732239,--,--,--,--,0.6070799827575684,0.9392099976539612,0.8643271923065186
4,5424,0.09445998072624207,-0.06360597908496857,0.19594179093837738,0.5199999809265137,0.926234781742096,--,--,--,--,0.5199999809265137,0.9254800081253052,0.8189608454704285
4,5425,0.2769291400909424,-0.04615390673279762,0.4344492256641388,0.6100000143051147,0.9434157609939575,0.5,0.548466682434082,0.5,0.517708957195282,0.6100000143051147,0.9426500201225281,0.8678557276725769
4,5426,0.2677415907382965,-0.02438221499323845,0.4201826751232147,0.6600000262260437,0.7959218621253967,0.5845338702201843,0.670400857925415,0.5308873653411865,0.5622618198394775,0.6600000262260437,0.8672099709510803,0.8142542243003845
4,5427,0.3144652545452118,-0.04249810054898262,0.5021340847015381,0.6499999761581421,0.9094032645225525,0.5657485723495483,0.5950961112976074,0.5240235328674316,0.5347466468811035,0.6499999761581421,0.9113900065422058,0.8717477321624756
4,5428,0.2640893757343292,-0.008541029877960682,0.4181032180786133,0.7200000286102295,0.7762491106987,0.5845338702201843,0.6697676181793213,0.5308873653411865,0.5620304942131042,0.7200000286102295,0.8666499853134155,0.8150246143341064
4,5429,0.19189707934856415,-0.07942219823598862,0.28841257095336914,0.5199999809265137,0.9799018502235413,0.5,0.5105667114257812,0.5,0.5038608908653259,0.5199999809265137,0.9776600003242493,0.824302077293396
4,5430,0.14031502604484558,-0.10925464332103729,0.2393854558467865,0.5699999928474426,0.8502429723739624,--,--,--,--,0.5699999928474426,0.8463900089263916,0.7715916037559509
4,5431,0.163179412484169,-0.03873934969305992,0.25597548484802246,0.5600000023841858,0.9537726640701294,--,--,--,--,0.6294400095939636,0.9465299844741821,0.8597170114517212
4,5432,0.13859723508358002,-0.16378246247768402,0.2533501088619232,0.5099999904632568,0.9864804148674011,--,--,--,--,0.5099999904632568,0.9825800061225891,0.8514121770858765
4,5433,0.15208843350410461,-0.12616580724716187,0.2458752542734146,0.5699999928474426,0.9599999785423279,--,--,--,--,0.5699999928474426,0.9599999785423279,0.8281698226928711
4,5434,0.10671042650938034,-0.11045032739639282,0.16779011487960815,0.5,0.953985869884491,--,--,--,--,0.5,0.9455500245094299,0.7637724280357361
4,5435,0.28900453448295593,-0.15537512302398682,0.37639209628105164,0.5299999713897705,0.8100576400756836,0.5033659338951111,0.5252528786659241,0.5197147130966187,0.6479097604751587,0.5299999713897705,0.8184099793434143,0.7694553136825562
4,5436,0.39487484097480774,-0.04583617299795151,0.5545522570610046,0.7900000214576721,1.0056973695755005,0.5016829371452332,0.5016829371452332,0.5098573565483093,0.5098573565483093,0.7900000214576721,1.0037000179290771,0.959416925907135
4,5437,0.33113324642181396,-0.14292331039905548,0.44866523146629333,0.5299999713897705,0.8985138535499573,0.5067318677902222,0.5151671767234802,0.5394294857978821,0.5888361930847168,0.5299999713897705,0.8963299989700317,0.8382560610771179
4,5438,0.3173731565475464,-0.02341349981725216,0.48606765270233154,0.6399999856948853,0.720055878162384,0.5235614776611328,0.54547119140625,0.6380031108856201,0.7663312554359436,0.6399999856948853,0.9014400243759155,0.8005020022392273
4,5439,0.3290605843067169,-0.06916263699531555,0.4350234568119049,0.6600000262260437,0.8901951909065247,0.5016829371452332,0.5092560052871704,0.5098573565483093,0.5542135834693909,0.6600000262260437,0.8899999856948853,0.8367822766304016
4,5440,0.32862889766693115,-0.017841795459389687,0.5324246883392334,0.7699999809265137,0.8810953497886658,0.5,0.5823555588722229,0.5,0.5578714609146118,0.7699999809265137,0.8958799839019775,0.8706099987030029
4,5441,0.3341022729873657,-0.02654981054365635,0.5449798703193665,0.6899999976158142,0.8902037143707275,0.5818191766738892,0.5985224843025208,0.557494580745697,0.5692319869995117,0.6899999976158142,0.9132999777793884,0.8751698732376099
4,5442,0.2757800817489624,-0.05155959352850914,0.430267333984375,0.5899999737739563,0.870323121547699,0.5327276587486267,0.590341329574585,0.5229977965354919,0.5634831190109253,0.5899999737739563,0.8694499731063843,0.811190664768219
4,5443,0.27138328552246094,-0.03804279491305351,0.42808690667152405,0.550000011920929,0.8276749849319458,0.5654553174972534,0.6391438245773315,0.5459956526756287,0.5977767705917358,0.550000011920929,0.8541499972343445,0.8015626072883606
4,5444,0.32254528999328613,-0.011767932213842869,0.5217817425727844,0.8199999928474426,0.8904141783714294,0.5163638591766357,0.5163638591766357,0.5114989280700684,0.5114989280700684,0.8199999928474426,0.8899700045585632,0.8765782713890076
4,5445,0.15440945327281952,-0.08380895853042603,0.24600276350975037,0.6000000238418579,0.9734559655189514,--,--,--,--,0.6000000238418579,0.9713000059127808,0.8373756408691406
4,5446,0.14874182641506195,-0.05755706503987312,0.23866508901119232,0.6499999761581421,0.9615548849105835,--,--,--,--,0.6860299706459045,0.9603999853134155,0.8364638686180115
4,5447,0.15566664934158325,-0.10673607885837555,0.25396445393562317,0.5199999809265137,0.9900845885276794,--,--,--,--,0.5199999809265137,0.9839299917221069,0.8768832683563232
4,5448,0.10595270246267319,-0.06525013595819473,0.172330841422081,0.6399999856948853,0.9801208972930908,--,--,--,--,0.6499999761581421,0.9692999720573425,0.7885671257972717
4,5449,0.10641972720623016,-0.0399300754070282,0.16760319471359253,0.6800000071525574,0.9427890181541443,--,--,--,--,0.6800000071525574,0.9390299916267395,0.8220396041870117
4,5450,0.27528488636016846,-0.021217884495854378,0.4189614951610565,0.5799999833106995,0.7005285024642944,0.5877782106399536,0.7850115895271301,0.5198743343353271,0.5645309090614319,0.6003400087356567,0.8260800242424011,0.7468283772468567
4,5451,0.263129860162735,-0.024440823122859,0.39014750719070435,0.5199999809265137,0.9737115502357483,0.5195062756538391,0.541450023651123,0.5044165253639221,0.5093849301338196,0.5716800093650818,0.9714900255203247,0.8605898022651672
4,5452,0.3091830611228943,-0.028472425416111946,0.43409502506256104,0.6000000238418579,0.8460239171981812,0.5097531080245972,0.6423337459564209,0.5022082328796387,0.5322265028953552,0.6327700018882751,0.8541600108146667,0.8148794770240784
4,5453,0.29629772901535034,-0.014059227891266346,0.44510555267333984,0.6299999952316284,0.9076920747756958,0.5390125513076782,0.5685156583786011,0.5088330507278442,0.515513002872467,0.6608499884605408,0.9060800075531006,0.8505505323410034
4,5454,0.35443881154060364,-0.006601428613066673,0.5411767363548279,0.800000011920929,0.9540767669677734,0.5195062756538391,0.558682382106781,0.5044165253639221,0.5132865905761719,0.8176000118255615,0.9534299969673157,0.9277183413505554
4,5455,0.05420549958944321,-0.03687427565455437,0.09591720253229141,0.6299999952316284,0.9601154327392578,--,--,--,--,0.6299999952316284,0.9589300155639648,0.796883761882782
4,5456,0.09733431041240692,-0.03380998224020004,0.19718259572982788,0.6700000166893005,0.9724368453025818,--,--,--,--,0.7107800245285034,0.9719399809837341,0.8991172313690186
4,5457,0.08938182145357132,-0.04221859946846962,0.16899776458740234,0.6000000238418579,0.9400462508201599,--,--,--,--,0.6000000238418579,0.9391999840736389,0.8527980446815491
4,5458,0.09778152406215668,-0.03244391828775406,0.19039160013198853,0.6499999761581421,0.9901086091995239,--,--,--,--,0.6854199767112732,0.989139974117279,0.8924786448478699
4,5459,0.09032481908798218,-0.03136599808931351,0.16682162880897522,0.5099999904632568,0.9916539192199707,--,--,--,--,0.5640299916267395,0.9894000291824341,0.8721508383750916
4,5460,0.05745595693588257,-0.08370892703533173,0.08533617854118347,0.5400000214576721,0.9420183897018433,--,--,--,--,0.5400000214576721,0.9376800060272217,0.7375223636627197
4,5461,0.13163824379444122,-0.05022059753537178,0.22725120186805725,0.6100000143051147,0.9841915369033813,--,--,--,--,0.6100000143051147,0.9802899956703186,0.8289771676063538
4,5462,0.1222747191786766,-0.05932208150625229,0.2107997089624405,0.5199999809265137,0.985438346862793,--,--,--,--,0.5299999713897705,0.9805300235748291,0.79121333360672
4,5463,0.12244474142789841,-0.050152525305747986,0.21677996218204498,0.5199999809265137,0.9805343747138977,--,--,--,--,0.5199999809265137,0.9762700200080872,0.8124549984931946
4,5464,0.14263145625591278,-0.0791461169719696,0.2481440007686615,0.5400000214576721,0.952090859413147,--,--,--,--,0.5699999928474426,0.9470499753952026,0.8172248005867004
4,5465,0.08019675314426422,-0.10396822541952133,0.15690279006958008,0.5,1.0049502849578857,--,--,--,--,0.5099999904632568,0.9957399964332581,0.7749545574188232
4,5466,0.0660044401884079,-0.08208025246858597,0.13452909886837006,0.5299999713897705,0.8315654993057251,--,--,--,--,0.5299999713897705,0.827459990978241,0.7041501402854919
4,5467,0.041002124547958374,-0.18223923444747925,0.09549764543771744,0.5099999904632568,0.6639754176139832,--,--,--,--,0.5099999904632568,0.6615700125694275,0.6083345413208008
4,5468,0.1007746234536171,-0.024817755445837975,0.22053147852420807,0.7400000095367432,0.9512456655502319,--,--,--,--,0.7699999809265137,0.9480599761009216,0.8552802801132202
4,5469,0.10247135162353516,-0.1489182561635971,0.19437025487422943,0.5099999904632568,0.9108390212059021,--,--,--,--,0.5099999904632568,0.9035300016403198,0.7720274925231934
4,5470,0.26829105615615845,-0.0795663446187973,0.3653396964073181,0.6000000238418579,0.9363306164741516,0.5021693110466003,0.5089482665061951,0.5097618699073792,0.5402672290802002,0.6000000238418579,0.9322999715805054,0.8572904467582703
4,5471,0.29423823952674866,-0.07952570915222168,0.4148117005825043,0.7099999785423279,0.9744911193847656,0.5,0.5024401545524597,0.5,0.5109806060791016,0.7099999785423279,0.9710400104522705,0.9044607281684875
4,5472,0.23335899412631989,-0.03440728038549423,0.36860737204551697,0.6299999952316284,0.7320425510406494,0.5151851177215576,0.5514563918113708,0.568333089351654,0.7315537929534912,0.6299999952316284,0.8670799732208252,0.7813525795936584
4,5473,0.2851523458957672,-0.062304191291332245,0.4071098566055298,0.6700000166893005,0.8500019907951355,0.5043386220932007,0.5238776803016663,0.5195237398147583,0.607449471950531,0.6700000166893005,0.8679100275039673,0.8371585011482239
4,5474,0.20121580362319946,-0.044235214591026306,0.3234926164150238,0.5600000023841858,0.6914311051368713,0.517354428768158,0.5671825408935547,0.5780949592590332,0.8023214936256409,0.5600000023841858,0.864870011806488,0.7531264424324036
4,5475,0.13494089245796204,-0.10556940734386444,0.25315427780151367,0.5,0.941106379032135,--,--,--,--,0.5,0.9342700242996216,0.7958424091339111
4,5476,0.12686607241630554,-0.06289635598659515,0.2181423157453537,0.5400000214576721,0.9219233989715576,--,--,--,--,0.5400000214576721,0.9193699955940247,0.8042060732841492
4,5477,0.05633428320288658,-0.05907195061445236,0.10460890829563141,0.5600000023841858,0.7435765862464905,--,--,--,--,0.5817999839782715,0.74235999584198,0.686510443687439
4,5478,0.1101938784122467,-0.08525770902633667,0.22473867237567902,0.5699999928474426,0.889873743057251,--,--,--,--,0.5899999737739563,0.8857899904251099,0.7510060667991638
4,5479,0.08039108663797379,-0.049262840300798416,0.1215997263789177,0.6700000166893005,1.0074516534805298,--,--,--,--,0.6700000166893005,1.0055999755859375,0.8452152013778687
4,5480,0.35186001658439636,-0.031243544071912766,0.4892960488796234,0.7300000190734863,0.9700000286102295,0.5,0.5045459866523743,0.5,0.5309127569198608,0.7718200087547302,0.9656800031661987,0.901774525642395
4,5481,0.3303374648094177,-0.039574604481458664,0.45337405800819397,0.5400000214576721,0.9719582796096802,0.5014549493789673,0.5063638091087341,0.5098935961723328,0.54327392578125,0.6088200211524963,0.9664300084114075,0.8805780410766602
4,5482,0.33011263608932495,-0.03603510186076164,0.45442846417427063,0.5199999809265137,0.9867186546325684,0.5,0.5058452486991882,0.5,0.5397478342056274,0.5895799994468689,0.9797899723052979,0.8904066681861877
4,5483,0.3366805911064148,-0.01757480576634407,0.4815007448196411,0.7099999785423279,0.8618636727333069,0.5072746872901917,0.5072746872901917,0.5494679808616638,0.5494679808616638,0.7356200218200684,0.8625800013542175,0.8409410715103149
4,5484,0.3304567039012909,-0.03565848618745804,0.455339252948761,0.550000011920929,1.025648832321167,0.5,0.5,0.5,0.5,0.6211199760437012,1.0189000368118286,0.9163877964019775
4,5485,0.21945753693580627,-0.1686512529850006,0.29899874329566956,0.5199999809265137,0.7778493762016296,0.503624439239502,0.5400950908660889,0.5093200206756592,0.6031016111373901,0.5199999809265137,0.7806900143623352,0.7447901964187622
4,5486,0.3435422480106354,-0.08734855055809021,0.4720948338508606,0.6600000262260437,0.8602203726768494,0.525371253490448,0.525371253490448,0.5652403235435486,0.5652403235435486,0.6600000262260437,0.8602200150489807,0.8280701041221619
4,5487,0.4395363926887512,0.0,0.587385356426239,0.949999988079071,0.9901753067970276,0.5,0.503624439239502,0.5,0.5093200206756592,0.949999988079071,0.9897699952125549,0.9808710217475891
4,5488,0.22799070179462433,-0.20317848026752472,0.29383307695388794,0.5,0.8460148572921753,0.503624439239502,0.5219719409942627,0.5093200206756592,0.5564992427825928,0.5,0.8453099727630615,0.7689210176467896
4,5489,0.34499746561050415,-0.08945820480585098,0.451618492603302,0.6499999761581421,0.964936375617981,0.503624439239502,0.5144978761672974,0.5093200206756592,0.5372802019119263,0.6499999761581421,0.9642099738121033,0.8886517882347107
4,5490,0.0852293074131012,-0.02996770106256008,0.23581109941005707,0.5,0.9896193742752075,--,--,--,--,0.5405499935150146,0.9883599877357483,0.8297029733657837
4,5491,0.11190692335367203,-0.037080924957990646,0.24836136400699615,0.6499999761581421,0.9861229062080383,--,--,--,--,0.6499999761581421,0.984790027141571,0.8767671585083008
4,5492,0.09420503675937653,-0.035915806889534,0.22083576023578644,0.5699999928474426,0.8999367356300354,--,--,--,--,0.6010199785232544,0.8988699913024902,0.7745333313941956
4,5493,0.09978237003087997,-0.05027422308921814,0.2525246739387512,0.5099999904632568,0.9263014197349548,--,--,--,--,0.5719500184059143,0.9252499938011169,0.8051912188529968
4,5494,0.09965663403272629,-0.0390196219086647,0.2574920058250427,0.5199999809265137,0.9749374389648438,--,--,--,--,0.5299999713897705,0.972029983997345,0.816493809223175
4,5495,0.09863457083702087,-0.07330687344074249,0.1436205357313156,0.6000000238418579,0.7908014059066772,--,--,--,--,0.6000000238418579,0.7869300246238708,0.7115123271942139
4,5496,0.10185173153877258,-0.15699541568756104,0.17206861078739166,0.5299999713897705,0.9929841756820679,--,--,--,--,0.5299999713897705,0.9918100237846375,0.762799859046936
4,5497,0.11504054069519043,-0.17661024630069733,0.18257929384708405,0.5099999904632568,0.9311125874519348,--,--,--,--,0.5099999904632568,0.930109977722168,0.754508912563324
4,5498,0.1542094200849533,-0.0979347974061966,0.25145089626312256,0.5799999833106995,0.9543485641479492,--,--,--,--,0.5799999833106995,0.9454500079154968,0.8098175525665283
4,5499,0.16471262276172638,-0.15191669762134552,0.28110742568969727,0.5099999904632568,1.0070279836654663,--,--,--,--,0.5099999904632568,1.0053000450134277,0.9111459851264954
4,5500,0.10995415598154068,-0.05563361942768097,0.23028424382209778,0.5199999809265137,0.9436988234519958,--,--,--,--,0.5299999713897705,0.9410799741744995,0.8072596192359924
4,5501,0.12157910317182541,-0.05042799562215805,0.24158282577991486,0.5199999809265137,0.8911402821540833,--,--,--,--,0.5199999809265137,0.8877599835395813,0.8296458721160889
4,5502,0.11247773468494415,-0.042024582624435425,0.21859420835971832,0.6600000262260437,0.880111575126648,--,--,--,--,0.6600000262260437,0.8766199946403503,0.8019898533821106
4,5503,0.13273374736309052,-0.06885642558336258,0.25890299677848816,0.5099999904632568,0.856151282787323,--,--,--,--,0.5804700255393982,0.853410005569458,0.8039047718048096
4,5504,0.1302269995212555,-0.05797716975212097,0.2716282606124878,0.5199999809265137,0.9280084371566772,--,--,--,--,0.5199999809265137,0.9258999824523926,0.8227629661560059
4,5505,0.12351121008396149,-0.1406930834054947,0.26089438796043396,0.5899999737739563,0.9159367680549622,--,--,--,--,0.5899999737739563,0.913860023021698,0.8368505835533142
4,5506,0.12945671379566193,-0.06272459775209427,0.2711351811885834,0.7099999785423279,0.9912468791007996,--,--,--,--,0.7099999785423279,0.9886500239372253,0.8940515518188477
4,5507,0.09270239621400833,-0.0629962831735611,0.15041232109069824,0.5199999809265137,0.949999988079071,--,--,--,--,0.5529800057411194,0.949999988079071,0.7657076716423035
4,5508,0.13116681575775146,-0.17199993133544922,0.2646024823188782,0.5199999809265137,0.90334552526474,--,--,--,--,0.5199999809265137,0.9004799723625183,0.8306635618209839
4,5509,0.11340997368097305,-0.04614008590579033,0.2230411022901535,0.75,0.9605259299278259,--,--,--,--,0.75,0.9599999785423279,0.8477381467819214
4,5510,0.2769412100315094,-0.04378176108002663,0.4096745252609253,0.6299999952316284,0.9012601375579834,0.5291554927825928,0.5972723364830017,0.5070679783821106,0.5235811471939087,0.6299999952316284,0.8979899883270264,0.8431415557861328
4,5511,0.25355634093284607,-0.04980732873082161,0.37015482783317566,0.5699999928474426,0.8850677609443665,0.5485925078392029,0.5779861211776733,0.5117800235748291,0.5189056992530823,0.5699999928474426,0.8814100027084351,0.8185012936592102
4,5512,0.24215219914913177,-0.05259532853960991,0.35296109318733215,0.5699999928474426,0.8508874773979187,0.568029522895813,0.6172167062759399,0.5164920091629028,0.5284161567687988,0.5699999928474426,0.8476200103759766,0.7946202754974365
4,5513,0.2521331012248993,-0.0461677648127079,0.3642473816871643,0.5600000023841858,0.8741279244422913,0.5194370150566101,0.6037986278533936,0.5047119855880737,0.5251632928848267,0.5600000023841858,0.8708900213241577,0.8124846816062927
4,5514,0.2808361351490021,-0.040929436683654785,0.4146917462348938,0.6700000166893005,0.9206928610801697,0.5291554927825928,0.5485765933990479,0.5070679783821106,0.5117761492729187,0.6700000166893005,0.9174799919128418,0.8599496483802795
4,5515,0.3606778085231781,-0.006398466881364584,0.5600554347038269,0.8299999833106995,0.9440785050392151,0.5032879710197449,0.5069869160652161,0.519727885723114,0.5419215559959412,0.844290018081665,0.9474400281906128,0.930532693862915
4,5516,0.29746514558792114,-0.031706713140010834,0.4339085519313812,0.5299999713897705,0.9597083330154419,0.5,0.5069441199302673,0.5,0.5416645407676697,0.585669994354248,0.9541100263595581,0.8723331093788147
4,5517,0.10874253511428833,-0.0025929815601557493,0.19712527096271515,0.5199999809265137,0.6669440865516663,0.5131519436836243,0.5364919900894165,0.578911542892456,0.7189520597457886,0.5382300019264221,0.7652000188827515,0.6897940635681152
4,5518,0.21531884372234344,-0.03243545442819595,0.2970064878463745,0.5299999713897705,0.8022222518920898,0.5,0.5181246995925903,0.5,0.6087483167648315,0.5674600005149841,0.7995700240135193,0.7552626132965088
4,5519,0.3153902590274811,-0.026956288143992424,0.46375206112861633,0.6100000143051147,0.9774990081787109,0.5,0.5049319863319397,0.5,0.5295917987823486,0.6579499840736389,0.9725800156593323,0.8994340300559998
4,5520,0.1726527065038681,-0.005332360975444317,0.25546398758888245,0.5799999833106995,0.6004083752632141,0.6599692702293396,0.8111898303031921,0.5031366348266602,0.5061017870903015,0.5799999833106995,0.8337500095367432,0.7152279615402222
4,5521,0.3157540261745453,-0.06177882105112076,0.458024263381958,0.5699999928474426,1.009796380996704,0.5,0.5112473964691162,0.5,0.500220537185669,0.5699999928474426,1.0082999467849731,0.9076858758926392
4,5522,0.15446482598781586,-0.011229504831135273,0.27367159724235535,0.5099999904632568,0.5633177757263184,0.6999615430831909,0.8764632344245911,0.5039207935333252,0.5073816180229187,0.5099999904632568,0.8632699847221375,0.7001516222953796
4,5523,0.3099726736545563,-0.07119221985340118,0.4393756687641144,0.550000011920929,0.9266093969345093,0.5399923324584961,0.549986720085144,0.500784158706665,0.5009801387786865,0.550000011920929,0.9257199764251709,0.8543301820755005
4,5524,0.29014426469802856,-0.07817499339580536,0.40177249908447266,0.5600000023841858,0.8411966562271118,0.509998083114624,0.630029022693634,0.5001960396766663,0.5025495886802673,0.5600000023841858,0.8407800197601318,0.795546293258667
4,5525,0.2738797664642334,-0.037073515355587006,0.4092086851596832,0.550000011920929,0.9520096182823181,0.5095399618148804,0.5604047179222107,0.5029982924461365,0.5189843773841858,0.6114100217819214,0.9485599994659424,0.8630808591842651
4,5526,0.28321751952171326,-0.009276678785681725,0.44543659687042236,0.7599999904632568,0.8310226202011108,0.5667795538902283,0.6438924074172974,0.520987868309021,0.5452232956886292,0.7727699875831604,0.8923299908638,0.8466175198554993
4,5527,0.2603665292263031,-0.024348419159650803,0.3922451436519623,0.5600000023841858,0.9555563926696777,0.5,0.5286107063293457,0.5,0.5089919567108154,0.6156600117683411,0.9530100226402283,0.8609997630119324
4,5528,0.26182296872138977,-0.02837919071316719,0.3996238112449646,0.5400000214576721,0.8779937028884888,0.5858594179153442,0.6053288578987122,0.5269843935966492,0.533103346824646,0.5897300243377686,0.8759400248527527,0.8211464285850525
4,5529,0.3418799936771393,-0.009371872991323471,0.53241366147995,0.8100000023841858,0.947786271572113,0.5095399618148804,0.5476875305175781,0.5029982924461365,0.5149875283241272,0.8300600051879883,0.9469900131225586,0.922970712184906
4,5530,0.07905309647321701,-0.02992880344390869,0.14878800511360168,0.5199999809265137,0.8902132511138916,--,--,--,--,0.5541499853134155,0.8897200226783752,0.7555810213088989
4,5531,0.09558332711458206,-0.06656904518604279,0.1949436217546463,0.5299999713897705,0.9102559089660645,--,--,--,--,0.550000011920929,0.9039000272750854,0.7726916074752808
4,5532,0.12358542531728745,-0.02622494101524353,0.21984949707984924,0.800000011920929,1.0005531311035156,--,--,--,--,0.8331300020217896,0.9976800084114075,0.9398559331893921
4,5533,0.11160250753164291,-0.048150938004255295,0.19061028957366943,0.6200000047683716,0.956021785736084,--,--,--,--,0.6200000047683716,0.9526299834251404,0.8377683162689209
4,5534,0.10203380882740021,-0.048107169568538666,0.1800743043422699,0.5899999737739563,0.9612347483634949,--,--,--,--,0.6000000238418579,0.9592900276184082,0.8250856995582581
4,5535,0.3018243610858917,-0.022736668586730957,0.435874342918396,0.6399999856948853,1.0155435800552368,0.5,0.503292977809906,0.5,0.5107570290565491,0.7035599946975708,1.0089000463485718,0.9095726609230042
4,5536,0.3347204625606537,-0.015479869209229946,0.4887755811214447,0.7599999904632568,0.9365689754486084,0.5029271245002747,0.5089018940925598,0.5095620155334473,0.5290795564651489,0.7936199903488159,0.9331499934196472,0.8966952562332153
4,5537,0.35224735736846924,-0.012773348018527031,0.5150840878486633,0.75,0.917157769203186,0.5058543086051941,0.5182209610939026,0.5191239714622498,0.5595217347145081,0.7825999855995178,0.9143000245094299,0.8918516635894775
4,5538,0.31956222653388977,-0.0302029550075531,0.4558878242969513,0.7599999904632568,0.9999690651893616,0.5,0.5,0.5,0.5,0.8091300129890442,0.9945300221443176,0.9165406227111816
4,5539,0.365258127450943,-0.016990020871162415,0.5347962379455566,0.800000011920929,0.9501661062240601,0.5087814331054688,0.5147562026977539,0.528685986995697,0.5482035279273987,0.8321400284767151,0.947350025177002,0.9195669889450073
4,5540,0.34110960364341736,-0.004121073521673679,0.4989796280860901,0.8100000023841858,0.874462366104126,0.5430145859718323,0.5947199463844299,0.5254901051521301,0.5561303496360779,0.8144500255584717,0.9040200114250183,0.8762996792793274
4,5541,0.32895001769065857,-0.024906395003199577,0.4770326018333435,0.6299999952316284,0.9220435619354248,0.5344116687774658,0.5519758462905884,0.520392119884491,0.5308005213737488,0.6548799872398376,0.9197099804878235,0.8605749607086182
4,5542,0.30440497398376465,-0.022396504878997803,0.44726288318634033,0.550000011920929,0.9004004597663879,0.5344116687774658,0.5516045689582825,0.520392119884491,0.530580461025238,0.577049970626831,0.8977900147438049,0.8338830471038818
4,5543,0.3358423411846161,-0.0172592606395483,0.49460291862487793,0.5899999737739563,0.9776041507720947,0.5086029171943665,0.5343922972679138,0.5050980448722839,0.5203806161880493,0.6184899806976318,0.9748200178146362,0.9011011123657227
4,5544,0.3321080803871155,-0.023341648280620575,0.4860064387321472,0.6100000143051147,0.9348711371421814,0.5258087515830994,0.5601945519447327,0.515294075012207,0.535670816898346,0.6365399956703186,0.9324300289154053,0.8703726530075073
4,5545,0.08924950659275055,-0.0256181713193655,0.18472449481487274,0.5400000214576721,0.9856734275817871,--,--,--,--,0.5747500061988831,0.9848399758338928,0.8158153891563416
4,5546,0.12518379092216492,-0.05568200349807739,0.3179078996181488,0.5699999928474426,0.9985647797584534,--,--,--,--,0.5699999928474426,0.9970600008964539,0.9178795218467712
4,5547,0.119839608669281,-0.048167187720537186,0.26338517665863037,0.5899999737739563,0.9067466855049133,--,--,--,--,0.5899999737739563,0.9053599834442139,0.8266259431838989
4,5548,0.12789350748062134,-0.0648982897400856,0.31900134682655334,0.5400000214576721,1.017829179763794,--,--,--,--,0.5400000214576721,1.0146000385284424,0.9215742945671082
4,5549,0.11586352437734604,-0.0703292191028595,0.24534234404563904,0.5199999809265137,0.9480021595954895,--,--,--,--,0.5199999809265137,0.9450100064277649,0.8055771589279175
4,5550,0.08531981706619263,-0.09994501620531082,0.1760839968919754,0.5,0.9923685789108276,--,--,--,--,0.5,0.9891200065612793,0.7676343321800232
4,5551,0.11721717566251755,-0.07582385092973709,0.25117459893226624,0.550000011920929,0.9375572800636292,--,--,--,--,0.550000011920929,0.9315299987792969,0.8017398715019226
4,5552,0.14637036621570587,-0.06438519805669785,0.2605862319469452,0.5799999833106995,0.8702490925788879,--,--,--,--,0.5799999833106995,0.8688700199127197,0.8103660941123962
4,5553,0.13954420387744904,-0.05917277932167053,0.25245678424835205,0.5099999904632568,0.9704151153564453,--,--,--,--,0.5099999904632568,0.967739999294281,0.8666425943374634
4,5554,0.13028711080551147,-0.02005087211728096,0.21885058283805847,0.6399999856948853,0.8899915218353271,--,--,--,--,0.6399999856948853,0.8882099986076355,0.8080344796180725
4,5555,0.26724931597709656,-0.011297413147985935,0.3832968473434448,0.5400000214576721,0.5822466015815735,0.5572301149368286,0.7372552156448364,0.5558991432189941,0.7317376732826233,0.5400000214576721,0.8087700009346008,0.7095481753349304
4,5556,0.30331936478614807,-0.07749179005622864,0.4070260226726532,0.5699999928474426,0.9267937541007996,0.5143074989318848,0.5500712394714355,0.5139747858047485,0.5489068031311035,0.5699999928474426,0.924809992313385,0.8433587551116943
4,5557,0.2558518946170807,-0.1007487028837204,0.32779738306999207,0.5,0.9216674566268921,0.5071537494659424,0.5501534342765808,0.5069873929023743,0.548987090587616,0.5,0.9188399910926819,0.8040423393249512
4,5558,0.34369608759880066,-0.010412284173071384,0.4958982467651367,0.6600000262260437,0.7133297920227051,0.6430752277374268,0.673299252986908,0.6397479176521301,0.6692690849304199,0.6600000262260437,0.9125499725341797,0.8176028728485107
4,5559,0.3428661823272705,-0.057726550847291946,0.4815538823604584,0.6000000238418579,0.8939998745918274,0.5143074989318848,0.5787419676780701,0.5139747858047485,0.5769107937812805,0.6000000238418579,0.8910599946975708,0.850517749786377
4,5560,0.06658180058002472,-0.04118281230330467,0.12508921325206757,0.5299999713897705,0.8103874325752258,--,--,--,--,0.5299999713897705,0.8085899949073792,0.7156651616096497
4,5561,0.10173008590936661,-0.06055872142314911,0.2139592170715332,0.5299999713897705,0.9581348299980164,--,--,--,--,0.5299999713897705,0.9563699960708618,0.870444655418396
4,5562,0.10442763566970825,-0.0579896904528141,0.20324379205703735,0.5199999809265137,0.991541862487793,--,--,--,--,0.5199999809265137,0.9895099997520447,0.8788332939147949
4,5563,0.07792414724826813,-0.024739349260926247,0.140435591340065,0.6100000143051147,1.014428734779358,--,--,--,--,0.6299999952316284,1.013700008392334,0.8423469662666321
4,5564,0.0766785591840744,-0.03332369774580002,0.1387372761964798,0.6100000143051147,0.8435876965522766,--,--,--,--,0.6100000143051147,0.8434900045394897,0.7804458141326904
4,5565,0.24357685446739197,-0.05963246151804924,0.40394821763038635,0.5600000023841858,0.9725592136383057,0.5095414519309998,0.5290215611457825,0.5029934048652649,0.5091047883033752,0.5600000023841858,0.9692699909210205,0.8591952919960022
4,5566,0.24078986048698425,-0.02839159406721592,0.37166669964790344,0.6800000071525574,0.8201903700828552,0.5,0.6537598371505737,0.5,0.5482383966445923,0.6800000071525574,0.8498799800872803,0.8097599744796753
4,5567,0.1428958773612976,-0.019604921340942383,0.247161403298378,0.6200000047683716,0.713743269443512,0.6049560904502869,0.6626819372177124,0.532927393913269,0.5510374903678894,0.6200000047683716,0.7823699712753296,0.7344743013381958
4,5568,0.30151405930519104,-0.02304685488343239,0.506009042263031,0.7699999809265137,1.006222128868103,0.5,0.5095384120941162,0.5,0.5029924511909485,0.7699999809265137,1.0056999921798706,0.9461004137992859
4,5569,0.28947141766548157,-0.032819751650094986,0.491567462682724,0.6800000071525574,1.0139052867889404,0.5095414519309998,0.5202752351760864,0.5029934048652649,0.5063608288764954,0.6800000071525574,1.0127999782562256,0.9324793815612793
4,5570,0.2836061120033264,-0.19285626709461212,0.43420541286468506,0.5,0.8067174553871155,0.5072760581970215,0.5353405475616455,0.5291042923927307,0.6413621306419373,0.5,0.833620011806488,0.781033456325531
4,5571,0.4258893132209778,-0.009650739841163158,0.6189345121383667,0.9200000166893005,1.0016592741012573,0.5,0.5,0.5,0.5,0.9200000166893005,1.0009000301361084,0.9797728061676025
4,5572,0.32620736956596375,-0.15999485552310944,0.46148863434791565,0.5299999713897705,0.8534006476402283,0.5121268033981323,0.5291210412979126,0.5485071539878845,0.6164842247962952,0.5299999713897705,0.8500499725341797,0.8054870367050171
4,5573,0.2199222892522812,-0.08079953491687775,0.3430451452732086,0.5699999928474426,0.682767927646637,0.5072760581970215,0.5582588911056519,0.5291042923927307,0.7330356240272522,0.5699999928474426,0.8092399835586548,0.7301026582717896
4,5574,0.311381071805954,-0.11777722090482712,0.4879685044288635,0.5199999809265137,0.8124961256980896,0.5097014307975769,0.5545066595077515,0.5388057231903076,0.7180265784263611,0.5199999809265137,0.8938199877738953,0.8145397901535034
4,5575,0.09186336398124695,-0.0261081475764513,0.16727668046951294,0.6200000047683716,1.0092930793762207,--,--,--,--,0.6654199957847595,1.0090999603271484,0.9081884026527405
4,5576,0.0909719169139862,-0.04970380663871765,0.18068653345108032,0.5600000023841858,0.8615671396255493,--,--,--,--,0.5600000023841858,0.8600900173187256,0.8027336001396179
4,5577,0.07314831018447876,-0.023623906075954437,0.1291753053665161,0.6899999976158142,0.9313990473747253,--,--,--,--,0.6899999976158142,0.9296299815177917,0.818476140499115
4,5578,0.07247363030910492,-0.055905453860759735,0.14676694571971893,0.5699999928474426,0.8611690998077393,--,--,--,--,0.5699999928474426,0.8588500022888184,0.7580586671829224
4,5579,0.05210418254137039,-0.02873607538640499,0.09717854857444763,0.550000011920929,0.9578409194946289,--,--,--,--,0.5899999737739563,0.9545900225639343,0.7380179762840271
4,5580,0.3165646195411682,-0.04632255434989929,0.48786139488220215,0.5600000023841858,0.8911103010177612,0.5280003547668457,0.6171984076499939,0.5107693672180176,0.545076310634613,0.5600000023841858,0.889769971370697,0.8470683097839355
4,5581,0.32770949602127075,-0.052327003329992294,0.48155251145362854,0.5199999809265137,1.0245037078857422,0.5,0.5093334317207336,0.5,0.5035898089408875,0.5199999809265137,1.0194000005722046,0.927398145198822
4,5582,0.27883630990982056,-0.060880597680807114,0.39927875995635986,0.5400000214576721,0.9326326251029968,0.5,0.5571654438972473,0.5,0.521986722946167,0.5400000214576721,0.9300000071525574,0.84587562084198
4,5583,0.31548383831977844,-0.016359319910407066,0.5088719129562378,0.7300000190734863,0.8649809956550598,0.5093334317207336,0.6336243152618408,0.5035898089408875,0.551393985748291,0.7300000190734863,0.9019399881362915,0.8597359657287598
4,5584,0.3262907564640045,-0.05006283149123192,0.4797293543815613,0.550000011920929,0.9966688752174377,0.5,0.5209963321685791,0.5,0.508075475692749,0.550000011920929,0.9917200207710266,0.9125979542732239
4,5585,0.3345930874347687,-0.04872960224747658,0.44473350048065186,0.6700000166893005,0.9771659970283508,0.5099931359291077,0.5199862718582153,0.5003701448440552,0.5007402300834656,0.7196699976921082,0.9747800230979919,0.8937345743179321
4,5586,0.3619610369205475,-0.016419364139437675,0.49540019035339355,0.7200000286102295,0.8712392449378967,0.5299794673919678,0.5602056980133057,0.5011103749275208,0.5022298693656921,0.7425000071525574,0.8862400054931641,0.8586066961288452
4,5587,0.38398563861846924,-0.015934666618704796,0.5387309789657593,0.7200000286102295,0.8578084707260132,0.5199862718582153,0.6531186699867249,0.5007402300834656,0.5056710839271545,0.7424200177192688,0.9400399923324585,0.8899113535881042
4,5588,0.39305752515792847,-0.03735572099685669,0.5364594459533691,0.7599999904632568,0.9419991374015808,0.5199862718582153,0.550212562084198,0.5007402300834656,0.501859724521637,0.791130006313324,0.9399999976158142,0.9097091555595398
4,5589,0.35951313376426697,-0.032801005989313126,0.48102664947509766,0.7200000286102295,0.969913899898529,0.5,0.5299794673919678,0.5,0.5011103749275208,0.7588599920272827,0.9684000015258789,0.9081109166145325
4,5590,0.2322065383195877,-0.05349522456526756,0.33994242548942566,0.5,0.9274726510047913,0.5015740394592285,0.5089515447616577,0.5199379920959473,0.6133860945701599,0.5,0.9273599982261658,0.8194264769554138
4,5591,0.32199010252952576,-0.011614583432674408,0.48887738585472107,0.7200000286102295,0.8910995125770569,0.503148078918457,0.5086874961853027,0.5398759245872498,0.6100415587425232,0.7200000286102295,0.8910800218582153,0.8624501824378967
4,5592,0.2994151711463928,-0.05580960586667061,0.42422473430633545,0.6100000143051147,1.0068639516830444,0.5,0.5007870197296143,0.5,0.5099689364433289,0.6100000143051147,1.0068000555038452,0.8999877572059631
4,5593,0.3162345886230469,-0.017034120857715607,0.48011884093284607,0.7099999785423279,0.9033920168876648,0.5055091977119446,0.5062962174415588,0.5697828531265259,0.5797517895698547,0.7099999785423279,0.9033799767494202,0.8657005429267883
4,5594,0.30481821298599243,-0.03708995133638382,0.44672656059265137,0.6800000071525574,0.8923519849777222,0.5023610591888428,0.5063071250915527,0.5299069285392761,0.579890251159668,0.6800000071525574,0.892300009727478,0.8466802835464478
4,5595,0.11681356281042099,-0.04512907192111015,0.23081666231155396,0.6399999856948853,0.926814079284668,--,--,--,--,0.6399999856948853,0.9267399907112122,0.8055986166000366
4,5596,0.12591567635536194,-0.057433970272541046,0.29310372471809387,0.5699999928474426,1.0212199687957764,--,--,--,--,0.639930009841919,1.0089000463485718,0.890799343585968
4,5597,0.10018610209226608,-0.05048186704516411,0.18478703498840332,0.5099999904632568,0.9244025349617004,--,--,--,--,0.5099999904632568,0.9240900278091431,0.764776885509491
4,5598,0.11698424071073532,-0.15460535883903503,0.20089054107666016,0.5,0.820060133934021,--,--,--,--,0.5,0.8198599815368652,0.7221188545227051
4,5599,0.08673417568206787,-0.059172794222831726,0.1823025494813919,0.550000011920929,0.8971763253211975,--,--,--,--,0.550000011920929,0.8893600106239319,0.7932954430580139
4,5600,0.07225757837295532,-0.03398395702242851,0.15938551723957062,0.6000564694404602,0.7799435257911682,0.4533892869949341,0.5582688450813293,0.43502750992774963,0.5812232494354248,0.6013500094413757,0.7753999829292297,0.6933789849281311
4,5601,nan,-0.0,-0.0,0.05028225854039192,0.9497177600860596,0.5058315396308899,0.5174847841262817,0.5081287622451782,0.5243727564811707,--,--,nan
4,5602,nan,-0.0,-0.0,0.520056426525116,0.6999435424804688,0.3485097587108612,0.6631484031677246,0.28883177042007446,0.7274190187454224,--,--,nan
4,5603,nan,-0.0,-0.0,0.11025089770555496,0.9097490906715393,0.4766983091831207,0.5466179847717285,0.4675188362598419,0.5649826526641846,--,--,nan
4,5604,nan,-0.0,-0.0,0.3001944422721863,0.9198055267333984,0.47669586539268494,0.5349622964859009,0.4675154685974121,0.5487353205680847,--,--,nan
4,5605,0.30790799856185913,-0.4279578924179077,0.22206425666809082,0.12061704695224762,0.8793829679489136,0.4926624894142151,0.5660383701324463,0.4932060241699219,0.56114661693573,0.1269499957561493,0.8562800288200378,0.5310239195823669
4,5606,0.1536819040775299,-0.07644446939229965,0.33084675669670105,0.5301299095153809,0.6898701190948486,0.6320769190788269,0.6320769190788269,0.6222934722900391,0.6222934722900391,0.5317299962043762,0.766730010509491,0.6866102814674377
4,5607,0.36689698696136475,-0.026760758832097054,0.5659930109977722,0.8200649619102478,0.8999350666999817,0.4926624894142151,0.5660383701324463,0.4932060241699219,0.56114661693573,0.8207899928092957,0.9028300046920776,0.8780304789543152
4,5608,0.25599047541618347,-0.07591207325458527,0.4095730185508728,0.690178632736206,0.9098213911056519,0.47798728942871094,0.5660383701324463,0.4796178638935089,0.56114661693573,0.6920400261878967,0.9032300114631653,0.816650927066803
4,5609,0.08200671523809433,-0.21771639585494995,0.16074897348880768,0.28055208921432495,0.9594479203224182,0.5000000596046448,0.5293503999710083,0.5000000596046448,0.5271762609481812,0.286190003156662,0.9386900067329407,0.6412287950515747
4,5610,0.3147848844528198,-0.022531552240252495,0.4320027232170105,0.7900002598762512,0.9899997115135193,0.49112468957901,0.50887531042099,0.4954278767108917,0.5045721530914307,0.7952899932861328,0.9845499992370605,0.8863312602043152
4,5611,0.10452233999967575,-0.14573286473751068,0.04629399627447128,0.4300002157688141,0.589999794960022,0.6512556076049805,0.8110111951828003,0.5779195427894592,0.6602178812026978,0.4357300102710724,0.7159500122070312,0.6088977456092834
4,5612,0.3142666518688202,-0.3995383679866791,0.12529578804969788,0.13000105321407318,0.9099989533424377,0.535573422908783,0.5533240437507629,0.518325686454773,0.5274699330329895,0.1509000062942505,0.8889700174331665,0.5252768397331238
4,5613,0.0809105932712555,-0.1264318823814392,0.04489359259605408,0.4900001883506775,0.6299998164176941,0.5889984965324402,0.7132528424263,0.5458477139472961,0.6098574995994568,0.4946799874305725,0.6948500275611877,0.6240143775939941
4,5614,0.30903515219688416,-0.3928634822368622,0.12510976195335388,0.14000102877616882,0.8999989628791809,0.5444631576538086,0.5622137784957886,0.5229052901268005,0.5320495367050171,0.1604200005531311,0.8795599937438965,0.5295607447624207
4,5615,0.11944273859262466,-0.24550531804561615,0.12549975514411926,0.10000113397836685,0.9399988651275635,--,--,--,--,0.1236099973320961,0.9182100296020508,0.6006855964660645
4,5616,0.05786547809839249,-0.1415354460477829,0.10108865797519684,0.3500005602836609,0.7699994444847107,--,--,--,--,0.36243999004364014,0.7595999836921692,0.6430177092552185
4,5617,0.034315355122089386,-0.12496908754110336,0.09014367312192917,0.21000094711780548,0.9899513125419617,--,--,--,--,0.23159000277519226,0.9851999878883362,0.7569319009780884
4,5618,0.057459574192762375,-0.09617473185062408,0.08848778903484344,0.44025981426239014,0.9399997591972351,--,--,--,--,0.443340003490448,0.9331700205802917,0.7202938199043274
4,5619,0.058448709547519684,-0.1587119698524475,0.12147385627031326,0.4504221975803375,0.9695777893066406,--,--,--,--,0.45486000180244446,0.9540299773216248,0.75609290599823
4,5620,2.01371169090271,-3.511174440383911,0.03383467346429825,0.49000951647758484,0.5099905133247375,0.3803338408470154,0.630549967288971,0.3155146539211273,0.7012645602226257,0.4777199923992157,0.5531399846076965,0.5069550275802612
4,5621,0.1278150975704193,-0.047158271074295044,0.19224536418914795,0.5601807236671448,0.9398192763328552,0.48912346363067627,0.5217603445053101,0.4832320213317871,0.5335472226142883,0.5611799955368042,0.9344599843025208,0.7649247050285339
4,5622,0.11457032710313797,-0.04791947081685066,0.18006472289562225,0.5501711964607239,0.9098288416862488,0.505444347858429,0.5163233280181885,0.5083933472633362,0.5251650810241699,0.5511199831962585,0.904770016670227,0.7469913363456726
4,5623,0.16058820486068726,-0.04413369297981262,0.24634544551372528,0.5901806950569153,0.9698193073272705,0.5000024437904358,0.5108813643455505,0.5000037550926208,0.5167754888534546,0.5911800265312195,0.964460015296936,0.7946304678916931
4,5624,0.2984832525253296,-0.4648951590061188,0.11358194053173065,0.38016167283058167,0.7198383212089539,0.4564938545227051,0.587041437625885,0.43292802572250366,0.6341888904571533,0.38106000423431396,0.7150700092315674,0.5739363431930542
4,5625,0.1286303699016571,-0.24501366913318634,0.17992810904979706,0.18014732003211975,0.8398526906967163,--,--,--,--,0.20324000716209412,0.8251500129699707,0.5268266797065735
4,5626,0.0543736033141613,-0.20073220133781433,0.21220827102661133,0.06019642576575279,0.9398036003112793,--,--,--,--,0.0940999984741211,0.9210399985313416,0.6590813994407654
4,5627,0.1062658354640007,-0.34186139702796936,0.10950249433517456,0.050437476485967636,0.9899464249610901,--,--,--,--,0.05295800045132637,0.983269989490509,0.6805312633514404
4,5628,0.15490373969078064,-0.3145444393157959,0.17385900020599365,0.15016964077949524,0.9098303318023682,--,--,--,--,0.17694999277591705,0.892769992351532,0.5362130403518677
4,5629,0.08593948185443878,-0.17782656848430634,0.12988397479057312,0.30014732480049133,0.9796861410140991,--,--,--,--,0.32203999161720276,0.9701399803161621,0.6411744356155396
4,5630,0.3543244004249573,-0.5647497177124023,0.08985234797000885,0.18026763200759888,0.8397323489189148,0.4108472466468811,0.5891527533531189,0.37938159704208374,0.6206184029579163,0.18073999881744385,0.8392599821090698,0.5019972324371338
4,5631,0.1276356279850006,-0.05537334084510803,0.20516687631607056,0.5801622271537781,0.9798377752304077,0.49405649304389954,0.5059435367584229,0.49195876717567444,0.5080412030220032,0.5804499983787537,0.9795500040054321,0.7752397656440735
4,5632,0.2648543417453766,-0.029915103688836098,0.4429568648338318,0.7100567817687988,0.849943220615387,0.5832147598266602,0.5832147598266602,0.61258465051651,0.61258465051651,0.7101600170135498,0.8530300259590149,0.8066819310188293
4,5633,0.3311012387275696,-0.5754711627960205,0.07008012384176254,0.32017841935157776,0.7598215937614441,0.40490493178367615,0.63075852394104,0.3713419735431671,0.6769086122512817,0.320499986410141,0.7595000267028809,0.540638267993927
4,5634,0.06864268332719803,-0.1586368829011917,0.051106616854667664,0.4601459801197052,0.8198540210723877,0.45245227217674255,0.5594355463981628,0.4356707036495209,0.5804128050804138,0.4604099988937378,0.8195899724960327,0.637650191783905
4,5635,0.0717206820845604,-0.12320178747177124,0.1535482406616211,0.3300165832042694,0.9699351191520691,--,--,--,--,0.3499099910259247,0.9698200225830078,0.7696190476417542
4,5636,0.1646883487701416,-0.29076826572418213,0.20067758858203888,0.0903325080871582,0.979974091053009,--,--,--,--,0.09092500060796738,0.9554100036621094,0.5332707762718201
4,5637,0.036976393312215805,-0.11714126169681549,0.06467249989509583,0.5300019979476929,0.8498702645301819,--,--,--,--,0.5303599834442139,0.8496400117874146,0.6387799978256226
4,5638,0.04918216913938522,-0.17439885437488556,0.07782340794801712,0.3302432894706726,0.9297567009925842,--,--,--,--,0.3306800127029419,0.9293199777603149,0.6247097849845886
4,5639,0.10565345734357834,-0.025682156905531883,0.19859962165355682,0.6300026774406433,0.9499675631523132,--,--,--,--,0.6339399814605713,0.9499099850654602,0.816733181476593
4,5640,0.29706600308418274,-0.027206461876630783,0.45574793219566345,0.8400700092315674,0.9799299836158752,0.49749627709388733,0.5025036931037903,0.4903428256511688,0.5096571445465088,0.8412100076675415,0.9774600267410278,0.9159390330314636
4,5641,0.2122129648923874,-0.02150878682732582,0.3423645496368408,0.7400200366973877,0.7799800038337708,0.47749024629592896,0.5425867438316345,0.41317665576934814,0.6642630696296692,0.7403600215911865,0.8015400171279907,0.7714799642562866
4,5642,0.1207033172249794,-0.23471125960350037,0.1263602077960968,0.19039015471935272,0.9696098566055298,0.49499258399009705,0.5050074458122253,0.48068565130233765,0.5193143486976624,0.19672000408172607,0.9558299779891968,0.6127445101737976
4,5643,0.08848106861114502,-0.09201272577047348,0.1471887230873108,0.5102000832557678,0.9097999334335327,0.4950103163719177,0.5200474262237549,0.4807540476322174,0.5773257613182068,0.5134599804878235,0.9027699828147888,0.7335939407348633
4,5644,0.027073755860328674,-0.08972778171300888,0.07823804765939713,0.5301200747489929,0.769879937171936,0.4624679684638977,0.557608962059021,0.35523363947868347,0.7222061157226562,0.5320900082588196,0.7656800150871277,0.6704042553901672
4,5645,0.0717061311006546,-0.10671433061361313,0.1325584352016449,0.30068302154541016,0.969980001449585,--,--,--,--,0.31373000144958496,0.9684600234031677,0.8020582795143127
4,5646,0.1196395605802536,-0.25376972556114197,0.10914453119039536,0.2703201174736023,0.9096798896789551,--,--,--,--,0.27542999386787415,0.8981199860572815,0.569269061088562
4,5647,0.02662406675517559,-0.09637805074453354,0.11022697389125824,0.4104945957660675,0.8798599243164062,--,--,--,--,0.41934001445770264,0.8745700120925903,0.6929547190666199
4,5648,0.06248769536614418,-0.13532137870788574,0.1594783216714859,0.320612370967865,0.8498199582099915,--,--,--,--,0.33125999569892883,0.8431500196456909,0.6356182098388672
4,5649,0.07031996548175812,-0.034429505467414856,0.1296163946390152,0.6900700330734253,0.9298822283744812,--,--,--,--,0.6912999749183655,0.9268900156021118,0.8098315596580505
4,5650,0.08117172867059708,-0.19180354475975037,0.20585957169532776,0.15098920464515686,0.9890108108520508,--,--,--,--,0.16759000718593597,0.9656500220298767,0.6054534316062927
4,5651,0.020453156903386116,-0.06308940798044205,0.07263541221618652,0.6100500226020813,0.8198115825653076,--,--,--,--,0.6109200119972229,0.8151999711990356,0.6928542852401733
4,5652,0.03327549993991852,-0.09120498597621918,0.08297400176525116,0.3404710590839386,0.9398899674415588,--,--,--,--,0.3497900068759918,0.9353299736976624,0.7135177254676819
4,5653,0.06348717212677002,-0.052522700279951096,0.10877466201782227,0.4901648759841919,0.9999299645423889,--,--,--,--,0.49487999081611633,0.9966700077056885,0.781398594379425
4,5654,0.05286846682429314,-0.0914301946759224,0.09927113354206085,0.33040040731430054,0.9699599742889404,--,--,--,--,0.3392300009727478,0.9676200151443481,0.7554016709327698
4,5655,0.1388513743877411,-0.051974669098854065,0.2155778557062149,0.5801234841346741,0.959876537322998,0.5000002384185791,0.519318699836731,0.5000000596046448,0.5051746368408203,0.5845199823379517,0.9506999850273132,0.7785464525222778
4,5656,0.17348718643188477,-0.032224055379629135,0.30015599727630615,0.650052011013031,0.8099480271339417,0.4613637328147888,0.5965931415557861,0.48965099453926086,0.5258731842041016,0.6519899964332581,0.8060799837112427,0.7464080452919006
4,5657,0.3407720923423767,-0.0027316922787576914,0.5597622394561768,0.9300065040588379,0.9499934911727905,0.4613630175590515,0.5386369824409485,0.48965081572532654,0.5103492140769958,0.9302499890327454,0.9513400197029114,0.9413636326789856
4,5658,0.041343603283166885,-0.11474910378456116,0.09928680211305618,0.34017544984817505,0.8798245787620544,0.5193198919296265,0.5965938568115234,0.505174994468689,0.5258733630180359,0.34654998779296875,0.8667799830436707,0.6422674059867859
4,5659,0.2533005475997925,-0.01779775694012642,0.45471665263175964,0.6400324702262878,0.7399675250053406,0.6642111539840698,0.6642111539840698,0.54398512840271,0.54398512840271,0.6416299939155579,0.8463600277900696,0.7630087733268738
4,5660,0.06353235244750977,-0.054130617529153824,0.10924138873815536,0.4600076973438263,0.9799949526786804,--,--,--,--,0.4659300148487091,0.9744499921798706,0.7729211449623108
4,5661,0.12968403100967407,-0.21464915573596954,0.12309511750936508,0.27002817392349243,0.9299718141555786,--,--,--,--,0.2838299870491028,0.9147199988365173,0.5530621409416199
4,5662,0.024429459124803543,-0.09566815197467804,0.1042441576719284,0.4900187849998474,0.9299812316894531,--,--,--,--,0.499099999666214,0.9197900295257568,0.6675650477409363
4,5663,0.09023471921682358,-0.19481971859931946,0.19457221031188965,0.2201775312423706,0.9198224544525146,--,--,--,--,0.27118998765945435,0.8979499936103821,0.6117078065872192
4,5664,0.04178155958652496,-0.07735390216112137,0.07118186354637146,0.6100085377693176,0.8099914789199829,--,--,--,--,0.6141700148582458,0.8053799867630005,0.6984016299247742
4,5665,0.030261754989624023,-0.07498866319656372,0.08113088458776474,0.5603191256523132,0.8596808910369873,--,--,--,--,0.5685300230979919,0.8571199774742126,0.7433271408081055
4,5666,0.033923085778951645,-0.10120614618062973,0.05326870083808899,0.4700160026550293,0.9299839735031128,--,--,--,--,0.4758700132369995,0.9244800209999084,0.7476122975349426
4,5667,0.06217965483665466,-0.1453753262758255,0.06090143322944641,0.4200153052806854,0.8599846959114075,--,--,--,--,0.4247100055217743,0.8540099859237671,0.613301694393158
4,5668,0.042221300303936005,-0.1328795850276947,0.15384653210639954,0.3604467511177063,0.779553234577179,--,--,--,--,0.37233999371528625,0.7761899828910828,0.6594235301017761
4,5669,0.13236473500728607,-0.21227876842021942,0.17325183749198914,0.20068077743053436,0.8799819350242615,--,--,--,--,0.21827000379562378,0.8725500106811523,0.5750540494918823
4,5670,0.11447013169527054,-0.07017969340085983,0.22950352728366852,0.4402552843093872,0.6797447204589844,0.6982786655426025,0.7883976697921753,0.59532630443573,0.6386526823043823,0.4476099908351898,0.7836999893188477,0.673084557056427
4,5671,0.1480208933353424,-0.2194093018770218,0.15783095359802246,0.2307233214378357,0.9092766642570496,0.545063853263855,0.581111490726471,0.5216653347015381,0.5389959216117859,0.24889999628067017,0.9032700061798096,0.6015791893005371
4,5672,0.34007465839385986,-0.003415682353079319,0.5520408153533936,0.8600212931632996,0.8799787163734436,0.5360525846481323,0.6081477999687195,0.5173329710960388,0.5519941449165344,0.8608599901199341,0.9449300169944763,0.9035933017730713
4,5673,0.024542124941945076,-0.10479051619768143,0.11035364121198654,0.45040419697761536,0.8295958042144775,0.48197996616363525,0.6261703372001648,0.49133652448654175,0.5606588125228882,0.46066001057624817,0.8262699842453003,0.6670181751251221
4,5674,0.2336583137512207,-0.04150674119591713,0.35119450092315674,0.7402127385139465,0.9397872686386108,0.5000006556510925,0.5180244445800781,0.5000002980232239,0.5086655616760254,0.7455199956893921,0.9380000233650208,0.8449512124061584
4,5675,0.150292307138443,-0.2273496836423874,0.10237348079681396,0.3500230610370636,0.8899769186973572,0.4930734634399414,0.5069265365600586,0.44043177366256714,0.5595682263374329,0.36142000555992126,0.8775500059127808,0.6062033176422119
4,5676,0.23066088557243347,-0.05377846956253052,0.3370400369167328,0.7400102615356445,0.979989767074585,0.49769115447998047,0.5023088455200195,0.4801439344882965,0.5198560953140259,0.7450699806213379,0.9744700193405151,0.8537977933883667
4,5677,0.13006556034088135,-0.18418718874454498,0.10859473794698715,0.32002389430999756,0.8799760937690735,0.5023123621940613,0.5115477442741394,0.519886314868927,0.599310576915741,0.33208000659942627,0.8671500086784363,0.6119625568389893
4,5678,0.04514791816473007,-0.14787907898426056,0.09559804201126099,0.3700256049633026,0.9699743986129761,0.5011556148529053,0.5034644603729248,0.50993812084198,0.5297941565513611,0.3827599883079529,0.9561899900436401,0.6629075407981873
4,5679,0.0336187519133091,-0.11144120246171951,0.10247977077960968,0.46002134680747986,0.9599786400794983,0.4976917505264282,0.5046182870864868,0.48014897108078003,0.5397171974182129,0.47060999274253845,0.9484800100326538,0.7013733386993408
4,5680,0.04621915519237518,-0.06788885593414307,0.10060829669237137,0.5600383281707764,0.9599616527557373,--,--,--,--,0.564079999923706,0.9495199918746948,0.76070636510849
4,5681,0.06403188407421112,-0.20594258606433868,0.13915905356407166,0.23005975782871246,0.9299402236938477,--,--,--,--,0.24803000688552856,0.9139599800109863,0.638960063457489
4,5682,0.027154307812452316,-0.044016119092702866,0.04841691255569458,0.6200076341629028,0.8399829268455505,--,--,--,--,0.6213399767875671,0.834850013256073,0.6962534189224243
4,5683,0.04609338566660881,-0.15088044106960297,0.10518000274896622,0.31005293130874634,0.9799520969390869,--,--,--,--,0.32596999406814575,0.9655900001525879,0.6801093816757202
4,5684,0.098026342689991,-0.2691380977630615,0.12829314172267914,0.2400546371936798,0.8799453377723694,--,--,--,--,0.25648000836372375,0.8647000193595886,0.5868523716926575
4,5685,0.019593844190239906,-0.10363221168518066,0.09617190062999725,0.45003023743629456,0.9499697685241699,0.48122739791870117,0.5375459790229797,0.493103951215744,0.5137923955917358,0.4573900103569031,0.942550003528595,0.6955800652503967
4,5686,0.11364822834730148,-0.1683751791715622,0.12062935531139374,0.3100411295890808,0.9899588823318481,0.49061357975006104,0.509386420249939,0.4965519309043884,0.5034480690956116,0.32001999020576477,0.9798399806022644,0.6361356973648071
4,5687,0.37321507930755615,-0.008166491985321045,0.5064683556556702,0.8300024271011353,0.8699975609779358,0.5563201904296875,0.5563201904296875,0.520689070224762,0.520689070224762,0.8307200074195862,0.9169300198554993,0.8854132890701294
4,5688,0.33585742115974426,-0.45270395278930664,0.16157665848731995,0.17004354298114777,0.8899564743041992,0.4906146228313446,0.5844789743423462,0.49655231833457947,0.5310330986976624,0.1806900054216385,0.8793100118637085,0.5390111207962036
4,5689,0.2258099764585495,-0.34328731894493103,0.14813455939292908,0.2700338661670685,0.829966127872467,0.5844802856445312,0.5844802856445312,0.5310335755348206,0.5310335755348206,0.278439998626709,0.8217899799346924,0.5930107831954956
4,5690,0.11586134135723114,-0.3491170406341553,0.09802854806184769,0.17005805671215057,0.8499674201011658,--,--,--,--,0.18750999867916107,0.8392000198364258,0.6023885607719421
4,5691,0.04131927713751793,-0.08273124694824219,0.12019636482000351,0.4600459933280945,0.9399540424346924,--,--,--,--,0.465039998292923,0.9278299808502197,0.7191601395606995
4,5692,0.04514996334910393,-0.10361172258853912,0.11987194418907166,0.3900574743747711,0.9899425506591797,--,--,--,--,0.39566001296043396,0.9732199907302856,0.6408063769340515
4,5693,0.03811323270201683,-0.20143352448940277,0.13421916961669922,0.19006317853927612,0.9299368262290955,--,--,--,--,0.20905999839305878,0.9144600033760071,0.7280269861221313
4,5694,0.04871777817606926,-0.2558063268661499,0.12491772323846817,0.22005634009838104,0.8799436688423157,--,--,--,--,0.2370000034570694,0.8658499717712402,0.6856067180633545
4,5695,0.22603309154510498,-0.00993075966835022,0.3894832134246826,0.7400005459785461,0.7799994349479675,0.492266982793808,0.6006078720092773,0.4936729967594147,0.5823155641555786,0.7403799891471863,0.8026099801063538,0.7742236256599426
4,5696,0.19949962198734283,-0.3141738474369049,0.1164495199918747,0.33000674843788147,0.8099932670593262,0.4303560256958008,0.6315605640411377,0.4430185556411743,0.6076404452323914,0.33441001176834106,0.8034700155258179,0.5906786322593689
4,5697,0.1056031808257103,-0.1958615928888321,0.11496631801128387,0.24001039564609528,0.9799895882606506,0.5000009536743164,0.5154781937599182,0.5000007748603821,0.5126639604568481,0.24677999317646027,0.9698299765586853,0.6301817893981934
4,5698,0.15725579857826233,-0.0625019446015358,0.2731853127479553,0.6100053191184998,0.9899946451187134,0.5,0.5,0.5,0.5,0.6134799718856812,0.9847699999809265,0.8092314600944519
4,5699,0.13562189042568207,-0.023697206750512123,0.2764357328414917,0.6700011491775513,0.7499988675117493,0.3839251399040222,0.6934705972671509,0.40502965450286865,0.658294141292572,0.6707500219345093,0.7620700001716614,0.7232984900474548
4,5700,0.02979257144033909,-0.04915140941739082,0.056929729878902435,0.5000383257865906,0.9798943400382996,--,--,--,--,0.5018399953842163,0.9757599830627441,0.7237501740455627
4,5701,0.11634211987257004,-0.2661210596561432,0.1614627093076706,0.12018675357103348,0.8998132348060608,--,--,--,--,0.12625999748706818,0.8842700123786926,0.6161448955535889
4,5702,0.03703736513853073,-0.12723605334758759,0.13463419675827026,0.33030644059181213,0.9096935987472534,--,--,--,--,0.34134000539779663,0.8987100124359131,0.6559123992919922
4,5703,0.04145406559109688,-0.13644006848335266,0.09533237665891647,0.36014366149902344,0.9598563313484192,--,--,--,--,0.3645400106906891,0.947160005569458,0.6846858263015747
4,5704,0.04079357907176018,-0.1055455282330513,0.13076555728912354,0.2503170073032379,0.9499856233596802,--,--,--,--,0.26205000281333923,0.945900022983551,0.741923987865448
4,5705,0.1040167286992073,-0.014941457659006119,0.1745811253786087,0.780042290687561,0.9099856615066528,--,--,--,--,0.7816200256347656,0.908240020275116,0.8512101173400879
4,5706,0.10896282643079758,-0.03032766655087471,0.17656496167182922,0.8100845217704773,0.9699154496192932,--,--,--,--,0.8131200075149536,0.9668800234794617,0.8950473070144653
4,5707,0.046390797942876816,-0.08643433451652527,0.11179453134536743,0.4402007758617401,0.859976053237915,--,--,--,--,0.4475800096988678,0.856410026550293,0.7233431935310364
4,5708,0.0405411534011364,-0.05808465555310249,0.08198769390583038,0.6200383305549622,0.8598837852478027,--,--,--,--,0.6213099956512451,0.8556299805641174,0.7238836288452148
4,5709,0.054656557738780975,-0.14560168981552124,0.07494570314884186,0.38014793395996094,0.9299089908599854,--,--,--,--,0.3857100009918213,0.9200400114059448,0.6346601843833923
4,5710,0.1301191747188568,-0.0388830304145813,0.2881587743759155,0.4900739789009094,0.6299260258674622,0.6258706450462341,0.8055382370948792,0.561400294303894,0.6490430235862732,0.49292999505996704,0.7611700296401978,0.6594518423080444
4,5711,0.09442800283432007,-0.1526983678340912,0.14690738916397095,0.3702007532119751,0.7497992515563965,0.571923017501831,0.6617568135261536,0.5350843667984009,0.5789057612419128,0.37748000025749207,0.7426699995994568,0.6120306253433228
4,5712,0.4247143268585205,-0.0035876601468771696,0.6294633746147156,0.9800105690956116,0.9999894499778748,0.5,0.5,0.5,0.5,0.9803900122642517,0.9996100068092346,0.989878237247467
4,5713,0.24183543026447296,-0.055287543684244156,0.36815595626831055,0.690158486366272,0.9898415207862854,0.5089876651763916,0.5089876651763916,0.5043842196464539,0.5043842196464539,0.6958199739456177,0.9841300249099731,0.8423656821250916
4,5714,0.3248324692249298,-0.4705888330936432,0.17902585864067078,0.3801373541355133,0.6398626565933228,0.6348152756690979,0.6348152756690979,0.565763533115387,0.565763533115387,0.38517001271247864,0.6383600234985352,0.5712565183639526
4,5715,0.08323550969362259,-0.053116220980882645,0.20278142392635345,0.5400526523590088,0.7599472999572754,0.500109076499939,0.706326425075531,0.5000401735305786,0.5760149955749512,0.5418000221252441,0.7557100057601929,0.6893614530563354
4,5716,0.23711836338043213,-0.03257869929075241,0.34936070442199707,0.720057487487793,0.9599425196647644,0.49063640832901,0.5281304717063904,0.4965502619743347,0.5103638768196106,0.7217900156974792,0.9548100233078003,0.8451467156410217
4,5717,0.16348809003829956,-0.04373418539762497,0.24364112317562103,0.6300718188285828,0.929928183555603,0.49063640832901,0.5281304717063904,0.4965502619743347,0.5103638768196106,0.6322399973869324,0.9235000014305115,0.7855709195137024
4,5718,0.08861583471298218,-0.052066534757614136,0.19746942818164825,0.5400478839874268,0.7399520874023438,0.5938640832901001,0.6501051783561707,0.5345814824104309,0.5553019046783447,0.5416799783706665,0.7371500134468079,0.685958206653595
4,5719,0.28005197644233704,-0.01032589003443718,0.4087439477443695,0.8000143766403198,0.8599856495857239,0.5093834400177002,0.5093834400177002,0.5034570693969727,0.5034570693969727,0.8004599809646606,0.858739972114563,0.8338474631309509
4,5720,0.09767066687345505,-0.21789740025997162,0.17301717400550842,0.23010219633579254,0.9298977851867676,--,--,--,--,0.23878000676631927,0.9212300181388855,0.5693055391311646
4,5721,0.034458231180906296,-0.07820606976747513,0.14332517981529236,0.3900876045227051,0.98991459608078,--,--,--,--,0.3975200057029724,0.985260009765625,0.7817148566246033
4,5722,0.07131638377904892,-0.1633581817150116,0.11855848878622055,0.3001993000507355,0.899927020072937,--,--,--,--,0.32896000146865845,0.8937299847602844,0.5928131341934204
4,5723,0.15366509556770325,-0.2919001579284668,0.1831551045179367,0.25007590651512146,0.8198196887969971,--,--,--,--,0.25652000308036804,0.8121399879455566,0.5637720227241516
4,5724,0.09165695309638977,-0.17168058454990387,0.10503063350915909,0.32029420137405396,0.9397057890892029,--,--,--,--,0.3523600101470947,0.9277899861335754,0.5637503266334534
4,5725,0.16681601107120514,-0.3108518123626709,0.2581339478492737,0.1803176999092102,0.8596823215484619,--,--,--,--,0.19648000597953796,0.8436099886894226,0.5215002298355103
4,5726,0.1510889232158661,-0.3251986801624298,0.06601376086473465,0.2700898349285126,0.8498878479003906,--,--,--,--,0.2852399945259094,0.842490017414093,0.5941872596740723
4,5727,0.05519425496459007,-0.17495252192020416,0.09927292168140411,0.41008609533309937,0.8699139356613159,--,--,--,--,0.4234299957752228,0.8623600006103516,0.6725509166717529
4,5728,0.03283924236893654,-0.13864202797412872,0.17817319929599762,0.26022425293922424,0.919951319694519,--,--,--,--,0.27309998869895935,0.9117799997329712,0.6731747984886169
4,5729,0.16662359237670898,-0.3060361444950104,0.20098572969436646,0.3601868748664856,0.759813129901886,--,--,--,--,0.3694399893283844,0.7500100135803223,0.5304465889930725
4,5730,0.09049703180789948,-0.25295618176460266,0.10044477880001068,0.47007474303245544,0.6299252510070801,0.4954783022403717,0.5135718584060669,0.3801751136779785,0.8596541881561279,0.4745599925518036,0.7571499943733215,0.6301447153091431
4,5731,0.3497045040130615,-0.05200568586587906,0.49402153491973877,0.7400841116905212,0.9199159145355225,0.5030167102813721,0.5030167102813721,0.5799431204795837,0.5799431204795837,0.7447800040245056,0.923799991607666,0.879384458065033
4,5732,0.19407975673675537,-0.2829783260822296,0.23746074736118317,0.18035507202148438,0.9396449327468872,0.49849221110343933,0.5015078186988831,0.46004340052604675,0.5399565696716309,0.19855999946594238,0.9219099879264832,0.5781041383743286
4,5733,0.17382031679153442,-0.24009333550930023,0.23739945888519287,0.20033638179302216,0.9196636080741882,0.4984924793243408,0.5030158758163452,0.46005088090896606,0.5799206495285034,0.21769000589847565,0.9029800295829773,0.5892906188964844
4,5734,0.05307849496603012,-0.18727074563503265,0.18977567553520203,0.3402709662914276,0.9197290539741516,0.500754177570343,0.500754177570343,0.5199857950210571,0.5199857950210571,0.3542500138282776,0.9063100218772888,0.6540951132774353
4,5735,nan,-0.0,-0.0,0.40027520060539246,0.9797247648239136,--,--,--,--,--,--,nan
4,5736,0.1931990534067154,-0.4027014374732971,0.19411705434322357,0.3700437843799591,0.6699562072753906,--,--,--,--,0.37376001477241516,0.6662399768829346,0.533926784992218
4,5737,0.04068613424897194,-0.0711592361330986,0.1359664797782898,0.3000788390636444,0.9999145865440369,--,--,--,--,0.306769996881485,0.9944599866867065,0.7170990705490112
4,5738,0.03496221825480461,-0.07950982451438904,0.08842523396015167,0.35019928216934204,0.9699474573135376,--,--,--,--,0.3806400001049042,0.9654899835586548,0.6940449476242065
4,5739,0.03532581776380539,-0.08276418596506119,0.12434232980012894,0.5400175452232361,0.7199146151542664,--,--,--,--,0.5414999723434448,0.7164700031280518,0.6137104630470276
4,5740,0.3452688753604889,-0.5022266507148743,0.27873751521110535,0.12090828269720078,0.879091739654541,0.5000066161155701,0.5301771759986877,0.5000162124633789,0.5740711688995361,0.14646999537944794,0.8415399789810181,0.5197460055351257
4,5741,0.09073963761329651,-0.13200083374977112,0.14385437965393066,0.4705497622489929,0.929450273513794,0.5150935053825378,0.5226361751556396,0.5370477437973022,0.5555614829063416,0.4862399995326996,0.9068700075149536,0.7259678244590759
4,5742,0.07116588950157166,-0.19767412543296814,0.14215832948684692,0.4903107285499573,0.7496892809867859,0.4660680294036865,0.5792075991630554,0.4167124032974243,0.6944186687469482,0.49952998757362366,0.7371299862861633,0.6504039764404297
4,5743,0.34002333879470825,-0.02463458850979805,0.4959584176540375,0.8801195025444031,0.9798805117607117,0.5037729740142822,0.5037729740142822,0.5092609524726868,0.5092609524726868,0.8835200071334839,0.9749699831008911,0.9351975917816162
4,5744,0.21523036062717438,-0.3266780376434326,0.23900966346263885,0.13102780282497406,0.9889721870422363,0.5037729740142822,0.5037729740142822,0.5092609524726868,0.5092609524726868,0.15963000059127808,0.9463000297546387,0.5637882947921753
4,5745,0.03628702834248543,-0.026588885113596916,0.08163710683584213,0.49000000953674316,0.8399701714515686,--,--,--,--,0.4901599884033203,0.8338000178337097,0.6677986979484558
4,5746,0.10787249356508255,-0.19569788873195648,0.11209311336278915,0.14000000059604645,0.9800000190734863,--,--,--,--,0.14098000526428223,0.9790199995040894,0.5303460359573364
4,5747,0.03283378481864929,-0.06415457278490067,0.08307115733623505,0.3700000047683716,0.9699582457542419,--,--,--,--,0.37049001455307007,0.9612299799919128,0.7281447052955627
4,5748,0.0814206525683403,-0.24370555579662323,0.16151952743530273,0.11025058478116989,0.9497494101524353,--,--,--,--,0.122529998421669,0.9104300141334534,0.6180244088172913
4,5749,0.03628646209836006,-0.10168565809726715,0.08833741396665573,0.4000000059604645,0.9800000190734863,--,--,--,--,0.4006800055503845,0.9793199896812439,0.7704311609268188
4,5750,0.05102144926786423,-0.05489729717373848,0.08315545320510864,0.6300954818725586,0.9499045610427856,--,--,--,--,0.6344299912452698,0.9323199987411499,0.7583916187286377
4,5751,0.08919276297092438,-0.19115057587623596,0.1392650306224823,0.14000000059604645,0.8600000143051147,--,--,--,--,0.14083999395370483,0.8591600060462952,0.5896010994911194
4,5752,0.08731447905302048,-0.03557964414358139,0.17201296985149384,0.760059654712677,0.9900000095367432,--,--,--,--,0.7630199790000916,0.9898099899291992,0.8860979080200195
4,5753,0.06773662567138672,-0.027619101107120514,0.11515795439481735,0.7200000286102295,0.9699522852897644,--,--,--,--,0.7200199961662292,0.9607899785041809,0.8060665130615234
4,5754,0.06632467359304428,-0.037574395537376404,0.11767397075891495,0.6499999761581421,0.9599403142929077,--,--,--,--,0.6502599716186523,0.948710024356842,0.8063371181488037
4,5755,0.11083433777093887,-0.1707828938961029,0.08099808543920517,0.41999998688697815,0.8199999928474426,0.5297682881355286,0.5694198608398438,0.5038164258003235,0.508899986743927,0.4204699993133545,0.8195300102233887,0.6175620555877686
4,5756,0.1564067006111145,-0.061981961131095886,0.25752344727516174,0.6600000262260437,0.9599999785423279,0.49009302258491516,0.5297446250915527,0.4987298846244812,0.5038133859634399,0.6603500247001648,0.9596499800682068,0.799453616142273
4,5757,0.24090471863746643,-0.33546239137649536,0.10964411497116089,0.20000000298023224,0.9200000166893005,0.5000177621841431,0.5594951510429382,0.5000022649765015,0.5076276063919067,0.20083999633789062,0.919160008430481,0.5367817878723145
4,5758,0.42478206753730774,-0.798606812953949,0.0491974875330925,0.5299999713897705,0.550000011920929,0.490146279335022,0.7082300782203674,0.498736709356308,0.5266961455345154,0.530019998550415,0.611549973487854,0.569355309009552
4,5759,0.1508125364780426,-0.06459318846464157,0.2700599431991577,0.6100000143051147,0.8899999856948853,0.5793564319610596,0.5991822481155396,0.5101739168167114,0.5127156972885132,0.6103299856185913,0.8896700143814087,0.7656617760658264
4,5760,0.0968889370560646,-0.18615999817848206,0.12899728119373322,0.4600653350353241,0.7399346828460693,0.5422658324241638,0.5528284907341003,0.5679272413253784,0.5849030017852783,0.46566998958587646,0.7382299900054932,0.6274726986885071
4,5761,0.03786883503198624,-0.07168509066104889,0.1344003826379776,0.4300839900970459,0.7899159789085388,0.5211454629898071,0.6056469678878784,0.5339837670326233,0.6697897911071777,0.43731001019477844,0.7877100110054016,0.6467751264572144
4,5762,0.2826879024505615,-0.437762588262558,0.12431435286998749,0.3001120090484619,0.7798879742622375,0.46303895115852356,0.5897912383079529,0.4405983090400696,0.6443073749542236,0.3095499873161316,0.7767699956893921,0.5572375059127808
4,5763,0.3346397876739502,0.0,0.5060788989067078,0.8800046443939209,0.8999953269958496,0.4894423186779022,0.5422557592391968,0.48303231596946716,0.5679110884666443,0.8804600238800049,0.9161900281906128,0.898941159248352
4,5764,0.06659843772649765,-0.126730814576149,0.12617827951908112,0.47006532549858093,0.7499346733093262,0.5317031145095825,0.5633912086486816,0.5509514808654785,0.6018787026405334,0.4756700098514557,0.7482200264930725,0.6375358700752258
4,5765,0.19321633875370026,-0.40179529786109924,0.07080014050006866,0.5100303888320923,0.7499696016311646,0.33007991313934326,0.6869128942489624,0.39453235268592834,0.6160148978233337,0.5140699744224548,0.7461599707603455,0.6219992637634277
4,5766,0.35748201608657837,0.0,0.5105987787246704,0.9100000262260437,0.9100000262260437,0.5000003576278687,0.516992449760437,0.5000002384185791,0.5105470418930054,0.9100000262260437,0.9160100221633911,0.9126158356666565
4,5767,0.15809716284275055,-0.025803321972489357,0.2149280160665512,0.7000151872634888,0.8199847936630249,0.45752063393592834,0.5764649510383606,0.4736334979534149,0.5474610328674316,0.702049970626831,0.8181300163269043,0.7624271512031555
4,5768,0.13607986271381378,-0.3234917223453522,0.04508059099316597,0.6200101375579834,0.6999898552894592,0.38105568289756775,0.6189443469047546,0.42617249488830566,0.5738275051116943,0.6213399767875671,0.6986799836158752,0.6527890563011169
4,5769,0.10175814479589462,-0.17785732448101044,0.0448618046939373,0.6000075936317444,0.6599923968315125,0.5339863896369934,0.5679704546928406,0.5210949778556824,0.5421885848045349,0.6010800004005432,0.6677299737930298,0.6475476026535034
4,5770,0.02938123792409897,-0.07555557787418365,0.059459418058395386,0.5400513410568237,0.9499905109405518,--,--,--,--,0.5451899766921997,0.9473599791526794,0.7849619388580322
4,5771,0.03150389716029167,-0.10650401562452316,0.06938619166612625,0.5300700068473816,0.9899271726608276,--,--,--,--,0.5363600254058838,0.9809600114822388,0.7209094762802124
4,5772,0.08929617702960968,-0.29163235425949097,0.17986615002155304,0.06013930216431618,0.9398607015609741,--,--,--,--,0.08812899887561798,0.9249600172042847,0.612174391746521
4,5773,0.03876009210944176,-0.05897743999958038,0.0754476860165596,0.6300699710845947,0.9999683499336243,--,--,--,--,0.6363700032234192,0.9955000281333923,0.8402364253997803
4,5774,0.054246481508016586,-0.041360966861248016,0.0926373079419136,0.5600316524505615,0.8999813199043274,--,--,--,--,0.5684099793434143,0.8988100290298462,0.76042640209198
4,5775,0.035245075821876526,-0.035314835608005524,0.09641330689191818,0.4000380039215088,0.8999580144882202,--,--,--,--,0.4108999967575073,0.897849977016449,0.6654255390167236
4,5776,0.10421933978796005,-0.2122340202331543,0.17888031899929047,0.250139981508255,0.8498600125312805,--,--,--,--,0.2617799937725067,0.8456400036811829,0.529826283454895
4,5777,0.034742407500743866,-0.09469732642173767,0.10165785253047943,0.47007280588150024,0.9299271702766418,--,--,--,--,0.4840199947357178,0.9213500022888184,0.7058242559432983
4,5778,0.07743845880031586,-0.1271275132894516,0.13332290947437286,0.2800949811935425,0.9198646545410156,--,--,--,--,0.29892000555992126,0.9155799746513367,0.6059898138046265
4,5779,0.07311428338289261,-0.1412021964788437,0.07153264433145523,0.3400839865207672,0.8299620151519775,--,--,--,--,0.347790002822876,0.8243700265884399,0.6152871251106262
4,5780,0.042474664747714996,-0.053839415311813354,0.12612910568714142,0.45000240206718445,0.9699389338493347,--,--,--,--,0.46889999508857727,0.9680299758911133,0.8114681243896484
4,5781,0.04151691123843193,-0.07723981887102127,0.08487120270729065,0.47014254331588745,0.819999635219574,--,--,--,--,0.47286999225616455,0.8127700090408325,0.6668896675109863
4,5782,0.024836629629135132,-0.06932748854160309,0.0875524953007698,0.6403461694717407,0.9796538352966309,--,--,--,--,0.6432999968528748,0.9697399735450745,0.7271416783332825
4,5783,0.10040377080440521,-0.30171462893486023,0.14742113649845123,0.07000444084405899,0.989995539188385,--,--,--,--,0.10193999856710434,0.9563999772071838,0.6218125224113464
4,5784,0.035151224583387375,-0.10471653193235397,0.06840940564870834,0.5600012540817261,0.8199987411499023,--,--,--,--,0.567080020904541,0.8082399964332581,0.6466061472892761
4,5785,0.22522592544555664,-0.3002476096153259,0.13060522079467773,0.1500033736228943,0.989996612071991,0.49017906188964844,0.5098209381103516,0.4983631670475006,0.501636803150177,0.16103999316692352,0.9518600106239319,0.5504248738288879
4,5786,0.4220006763935089,0.0,0.6408644318580627,0.9900000095367432,0.9900000095367432,0.5098639130592346,0.5098639130592346,0.5016440153121948,0.5016440153121948,0.9900000095367432,0.9964100122451782,0.9927540421485901
4,5787,0.05501613765954971,-0.08368808776140213,0.1006946787238121,0.510001540184021,0.8899984955787659,0.500171959400177,0.5787395238876343,0.500028669834137,0.5131232738494873,0.5150600075721741,0.8730400204658508,0.7025135159492493
4,5788,0.07466062903404236,-0.11845260113477707,0.08997432887554169,0.4200018346309662,0.8799981474876404,0.4902220368385315,0.5295058488845825,0.49837034940719604,0.5049176216125488,0.4260599911212921,0.8591899871826172,0.6421788334846497
4,5789,0.31853121519088745,-0.44169309735298157,0.13771258294582367,0.18000288307666779,0.8999971151351929,0.4214324355125427,0.5785675644874573,0.48690539598464966,0.5130946040153503,0.18946999311447144,0.8673200011253357,0.5239320993423462
4,5790,0.08394566178321838,-0.14713263511657715,0.10126246511936188,0.24000224471092224,0.8898692727088928,--,--,--,--,0.24828000366687775,0.8885300159454346,0.6648086309432983
4,5791,0.05574028939008713,-0.04002371057868004,0.10108894109725952,0.5300436019897461,0.9799993634223938,--,--,--,--,0.530489981174469,0.9716699719429016,0.7410058379173279
4,5792,0.025374721735715866,-0.12519283592700958,0.13346348702907562,0.3110024631023407,0.8799993395805359,--,--,--,--,0.321260005235672,0.8717899918556213,0.6873050332069397
4,5793,0.06223958730697632,-0.13412503898143768,0.07251699268817902,0.41052302718162537,0.8499986529350281,--,--,--,--,0.4158700108528137,0.8330699801445007,0.6128230690956116
4,5794,0.15229123830795288,-0.2671014070510864,0.1427551954984665,0.21000248193740845,0.8299975395202637,--,--,--,--,0.21866999566555023,0.8051300048828125,0.5908103585243225
4,5795,0.06473805755376816,-0.1501096785068512,0.09989076107740402,0.6100611090660095,0.6699389219284058,0.5015867948532104,0.5079338550567627,0.5098735094070435,0.5493663549423218,0.6108599901199341,0.6682199835777283,0.6497008204460144
4,5796,0.29063835740089417,-0.034484755247831345,0.4624241590499878,0.8301629424095154,0.989837110042572,0.5015867948532104,0.5015867948532104,0.5098733305931091,0.5098733305931091,0.8320000171661377,0.9852200150489807,0.9125127792358398
4,5797,0.2917284071445465,-0.5414154529571533,0.10484878718852997,0.2605498433113098,0.799450159072876,0.4984133541584015,0.526975154876709,0.4901275634765625,0.6678453087806702,0.26697999238967896,0.7838799953460693,0.5530590415000916
4,5798,0.20811811089515686,-0.048978399485349655,0.33938923478126526,0.6802240014076233,0.8997759819030762,0.5047603845596313,0.5111074447631836,0.5296201109886169,0.5691129565238953,0.6829100251197815,0.8934400081634521,0.8056687712669373
4,5799,0.14359994232654572,-0.2769612669944763,0.10042788833379745,0.3704887330532074,0.8495112657546997,0.4841323494911194,0.5158676505088806,0.4012679159641266,0.598732054233551,0.3759399950504303,0.835640013217926,0.605614185333252
4,5800,0.10967866331338882,-0.22448335587978363,0.05232026427984238,0.4100189507007599,0.6899912357330322,--,--,--,--,0.41499999165534973,0.6888200044631958,0.5789705514907837
4,5801,0.17487558722496033,-0.42672836780548096,0.11617717891931534,0.18006248772144318,0.8399375081062317,--,--,--,--,0.19649000465869904,0.8331599831581116,0.5192334055900574
4,5802,0.041258927434682846,-0.13354487717151642,0.1605139821767807,0.2501082718372345,0.9899583458900452,--,--,--,--,0.2779900133609772,0.9848799705505371,0.7011206150054932
4,5803,0.08857835829257965,-0.2589741051197052,0.06023416668176651,0.22006627917289734,0.9199337363243103,--,--,--,--,0.2374899983406067,0.9134799838066101,0.6481679081916809
4,5804,0.0343240424990654,-0.1200147271156311,0.055067725479602814,0.5200208425521851,0.7399791479110718,--,--,--,--,0.5254999995231628,0.7376999855041504,0.6300108432769775
4,5805,0.35339805483818054,0.0,0.559902548789978,0.9500018954277039,0.9699981212615967,0.4871063530445099,0.5128936171531677,0.4847186505794525,0.5152813792228699,0.9505000114440918,0.969789981842041,0.9599794745445251
4,5806,0.09937034547328949,-0.06107752025127411,0.2250760793685913,0.5500113368034363,0.6699886322021484,0.609635591506958,0.6612101793289185,0.6299384832382202,0.6910639405250549,0.5529999732971191,0.7334200143814087,0.6659949421882629
4,5807,0.15838856995105743,-0.2561664879322052,0.04843528941273689,0.4000302851200104,0.7199696898460388,0.5773863792419434,0.5902800559997559,0.5917172431945801,0.6069985628128052,0.4079900085926056,0.7170600295066833,0.5945433378219604
4,5808,0.30767321586608887,-0.008138826116919518,0.4863125681877136,0.8500075936317444,0.9299924373626709,0.493556946516037,0.5322378873825073,0.4923637807369232,0.5382078886032104,0.8519999980926514,0.9292299747467041,0.8952836990356445
4,5809,0.08913535624742508,-0.11213777214288712,0.1765492856502533,0.510039746761322,0.9299602508544922,0.5193461179733276,0.5193461179733276,0.5229287147521973,0.5229287147521973,0.5204899907112122,0.9258000254631042,0.7277928590774536
4,5810,0.06159375607967377,-0.186355859041214,0.056592777371406555,0.34004923701286316,0.8599507808685303,--,--,--,--,0.3529900014400482,0.8551499843597412,0.6597833633422852
4,5811,0.17467257380485535,-0.41972973942756653,0.12257947027683258,0.1300719529390335,0.8899280428886414,--,--,--,--,0.14899000525474548,0.8820599913597107,0.5146439075469971
4,5812,0.049654632806777954,-0.14555665850639343,0.12802360951900482,0.48002925515174866,0.6799707412719727,--,--,--,--,0.4880099892616272,0.6777799725532532,0.6286459565162659
4,5813,0.06317460536956787,-0.09817218780517578,0.1456751972436905,0.41006144881248474,0.8299981355667114,--,--,--,--,0.42697998881340027,0.8295000195503235,0.7280988693237305
4,5814,0.04068584740161896,-0.04035992547869682,0.08092471212148666,0.6700094938278198,0.949999988079071,--,--,--,--,0.6725000143051147,0.9495300054550171,0.8257474303245544
4,5815,0.08224108070135117,-0.16155412793159485,0.1720399111509323,0.32027602195739746,0.7299325466156006,--,--,--,--,0.33070001006126404,0.7290899753570557,0.5946441292762756
4,5816,0.03899061679840088,-0.12963294982910156,0.09316674619913101,0.28045853972435,0.9595414400100708,--,--,--,--,0.29469001293182373,0.9563500285148621,0.7408776879310608
4,5817,0.1636507213115692,-0.25668302178382874,0.18770736455917358,0.1305520385503769,0.8894479870796204,--,--,--,--,0.1507900059223175,0.8807799816131592,0.5545358061790466
4,5818,0.13302132487297058,-0.23225906491279602,0.15187062323093414,0.2903777062892914,0.8096222877502441,--,--,--,--,0.30399999022483826,0.8036199808120728,0.548423171043396
4,5819,0.025297194719314575,-0.09634397178888321,0.07522948831319809,0.2704046070575714,0.9999564290046692,--,--,--,--,0.2837100028991699,0.9986699819564819,0.7703790068626404
4,5820,0.048394761979579926,-0.11947713047266006,0.09789561480283737,0.48002880811691284,0.7499212026596069,--,--,--,--,0.48096999526023865,0.741890013217926,0.5634312629699707
4,5821,0.04714658856391907,-0.13930970430374146,0.07983459532260895,0.41016560792922974,0.8698343634605408,--,--,--,--,0.4142400026321411,0.8690400123596191,0.6959810853004456
4,5822,0.057998087257146835,-0.17190170288085938,0.17508666217327118,0.34012117981910706,0.7398788332939148,--,--,--,--,0.3441599905490875,0.7278299927711487,0.5461030006408691
4,5823,0.10524813085794449,-0.21785762906074524,0.12309350818395615,0.35011520981788635,0.7798909544944763,--,--,--,--,0.3530299961566925,0.7688199877738953,0.5491255521774292
4,5824,0.05515505000948906,-0.14883828163146973,0.1685742735862732,0.3001696467399597,0.8598303198814392,--,--,--,--,0.30632999539375305,0.8442400097846985,0.6544459462165833
4,5825,0.10339557379484177,-0.09155730903148651,0.21228620409965515,0.25016966462135315,0.9699639678001404,--,--,--,--,0.25738000869750977,0.9693899750709534,0.7521997690200806
4,5826,0.057410042732954025,-0.159012109041214,0.16781385242938995,0.25018176436424255,0.8598415851593018,--,--,--,--,0.25676000118255615,0.8588500022888184,0.6016279458999634
4,5827,0.12396427989006042,-0.27836450934410095,0.1576537936925888,0.1502736210823059,0.979769766330719,--,--,--,--,0.15686999261379242,0.956570029258728,0.5607532858848572
4,5828,0.02782629057765007,-0.07888521999120712,0.05054118484258652,0.5100359916687012,0.8599333763122559,--,--,--,--,0.5113300085067749,0.8529800176620483,0.6422355771064758
4,5829,0.044496215879917145,-0.11993493139743805,0.09836342930793762,0.42018720507621765,0.9398127794265747,--,--,--,--,0.42458999156951904,0.9387999773025513,0.6929817199707031
4,5830,0.24467216432094574,-0.02714524418115616,0.36116838455200195,0.710136353969574,0.8498636484146118,0.47191277146339417,0.5351096987724304,0.4251006841659546,0.5936259031295776,0.712119996547699,0.84934002161026,0.7892555594444275
4,5831,0.025763027369976044,-0.09848575294017792,0.0772428959608078,0.45038965344429016,0.8496103286743164,0.5140449404716492,0.5140449404716492,0.5374531745910645,0.5374531745910645,0.4560700058937073,0.848110020160675,0.6782549023628235
4,5832,0.04958483576774597,-0.06932416558265686,0.15615813434123993,0.560175359249115,0.739824652671814,0.45787015557289124,0.5772421956062317,0.38765376806259155,0.7059791684150696,0.5627700090408325,0.7391600012779236,0.676891028881073
4,5833,0.20793911814689636,-0.2966095805168152,0.10486125200986862,0.3304675817489624,0.8095324039459229,0.4543580412864685,0.5526643991470337,0.3782881200313568,0.640438437461853,0.3372400104999542,0.8077099919319153,0.5905693173408508
4,5834,0.23196519911289215,-0.32917410135269165,0.12852256000041962,0.16070137917995453,0.8792986273765564,0.5175561904907227,0.5175561904907227,0.5468164682388306,0.5468164682388306,0.17089000344276428,0.8765900135040283,0.5623083710670471
4,5835,0.1074758917093277,-0.28715214133262634,0.1315351277589798,0.1906234472990036,0.8293765783309937,--,--,--,--,0.19994999468326569,0.8270800113677979,0.6345447301864624
4,5836,0.07900833338499069,-0.15486270189285278,0.07785846292972565,0.4503701627254486,0.8296298384666443,--,--,--,--,0.4555000066757202,0.8280900120735168,0.5792073607444763
4,5837,0.07797380536794662,-0.11745040118694305,0.10899347811937332,0.330020010471344,0.9394934773445129,--,--,--,--,0.35120001435279846,0.9373900294303894,0.621220588684082
4,5838,0.03326055780053139,-0.11299163848161697,0.05751846730709076,0.37027275562286377,0.8299983143806458,--,--,--,--,0.37466999888420105,0.827239990234375,0.6697301864624023
4,5839,0.02212899923324585,-0.08050677925348282,0.07345768064260483,0.4604870676994324,0.9595129489898682,--,--,--,--,0.4674200117588043,0.9575600028038025,0.6912662982940674
4,5840,0.32354891300201416,-0.5530893206596375,0.09316504746675491,0.3101791441440582,0.7098208665847778,0.5202838778495789,0.6315762996673584,0.5345577001571655,0.724166989326477,0.31099000573158264,0.7072799801826477,0.5467833876609802
4,5841,0.2292022705078125,-0.009394337423145771,0.380915105342865,0.800035834312439,0.8799641728401184,0.5000097751617432,0.5303622484207153,0.5000166893005371,0.5517283082008362,0.8001999855041504,0.8794599771499634,0.8472389578819275
4,5842,0.08369838446378708,-0.23522034287452698,0.12309379875659943,0.5201253890991211,0.7998746037483215,0.398825079202652,0.6011749505996704,0.32762789726257324,0.6723721027374268,0.5206599831581116,0.7979999780654907,0.6554076671600342
4,5843,0.12759163975715637,-0.037672724574804306,0.22501137852668762,0.6200985312461853,0.8399014472961426,0.5152023434638977,0.5657897591590881,0.5259002447128296,0.612086296081543,0.6205400228500366,0.8385099768638611,0.7497063279151917
4,5844,0.13143542408943176,-0.27613282203674316,0.17286430299282074,0.4701254069805145,0.7498745918273926,0.5000130534172058,0.5404829978942871,0.5000222325325012,0.5689710378646851,0.47067001461982727,0.7480499744415283,0.6186323165893555
4,5845,0.18784892559051514,-0.040343038737773895,0.3083988428115845,0.7000579237937927,0.8799420595169067,0.49257758259773254,0.5371921062469482,0.49333885312080383,0.5333775281906128,0.7040500044822693,0.8758400082588196,0.7967901825904846
4,5846,0.0298965685069561,-0.06941118091344833,0.07495144009590149,0.5600772500038147,0.7999227046966553,0.41820669174194336,0.5817933082580566,0.4265957474708557,0.5734042525291443,0.5653300285339355,0.794189989566803,0.6831618547439575
4,5847,0.07461405545473099,-0.1539040356874466,0.1376296877861023,0.38014164566993713,0.8198583126068115,0.5595460534095764,0.5744175910949707,0.5534387826919556,0.5667849779129028,0.39006999135017395,0.8101800084114075,0.6262751817703247
4,5848,0.24779921770095825,-0.4352392554283142,0.1827326864004135,0.12026400119066238,0.939736008644104,0.5074424147605896,0.5074424147605896,0.506679117679596,0.506679117679596,0.13794000446796417,0.9205600023269653,0.5383548140525818
4,5849,0.05075288936495781,-0.09078483283519745,0.11423570662736893,0.4801223576068878,0.8598776459693909,0.5372188091278076,0.5520902872085571,0.5334014892578125,0.5467476844787598,0.48860999941825867,0.85139000415802,0.688173770904541
4,5850,0.2449166625738144,-0.07608479261398315,0.33420443534851074,0.6904343366622925,0.9495656490325928,0.5076251029968262,0.5076251029968262,0.5064697861671448,0.5064697861671448,0.6920700073242188,0.9431899785995483,0.8262310028076172
4,5851,0.21983392536640167,-0.011355588212609291,0.39204689860343933,0.6500667929649353,0.689933180809021,0.44667690992355347,0.7210751175880432,0.4547561705112457,0.6875788569450378,0.6504200100898743,0.8166099786758423,0.7365896105766296
4,5852,0.3712606430053711,-0.012731878086924553,0.56393963098526,0.7001002430915833,0.7598997950553894,0.6296294927597046,0.6448737978935242,0.6099886298179626,0.6229232549667358,0.7006400227546692,0.9235799908638,0.8388133645057678
4,5853,0.07937225699424744,-0.19315984845161438,0.20187780261039734,0.2911693751811981,0.9888306260108948,0.5076251029968262,0.5076251029968262,0.5064697861671448,0.5064697861671448,0.2955699861049652,0.9716299772262573,0.6465499401092529
4,5854,0.13854718208312988,-0.05341166630387306,0.2799040675163269,0.5802004933357239,0.6997995376586914,0.4466710686683655,0.6905805468559265,0.45475122332572937,0.6617047190666199,0.5810400247573853,0.7617400288581848,0.6945521831512451
4,5855,0.20882730185985565,-0.40144115686416626,0.12055958807468414,0.21011871099472046,0.8298813104629517,--,--,--,--,0.23058000206947327,0.8235800266265869,0.5487402677536011
4,5856,0.12427852302789688,-0.04983213543891907,0.2113885134458542,0.6803007125854492,0.9399693608283997,--,--,--,--,0.6815099716186523,0.9380699992179871,0.82174152135849
4,5857,0.10462146997451782,-0.061595551669597626,0.165972501039505,0.5404009222984314,0.9499693512916565,--,--,--,--,0.5420899987220764,0.9477599859237671,0.7810062766075134
4,5858,0.37910112738609314,-0.6571404933929443,0.1652020961046219,0.3400612771511078,0.6599387526512146,--,--,--,--,0.350739985704422,0.656719982624054,0.5207126140594482
4,5859,0.09677569568157196,-0.01149249542504549,0.1427561193704605,0.5799999833106995,0.8899808526039124,--,--,--,--,0.5799999833106995,0.8882899880409241,0.7298853397369385
4,5860,0.31460800766944885,-0.010611889883875847,0.4633120000362396,0.7400104403495789,0.7599895596504211,0.5467060208320618,0.6868178844451904,0.5376661419868469,0.6506595611572266,0.7404000163078308,0.8834800124168396,0.8139979243278503
4,5861,0.4001592993736267,-8.200862066587433e-05,0.5475744605064392,0.900031328201294,0.9599686861038208,0.4922161400318146,0.5233520865440369,0.49372270703315735,0.5188323259353638,0.9005200266838074,0.957889974117279,0.9330348372459412
4,5862,0.43107709288597107,-0.5537943840026855,0.1377861201763153,0.11040688306093216,0.8895931243896484,0.5000001192092896,0.5155681371688843,0.5000001192092896,0.512554943561554,0.11654999852180481,0.8616499900817871,0.4886503219604492
4,5863,0.2513376474380493,-0.3158171772956848,0.1757277250289917,0.20036515593528748,0.899634838104248,0.5000007152557373,0.5778406262397766,0.500000536441803,0.5627747178077698,0.20593999326229095,0.8748700022697449,0.5573621392250061
4,5864,0.3769308626651764,-0.48427459597587585,0.1608235388994217,0.09043817967176437,0.9295617938041687,0.47664815187454224,0.5389201045036316,0.48116788268089294,0.5313871502876282,0.09705600142478943,0.8994600176811218,0.4973280727863312
4,5865,0.2715339958667755,-0.4212085008621216,0.13987602293491364,0.03999999910593033,0.9599999785423279,0.5150092840194702,0.5300122499465942,0.5132224559783936,0.526439368724823,0.041071001440286636,0.9589300155639648,0.5136967897415161
4,5866,0.33091068267822266,-0.0016555365873500705,0.5263024568557739,0.9300000071525574,0.9700000286102295,0.5000020861625671,0.5150051116943359,0.500001847743988,0.5132187604904175,0.9300500154495239,0.9699500203132629,0.9536173343658447
4,5867,0.1636187583208084,-0.04949374124407768,0.3966335356235504,0.49000000953674316,0.5299999713897705,0.7776328325271606,0.7776328325271606,0.7445812821388245,0.7445812821388245,0.49004998803138733,0.7594900131225586,0.6373923420906067
4,5868,0.11518756300210953,-0.3194519579410553,0.17004676163196564,0.46000000834465027,0.6000000238418579,0.49253806471824646,0.7925983667373657,0.4934264123439789,0.7577652335166931,0.4601599872112274,0.6935300230979919,0.5965037941932678
4,5869,0.18378354609012604,-0.055351607501506805,0.2895771563053131,0.6800000071525574,0.9800000190734863,0.4924984872341156,0.507501482963562,0.4933915436267853,0.5066084861755371,0.6803500056266785,0.9796500205993652,0.8311238884925842
4,5870,0.14299997687339783,-0.033778805285692215,0.22222326695919037,0.6600250005722046,0.8399749994277954,0.4575735926628113,0.5565685629844666,0.4575735926628113,0.5565685629844666,0.6615399718284607,0.8355500102043152,0.7529278993606567
4,5871,0.10819637775421143,-0.19357824325561523,0.1492118090391159,0.27009162306785583,0.9299083948135376,0.5282842516899109,0.5424264073371887,0.5282842516899109,0.5424264073371887,0.2755799889564514,0.9138200283050537,0.6099769473075867
4,5872,0.13736076653003693,-0.20678268373012543,0.14907915890216827,0.39004719257354736,0.7299528121948242,0.5848528146743774,0.6131370663642883,0.5848528146743774,0.6131370663642883,0.3930799961090088,0.722350001335144,0.5918764472007751
4,5873,0.15411604940891266,-0.0472290925681591,0.24014730751514435,0.6300472021102905,0.9699528217315674,0.48585787415504456,0.5141421556472778,0.48585787415504456,0.5141421556472778,0.632830023765564,0.9614999890327454,0.7993956208229065
4,5874,0.20798781514167786,-0.036525897681713104,0.3340645134449005,0.6800360679626465,0.9399639368057251,0.5282842516899109,0.5424264073371887,0.5282842516899109,0.5424264073371887,0.6822500228881836,0.9338099956512451,0.8210553526878357
4,5875,0.07570820301771164,-0.20072095096111298,0.19370676577091217,0.1700068861246109,0.9499931335449219,--,--,--,--,0.1888200044631958,0.9333500266075134,0.6352587938308716
4,5876,0.0217603649944067,-0.0974239781498909,0.025975417345762253,0.4001147747039795,0.9199987649917603,--,--,--,--,0.4024899899959564,0.9148600101470947,0.6841638684272766
4,5877,0.144943505525589,-0.020140578970313072,0.2622774541378021,0.8100208640098572,0.8500000238418579,--,--,--,--,0.8103700280189514,0.8500000238418579,0.8400456309318542
4,5878,0.03982384502887726,-0.22170984745025635,0.13491129875183105,0.350281685590744,0.8897182941436768,--,--,--,--,0.3548099994659424,0.8728799819946289,0.6802172660827637
4,5879,0.11110348999500275,-0.22390931844711304,0.15872173011302948,0.28031298518180847,0.8796870112419128,--,--,--,--,0.28518998622894287,0.858709990978241,0.6044011116027832
4,5880,0.11716172844171524,-0.20153671503067017,0.10257202386856079,0.2602398693561554,0.939760148525238,0.5471495389938354,0.5471495389938354,0.5166410207748413,0.5166410207748413,0.2788099944591522,0.9322800040245056,0.6219174861907959
4,5881,0.510912299156189,-0.8550145030021667,0.08716064691543579,0.46005645394325256,0.6199435591697693,0.5191461443901062,0.688311755657196,0.5067574381828308,0.5664629936218262,0.46452999114990234,0.6249499917030334,0.5739480257034302
4,5882,0.22388678789138794,-0.4192545711994171,0.08420217037200928,0.44009876251220703,0.7199012041091919,0.31213364005088806,0.74444580078125,0.4336942136287689,0.5862749814987183,0.44776999950408936,0.7168300151824951,0.5951513648033142
4,5883,0.15686264634132385,-0.02748109959065914,0.22603093087673187,0.6700493693351746,0.809950590133667,0.42487889528274536,0.6128407120704651,0.47348666191101074,0.5398261547088623,0.6738899946212769,0.8084200024604797,0.7487433552742004
4,5884,0.07107378542423248,-0.00696037570014596,0.12673069536685944,0.6400070786476135,0.6599929332733154,0.4910154640674591,0.7541620135307312,0.49682900309562683,0.5897042155265808,0.6406800150871277,0.7551900148391724,0.6886526942253113
4,5885,0.2836863696575165,-0.3717791438102722,0.21559175848960876,0.09145066142082214,0.9485493302345276,0.5000069737434387,0.519774854183197,0.5000010132789612,0.5029451847076416,0.1036200001835823,0.9368900060653687,0.5167286992073059
4,5886,0.16916997730731964,-0.2253446877002716,0.19459934532642365,0.2908771336078644,0.8091228604316711,0.58902508020401,0.6087929606437683,0.5132590532302856,0.5162032246589661,0.29857999086380005,0.8023800253868103,0.5920169353485107
4,5887,0.1024237647652626,-0.15415912866592407,0.1716252714395523,0.29104581475257874,0.9089542031288147,0.529686689376831,0.5692223310470581,0.5044214129447937,0.5103096961975098,0.2999800145626068,0.9006900191307068,0.6176140904426575
4,5888,0.4479900002479553,-2.0365638192743063e-05,0.6444591283798218,0.9900000095367432,0.9900000095367432,0.49011608958244324,0.5098839402198792,0.4985279142856598,0.5014720559120178,0.9879900217056274,0.9916899800300598,0.9899411201477051
4,5889,0.3586428165435791,-0.02789928764104843,0.5190092325210571,0.8002024292945862,0.9197975993156433,0.5296796560287476,0.5494475364685059,0.5044203996658325,0.5073645114898682,0.8020399808883667,0.9182900190353394,0.8775796294212341
4,5890,0.03724564611911774,-0.12420852482318878,0.14003446698188782,0.3909783363342285,0.9690216779708862,--,--,--,--,0.39945000410079956,0.9611600041389465,0.6913821697235107
4,5891,0.052718088030815125,-0.12700863182544708,0.11711548268795013,0.47008466720581055,0.8493590354919434,--,--,--,--,0.4758099913597107,0.8439099788665771,0.6219465136528015
4,5892,0.08952771127223969,-0.02100648172199726,0.14211952686309814,0.7202024459838867,0.9899576902389526,--,--,--,--,0.7225800156593323,0.9884200096130371,0.8620210886001587
4,5893,0.1477525383234024,-0.2510226368904114,0.21364830434322357,0.16121450066566467,0.8787854909896851,--,--,--,--,0.17141999304294586,0.8689900040626526,0.5142717361450195
4,5894,0.07500353455543518,-0.04474896937608719,0.1177583634853363,0.6702361702919006,0.8097638487815857,--,--,--,--,0.6723099946975708,0.8079400062561035,0.7508745193481445
4,5895,0.1998794823884964,-0.009801005013287067,0.3300480544567108,0.7000046372413635,0.7399953603744507,0.5069352984428406,0.5277149081230164,0.5596438050270081,0.7383484244346619,0.7006999850273132,0.8154100179672241,0.7606948018074036
4,5896,0.09385353326797485,-0.16222190856933594,0.08460461348295212,0.3000717759132385,0.919928252696991,0.5069306492805481,0.5092394948005676,0.5596034526824951,0.579459547996521,0.30684998631477356,0.9132300019264221,0.6211543679237366
4,5897,0.09950366616249084,-0.15891966223716736,0.08028357475996017,0.32006946206092834,0.9199305772781372,0.4976923167705536,0.5069277286529541,0.48015400767326355,0.5595782995223999,0.3265500068664551,0.9133800268173218,0.618089497089386
4,5898,0.23141667246818542,-0.33777204155921936,0.11961224675178528,0.15009260177612305,0.9499074220657349,0.5000011920928955,0.5046188831329346,0.500010073184967,0.539722204208374,0.158720001578331,0.9411699771881104,0.5454182028770447
4,5899,0.106502965092659,-0.2458055317401886,0.02824942208826542,0.5700069665908813,0.6299930810928345,0.5046247243881226,0.5230954885482788,0.539772629737854,0.6986211538314819,0.5708699822425842,0.6758700013160706,0.6322563886642456
4,5900,0.050805531442165375,-0.08916532248258591,0.15487806499004364,0.3503514528274536,0.9496485590934753,--,--,--,--,0.35618001222610474,0.9368399977684021,0.7917987704277039
4,5901,0.06937584280967712,-0.11496302485466003,0.15188968181610107,0.19025219976902008,0.9897478222846985,--,--,--,--,0.1995300054550171,0.988569974899292,0.7489336729049683
4,5902,0.0335891954600811,-0.10118606686592102,0.10758621990680695,0.3503163158893585,0.9598802328109741,--,--,--,--,0.35545000433921814,0.9591500163078308,0.7017368078231812
4,5903,0.11112648993730545,-0.1860077977180481,0.151830792427063,0.11027111113071442,0.9697288870811462,--,--,--,--,0.11998999863862991,0.9683499932289124,0.60347580909729
4,5904,0.03491642698645592,-0.11467090994119644,0.09594780206680298,0.4001765251159668,0.959823489189148,--,--,--,--,0.406360000371933,0.958869993686676,0.6662678122520447
4,5905,0.020468324422836304,-0.14094926416873932,0.1452864557504654,0.44042548537254333,0.8395745158195496,0.5295711159706116,0.5650470852851868,0.5403242111206055,0.588700532913208,0.44416001439094543,0.829259991645813,0.6593883633613586
4,5906,0.25092577934265137,-0.32798320055007935,0.18588076531887054,0.180808424949646,0.9391915798187256,0.4881756603717804,0.5236515998840332,0.48387590050697327,0.5322521924972534,0.1876700073480606,0.9192500114440918,0.5430936217308044
4,5907,0.1669936329126358,-0.06812852621078491,0.24494710564613342,0.6203829646110535,0.9796170592308044,0.5059136152267456,0.5059136152267456,0.5080640316009521,0.5080640316009521,0.6236400008201599,0.9701799750328064,0.7940470576286316
4,5908,0.3328038454055786,-0.0073570432141423225,0.47087955474853516,0.84014892578125,0.9798510670661926,0.4881746768951416,0.5118253231048584,0.4838745594024658,0.5161254405975342,0.8414099812507629,0.976170003414154,0.9061269760131836
4,5909,0.24986839294433594,-0.009836507961153984,0.3544214069843292,0.7301489114761353,0.8698510527610779,0.5059146285057068,0.5177399516105652,0.508065402507782,0.5241908431053162,0.731440007686615,0.8662199974060059,0.8037539124488831
4,5910,0.05061725527048111,-0.07116535305976868,0.12935665249824524,0.4502694308757782,0.919955849647522,--,--,--,--,0.4546999931335449,0.9196199774742126,0.7726903557777405
4,5911,0.03242458403110504,-0.051485855132341385,0.08156807720661163,0.610222578048706,0.9897773861885071,--,--,--,--,0.613290011882782,0.9791399836540222,0.7726636528968811
4,5912,0.03914468735456467,-0.05664607137441635,0.06201934069395065,0.6101135015487671,0.9698865413665771,--,--,--,--,0.6140900254249573,0.9692699909210205,0.7808457612991333
4,5913,0.04678529500961304,-0.05160125344991684,0.08003880083560944,0.6700882911682129,0.9499117136001587,--,--,--,--,0.6730599999427795,0.949400007724762,0.7599603533744812
4,5914,0.10732045024633408,-0.23244324326515198,0.14642533659934998,0.1302585005760193,0.9497414827346802,--,--,--,--,0.1393200010061264,0.9483699798583984,0.5353224873542786
4,5915,0.24790668487548828,-0.36542776226997375,0.14746113121509552,0.2403748780488968,0.879625141620636,0.447238951921463,0.5527610182762146,0.47150903940200806,0.5284909605979919,0.24560999870300293,0.8632100224494934,0.559438169002533
4,5916,0.07189073413610458,-0.052206188440322876,0.16318334639072418,0.5701522827148438,0.8298476934432983,0.4120815694332123,0.6407127380371094,0.4525240659713745,0.5759848952293396,0.5723699927330017,0.8233100175857544,0.7107043862342834
4,5917,0.05703718960285187,-0.07259441167116165,0.11644160747528076,0.46029287576675415,0.9597071409225464,0.5176036357879639,0.5351906418800354,0.5095059871673584,0.5190029740333557,0.4644399881362915,0.947130024433136,0.7209991812705994
4,5918,0.3341899514198303,-0.5050027966499329,0.1742214560508728,0.24031630158424377,0.7796837091445923,0.4384842813014984,0.684702455997467,0.46678152680397034,0.5997393131256104,0.24492000043392181,0.766260027885437,0.5355925559997559
4,5919,0.1176336333155632,-0.22874091565608978,0.12200824916362762,0.4002225995063782,0.7797774076461792,0.45607128739356995,0.6671154499053955,0.47627851366996765,0.590242326259613,0.4035100042819977,0.7704600095748901,0.6157506108283997
4,5920,0.14457204937934875,-0.29363933205604553,0.22307103872299194,0.3300509750843048,0.6699490547180176,0.500142514705658,0.7543956637382507,0.5001085996627808,0.6938252449035645,0.3415899872779846,0.6858599781990051,0.5759164094924927
4,5921,0.24483780562877655,-0.465400367975235,0.160752534866333,0.3900509774684906,0.7299489974975586,0.3649280071258545,0.6350719928741455,0.39708802103996277,0.6029120087623596,0.4003799855709076,0.7195299863815308,0.5734001994132996
4,5922,0.30085593461990356,-0.017799874767661095,0.4765937924385071,0.8100119829177856,0.8899880051612854,0.4602729380130768,0.5397270321846008,0.46973177790641785,0.5302682518959045,0.8124499917030334,0.8875300288200378,0.8534021377563477
4,5923,0.2511691153049469,-0.03856085613369942,0.3743477463722229,0.7000269889831543,0.8799729943275452,0.5238629579544067,0.5238629579544067,0.518181324005127,0.518181324005127,0.7056499719619751,0.874809980392456,0.8066222667694092
4,5924,0.45472341775894165,-0.7784290909767151,0.21633243560791016,0.31005996465682983,0.7099400162696838,0.5079542994499207,0.5079542994499207,0.5060604214668274,0.5060604214668274,0.3221299946308136,0.6978899836540222,0.5247091054916382
4,5925,0.06753525882959366,-0.013559456914663315,0.1186550036072731,0.5800150036811829,0.8499552011489868,--,--,--,--,0.5848699808120728,0.8482000231742859,0.7275255918502808
4,5926,0.05156617984175682,-0.03956666588783264,0.12348464876413345,0.5802127718925476,0.9597872495651245,--,--,--,--,0.586080014705658,0.9538499712944031,0.7519845962524414
4,5927,0.0780060812830925,-0.17811059951782227,0.141338050365448,0.2503806948661804,0.929619312286377,--,--,--,--,0.26078000664711,0.9189500212669373,0.553922712802887
4,5928,0.10477160662412643,-0.2128710150718689,0.08870940655469894,0.13042548298835754,0.9199910163879395,--,--,--,--,0.14476999640464783,0.9107900261878967,0.6848878860473633
4,5929,0.0832088366150856,-0.043507203459739685,0.15088215470314026,0.740032970905304,0.9599670171737671,--,--,--,--,0.7465500235557556,0.9529600143432617,0.849777340888977
4,5930,0.030930999666452408,-0.09353286772966385,0.13486354053020477,0.42029112577438354,0.9397088885307312,0.49339595437049866,0.5132110714912415,0.48113131523132324,0.5377458333969116,0.4282500147819519,0.9317899942398071,0.66646409034729
4,5931,0.1137811467051506,-0.03819878026843071,0.1839105188846588,0.5901791453361511,0.9098208546638489,0.5066069960594177,0.5066069960594177,0.5188771486282349,0.5188771486282349,0.5951399803161621,0.9049999713897705,0.7455859780311584
4,5932,0.02388349547982216,-0.062399834394454956,0.12732788920402527,0.5002015233039856,0.8597984313964844,0.49339595437049866,0.5132110714912415,0.48113131523132324,0.5377458333969116,0.5057299733161926,0.8543199896812439,0.6713161468505859
4,5933,0.11503639072179794,-0.0399535670876503,0.18440888822078705,0.5901903510093689,0.9298096299171448,0.5033035278320312,0.5033035278320312,0.5094385743141174,0.5094385743141174,0.5953999757766724,0.9246500134468079,0.7523346543312073
4,5934,0.685872495174408,-1.343023419380188,0.10378988087177277,0.47007837891578674,0.6099216341972351,0.4537697732448578,0.579265296459198,0.3679136037826538,0.7264722585678101,0.47249001264572144,0.6078799962997437,0.5463716983795166
4,5935,0.05792759358882904,-0.138845756649971,0.1581195592880249,0.3605464696884155,0.6794534921646118,0.6214490532875061,0.7600773572921753,0.5697686076164246,0.6494061350822449,0.3614799976348877,0.7389699816703796,0.6488903164863586
4,5936,0.08425614982843399,-0.04501985386013985,0.12223470956087112,0.6201366186141968,0.6998633742332458,0.4393840432167053,0.6473265290260315,0.46517807245254517,0.5846343636512756,0.6203699707984924,0.7301300168037415,0.6889200806617737
4,5937,0.07830459624528885,-0.11964559555053711,0.13263390958309174,0.49047815799713135,0.7695218324661255,0.5780462622642517,0.5953748226165771,0.544835090637207,0.5547897815704346,0.49129000306129456,0.7687100172042847,0.6866089701652527
4,5938,0.28048428893089294,-0.38058793544769287,0.1920997053384781,0.13140036165714264,0.948599636554718,0.4740139842033386,0.5433281064033508,0.4850718677043915,0.5248906016349792,0.1337900012731552,0.9462100267410278,0.5335190296173096
4,5939,0.08132708817720413,-0.12924370169639587,0.11747992038726807,0.4807514250278473,0.9192485809326172,0.5346910357475281,0.5520195364952087,0.5199288725852966,0.5298835635185242,0.4820300042629242,0.9179700016975403,0.7237303853034973
4,5940,0.11002502590417862,-0.18942797183990479,0.11921387910842896,0.4300140142440796,0.7099859714508057,--,--,--,--,0.43250998854637146,0.707610011100769,0.5751520395278931
4,5941,0.06802961230278015,-0.1582522988319397,0.05491871014237404,0.5100092887878418,0.7399899959564209,--,--,--,--,0.511210024356842,0.7380399703979492,0.5963952541351318
4,5942,0.11111707240343094,-0.23061786592006683,0.138713076710701,0.280067503452301,0.8599324822425842,--,--,--,--,0.2865299880504608,0.8420000076293945,0.5597880482673645
4,5943,0.10867821425199509,-0.18246294558048248,0.12331042438745499,0.28006982803344727,0.8799301981925964,--,--,--,--,0.2872900068759918,0.8657699823379517,0.6111677289009094
4,5944,0.032875437289476395,-0.05196540802717209,0.10904153436422348,0.4600120186805725,0.8499836921691895,--,--,--,--,0.4627000093460083,0.8453199863433838,0.6776407361030579
4,5945,0.08415186405181885,-0.18269507586956024,0.1796254813671112,0.1800251007080078,0.9799748659133911,--,--,--,--,0.19562000036239624,0.9635199904441833,0.5526378750801086
4,5946,0.13314859569072723,-0.3021920919418335,0.1605413407087326,0.13011999428272247,0.9499786496162415,--,--,--,--,0.14121000468730927,0.9358999729156494,0.5733318328857422
4,5947,0.03870159387588501,-0.14756624400615692,0.16494108736515045,0.2200213372707367,0.9599473476409912,--,--,--,--,0.2345999926328659,0.9452499747276306,0.673310399055481
4,5948,0.047865644097328186,-0.14062784612178802,0.16849207878112793,0.22002258896827698,0.9799824357032776,--,--,--,--,0.23589999973773956,0.9745399951934814,0.7552430033683777
4,5949,0.048665937036275864,-0.04042872413992882,0.10313238203525543,0.37000879645347595,0.9699882864952087,--,--,--,--,0.37755000591278076,0.966189980506897,0.7275148034095764
4,5950,0.03461344540119171,-0.12579113245010376,0.12590213119983673,0.42001694440841675,0.9599830508232117,0.4847186505794525,0.5152813792228699,0.4871063530445099,0.5128936171531677,0.4306600093841553,0.9489200115203857,0.6853203177452087
4,5951,0.09237642586231232,-0.21545548737049103,0.1337050348520279,0.41001445055007935,0.8699855804443359,0.42359545826911926,0.5916903614997864,0.43553367257118225,0.5773637294769287,0.41912999749183655,0.8605700135231018,0.6402021646499634
4,5952,0.08908385038375854,-0.17024792730808258,0.15074686706066132,0.3300188183784485,0.9299811720848083,0.47708243131637573,0.5534892082214355,0.4806632995605469,0.545131504535675,0.34191998839378357,0.9177200198173523,0.6333943605422974
4,5953,0.11494074761867523,-0.23361174762248993,0.1477961391210556,0.3600163161754608,0.87998366355896,0.44651973247528076,0.5840519070625305,0.45487600564956665,0.5709187984466553,0.3703500032424927,0.8693600296974182,0.6240288019180298
4,5954,0.16337236762046814,-0.034077130258083344,0.2552131414413452,0.710003137588501,0.8099968433380127,0.41595253348350525,0.5840474367141724,0.4290849566459656,0.5709150433540344,0.7119799852371216,0.8079500198364258,0.7589873671531677
4,5955,0.23485800623893738,-0.028180090710520744,0.3680427372455597,0.7400060296058655,0.8599939942359924,0.5130595564842224,0.5913441181182861,0.5151659846305847,0.6060770750045776,0.7411699891090393,0.8591200113296509,0.823076069355011
4,5956,0.2535769045352936,-0.4240621328353882,0.1472926288843155,0.09004505723714828,0.989954948425293,0.4934763014316559,0.5065237283706665,0.4924240708351135,0.5075759291648865,0.09766899794340134,0.9824600219726562,0.5381902456283569
4,5957,0.22179014980793,-0.3775058090686798,0.14101967215538025,0.12004406005144119,0.999955952167511,0.5,0.5,0.5,0.5,0.1274999976158142,0.9926300048828125,0.5582638382911682
4,5958,0.19048187136650085,-0.017751941457390785,0.31959137320518494,0.6700040102005005,0.7499960064888,0.5978800058364868,0.610927402973175,0.6136670708656311,0.628818929195404,0.670960009098053,0.8126400113105774,0.7568420171737671
4,5959,0.1531355232000351,-0.058647461235523224,0.26538994908332825,0.6600140333175659,0.939985990524292,0.5130519866943359,0.5260993838310242,0.515157163143158,0.5303089618682861,0.6624400019645691,0.9376999735832214,0.8082324266433716
4,5960,0.2279171198606491,-0.03401009365916252,0.3940958082675934,0.760036051273346,0.9799639582633972,0.5195960998535156,0.5195960998535156,0.5039991736412048,0.5039991736412048,0.7654200196266174,0.9750499725341797,0.874448299407959
4,5961,0.09329485893249512,-0.1914098858833313,0.07304751127958298,0.40007203817367554,0.8399279713630676,0.5000097751617432,0.6175667643547058,0.5000019669532776,0.523993194103241,0.4110200107097626,0.8301500082015991,0.6326630115509033
4,5962,0.13705232739448547,-0.29342156648635864,0.08811843395233154,0.23012444376945496,0.9898755550384521,0.4902035892009735,0.5097964406013489,0.49800074100494385,0.5019992589950562,0.24821999669075012,0.9724299907684326,0.6089556813240051
4,5963,0.11095798760652542,-0.00457737036049366,0.2253534346818924,0.7000032663345337,0.7199967503547668,0.31386974453926086,0.7057263255119324,0.46201422810554504,0.5419849753379822,0.6763700246810913,0.7400400042533875,0.7091994285583496
4,5964,0.2555871903896332,-0.017214229330420494,0.4259064793586731,0.8100229501724243,0.9499770998954773,0.48040878772735596,0.5391873121261597,0.4960017800331116,0.5079973936080933,0.8134499788284302,0.9467899799346924,0.8817195296287537
4,5965,0.05751720815896988,-0.08084630966186523,0.12789295613765717,0.44001492857933044,0.8499672412872314,--,--,--,--,0.4447999894618988,0.8421499729156494,0.6451053619384766
4,5966,0.045829400420188904,-0.06535190343856812,0.14448954164981842,0.5700163841247559,0.8199933767318726,--,--,--,--,0.5749800205230713,0.817870020866394,0.6966925263404846
4,5967,0.08859070390462875,-0.19040372967720032,0.08884372562170029,0.2600916922092438,0.8499900698661804,--,--,--,--,0.2779200077056885,0.8466799855232239,0.6622201800346375
4,5968,0.04377324506640434,-0.03943228721618652,0.09640226513147354,0.6900065541267395,0.8199966549873352,--,--,--,--,0.6923800110816956,0.8189200162887573,0.7530688047409058
4,5969,0.05376695469021797,-0.037502314895391464,0.09410382807254791,0.6000182628631592,0.8699705004692078,--,--,--,--,0.6050400137901306,0.8644400238990784,0.7465099692344666
4,5970,0.4221012592315674,-1.0083481073379517,0.06665532290935516,0.510004997253418,0.5699950456619263,0.2402580827474594,0.8396927118301392,0.49088624119758606,0.5119190216064453,0.510200023651123,0.6285899877548218,0.5556490421295166
4,5971,0.09216784685850143,-0.06845896691083908,0.22018659114837646,0.5000364780426025,0.9399635195732117,0.509993851184845,0.509993851184845,0.5003506541252136,0.5003506541252136,0.5092999935150146,0.9313200116157532,0.7236030101776123
4,5972,0.15995945036411285,-0.025204705074429512,0.25807034969329834,0.640008270740509,0.7399917244911194,0.4600573182106018,0.6598688960075378,0.49859851598739624,0.5056094527244568,0.6422899961471558,0.7419000267982483,0.7095144391059875
4,5973,0.605704665184021,-1.2156378030776978,0.09010165184736252,0.4700099527835846,0.5899900197982788,0.3201827108860016,0.7597681283950806,0.4936906099319458,0.509114682674408,0.47269999980926514,0.5956699848175049,0.5448176860809326
4,5974,0.2403687834739685,-0.033771950751543045,0.4228287935256958,0.7400199174880981,0.9799801111221313,0.509993851184845,0.509993851184845,0.5003506541252136,0.5003506541252136,0.7450799942016602,0.9752900004386902,0.8633480668067932
4,5975,0.38642677664756775,-0.5374943614006042,0.12321779876947403,0.2707516551017761,0.7492483258247375,0.5,0.5,0.4904930293560028,0.6695069670677185,0.27480998635292053,0.7453100085258484,0.543691098690033
4,5976,0.16754145920276642,-0.25906190276145935,0.13506489992141724,0.43053242564201355,0.7694675922393799,0.5,0.5,0.46032869815826416,0.579671323299408,0.4333600103855133,0.7666299939155579,0.6115282773971558
4,5977,0.3711339235305786,-0.0026141880080103874,0.5281082987785339,0.8700626492500305,0.9099373817443848,0.5,0.5,0.45032867789268494,0.5696713328361511,0.8704100251197815,0.9096099734306335,0.8939986824989319
4,5978,0.06858517229557037,-0.14457261562347412,0.1588626354932785,0.3308769166469574,0.8891230821609497,0.5,0.5,0.5799999833106995,0.5799999833106995,0.33559998869895935,0.8845099806785583,0.6446817517280579
4,5979,0.33630791306495667,-0.00920099951326847,0.4812314808368683,0.8201252818107605,0.899874746799469,0.5,0.5,0.4503834545612335,0.5896165370941162,0.8208100199699402,0.8992300033569336,0.8679307103157043
4,5980,0.03291000425815582,-0.05716421455144882,0.06521692126989365,0.6204947233200073,0.9995052814483643,--,--,--,--,0.6232600212097168,0.9967799782752991,0.8045405149459839
4,5981,0.03439543768763542,-0.08000565320253372,0.026976529508829117,0.440109521150589,0.919921875,--,--,--,--,0.44729000329971313,0.9185500144958496,0.6855919361114502
4,5982,0.02872287482023239,-0.09298846125602722,0.06787455826997757,0.450416624546051,0.9097653031349182,--,--,--,--,0.4531799852848053,0.9003499746322632,0.6905933618545532
4,5983,0.03321114927530289,-0.0241291131824255,0.06142297014594078,0.6200625896453857,0.7899218797683716,--,--,--,--,0.6230000257492065,0.7892500162124634,0.7061967253684998
4,5984,0.052892982959747314,-0.1246161013841629,0.07063980400562286,0.3504537343978882,0.97942715883255,--,--,--,--,0.36563000082969666,0.9759500026702881,0.6953142881393433
4,5985,0.1066850870847702,-0.24751000106334686,0.06263924390077591,0.5000277757644653,0.6799715161323547,--,--,--,--,0.503570020198822,0.6781499981880188,0.5868154764175415
4,5986,0.07090724259614944,-0.048841264098882675,0.13189192116260529,0.5601575374603271,0.9799051284790039,--,--,--,--,0.5740799903869629,0.9752200245857239,0.8006508350372314
4,5987,0.037141233682632446,-0.10719352215528488,0.1629728525876999,0.3003058433532715,0.9596941471099854,--,--,--,--,0.32603999972343445,0.9430800080299377,0.7184272408485413
4,5988,0.02212698757648468,-0.08151660859584808,0.06649307906627655,0.4401708245277405,0.899879515171051,--,--,--,--,0.46178001165390015,0.8916199803352356,0.6999719142913818
4,5989,0.06110217794775963,-0.05494045466184616,0.12458845227956772,0.6101575493812561,0.9798481464385986,--,--,--,--,0.6229299902915955,0.973609983921051,0.7992774844169617
4,5990,0.051079560071229935,-0.1433630734682083,0.09874045103788376,0.40045371651649475,0.9795462489128113,0.5098233819007874,0.5098233819007874,0.5018711090087891,0.5018711090087891,0.414000004529953,0.9658600091934204,0.697834849357605
4,5991,0.1688116192817688,-0.048453427851200104,0.2943209111690521,0.630219042301178,0.9097809791564941,0.5099257230758667,0.5883081555366516,0.5018905997276306,0.5168206095695496,0.6370400190353394,0.9034500122070312,0.7858137488365173
4,5992,0.25595906376838684,-0.4220152497291565,0.11027482151985168,0.14062583446502686,0.9393741488456726,0.5000511407852173,0.5392423868179321,0.5000097155570984,0.5074747204780579,0.15934999287128448,0.9205300211906433,0.5525028705596924
4,5993,0.20152392983436584,-0.3438749611377716,0.10016706585884094,0.2305319607257843,0.9094680547714233,0.4902789294719696,0.5686613917350769,0.4981483817100525,0.5130783319473267,0.24653999507427216,0.8935199975967407,0.5841240286827087
4,5994,0.19019119441509247,-0.30914291739463806,0.08567757159471512,0.3803129196166992,0.7796871066093445,0.5001790523529053,0.6373483538627625,0.5000340938568115,0.5261616110801697,0.3900600075721741,0.7706300020217896,0.6022526025772095
4,5995,0.10444828122854233,-0.22384041547775269,0.20504841208457947,0.18031512200832367,0.869857668876648,--,--,--,--,0.20693999528884888,0.8628900051116943,0.6134987473487854
4,5996,0.1266908049583435,-0.21212121844291687,0.1848117709159851,0.19036145508289337,0.9696385264396667,--,--,--,--,0.21862000226974487,0.9482399821281433,0.5808725953102112
4,5997,0.05805322155356407,-0.14445267617702484,0.0474158376455307,0.5400185585021973,0.6899905204772949,--,--,--,--,0.5428199768066406,0.6889100074768066,0.6166826486587524
4,5998,0.033325642347335815,-0.07693430036306381,0.13679157197475433,0.31022244691848755,0.8999525308609009,--,--,--,--,0.33072999119758606,0.8961499929428101,0.6904978156089783
4,5999,0.04039759561419487,-0.20272253453731537,0.13753196597099304,0.19037960469722748,0.9896203875541687,--,--,--,--,0.23603999614715576,0.9759899973869324,0.6934536695480347
4,6000,0.16995246708393097,-0.32633596658706665,0.13356757164001465,0.14066937565803528,0.9393306374549866,--,--,--,--,0.14212000370025635,0.9378600120544434,0.5447337627410889
4,6001,0.06383268535137177,-0.16520477831363678,0.09319029003381729,0.33055222034454346,0.9894477725028992,--,--,--,--,0.33162999153137207,0.9881399869918823,0.5947723984718323
4,6002,0.07315193116664886,-0.16101804375648499,0.13192524015903473,0.13071957230567932,0.9899880290031433,--,--,--,--,0.1325100064277649,0.9879999756813049,0.7312839031219482
4,6003,0.08721231669187546,-0.18457657098770142,0.0915098786354065,0.4500836730003357,0.8997840881347656,--,--,--,--,0.45041000843048096,0.8898699879646301,0.5903164744377136
4,6004,0.04759850353002548,-0.14385586977005005,0.0799468457698822,0.3804350793361664,0.8995649218559265,--,--,--,--,0.38137000799179077,0.898639976978302,0.648044228553772
4,6005,0.18491226434707642,-0.06811250746250153,0.27810895442962646,0.6401679515838623,0.9198320508003235,0.430308073759079,0.5696918964385986,0.4948376417160034,0.5051623582839966,0.6580899953842163,0.9133300185203552,0.7797975540161133
4,6006,0.2912576198577881,-0.06926830112934113,0.44677868485450745,0.6001439690589905,0.8398560285568237,0.6097328066825867,0.6495568156242371,0.5081283450126648,0.5110782980918884,0.6179199814796448,0.8483700156211853,0.7909374833106995
4,6007,0.091560959815979,-0.15018807351589203,0.13471399247646332,0.38028788566589355,0.8597121238708496,0.3805448114871979,0.6394005417823792,0.49115148186683655,0.5103259682655334,0.41119998693466187,0.8486199975013733,0.6251304149627686
4,6008,0.37217387557029724,-0.5058637261390686,0.1634247899055481,0.31026390194892883,0.7497361302375793,0.5000333786010742,0.5398573279380798,0.5000024437904358,0.5029523968696594,0.33873000741004944,0.7396600246429443,0.5405740737915039
4,6009,0.29243025183677673,-0.04563013091683388,0.42628490924835205,0.7701319456100464,0.9898680448532104,0.5,0.5,0.5,0.5,0.7841699719429016,0.9847699999809265,0.879809558391571
4,6010,0.1777745485305786,-0.30529454350471497,0.14228065311908722,0.26011210680007935,0.919887900352478,0.49696990847587585,0.5151582360267639,0.4904768168926239,0.5476402044296265,0.2659600079059601,0.9079099893569946,0.5785369277000427
4,6011,0.07924741506576538,-0.1740630716085434,0.12356085330247879,0.3301087021827698,0.9698913097381592,0.5030320286750793,0.5030320286750793,0.5095292329788208,0.5095292329788208,0.3357599973678589,0.9582700133323669,0.636711597442627
4,6012,0.26095685362815857,-0.4296099543571472,0.1357540786266327,0.11014946550130844,0.9898505210876465,0.4969685971736908,0.5030313730239868,0.4904727637767792,0.5095272064208984,0.11789999902248383,0.9738600254058838,0.5271392464637756
4,6013,0.12039133906364441,-0.22411012649536133,0.12939634919166565,0.3101052939891815,0.9298946857452393,0.49393850564956665,0.5181896090507507,0.4809495806694031,0.5571674108505249,0.3156000077724457,0.9186400175094604,0.6092959642410278
4,6014,0.09079725295305252,-0.18631261587142944,0.12292291969060898,0.3600951135158539,0.919904887676239,0.4909064769744873,0.5151575803756714,0.4714203476905823,0.5476381778717041,0.36504000425338745,0.9097300171852112,0.6276934146881104
4,6015,0.20242848992347717,-0.3046521842479706,0.1379479020833969,0.35004469752311707,0.7699553370475769,0.4736801087856293,0.5338428020477295,0.36255165934562683,0.6767345666885376,0.36197999119758606,0.757860004901886,0.5796481370925903
4,6016,0.0819176658987999,-0.1219835877418518,0.18214882910251617,0.4300595819950104,0.9899404048919678,0.49811992049217224,0.5018801093101501,0.4901817739009857,0.5098181962966919,0.4456999897956848,0.9736700057983398,0.7240803837776184
4,6017,0.06388114392757416,-0.14973974227905273,0.12521150708198547,0.3500553369522095,0.86994469165802,0.5075241923332214,0.5150445103645325,0.5392928719520569,0.5785657167434692,0.3649600148200989,0.8553500175476074,0.6436224579811096
4,6018,0.13029026985168457,-0.008745310828089714,0.3002021014690399,0.47000637650489807,0.5299935936927795,0.5827518105506897,0.5827518105506897,0.932148277759552,0.932148277759552,0.474480003118515,0.8430399894714355,0.6509959101676941
4,6019,0.17750415205955505,-0.2972993850708008,0.1575646549463272,0.1100936233997345,0.989906370639801,0.49811992049217224,0.5018801093101501,0.4901817739009857,0.5098181962966919,0.134660005569458,0.9643399715423584,0.5720403790473938
4,6020,0.06171396002173424,-0.1988099068403244,0.09759259223937988,0.23020438849925995,0.9599999785423279,--,--,--,--,0.2358900010585785,0.9478999972343445,0.7212346196174622
4,6021,0.050070423632860184,-0.09352905303239822,0.08828878402709961,0.5201362371444702,0.9998637437820435,--,--,--,--,0.5237600207328796,0.98853999376297,0.752092182636261
4,6022,0.0387851819396019,-0.20154638588428497,0.2530140280723572,0.12999999523162842,0.9700000286102295,--,--,--,--,0.18347999453544617,0.9255099892616272,0.6860097646713257
4,6023,0.04425685107707977,-0.15721990168094635,0.09472569823265076,0.3201703131198883,0.9198296666145325,--,--,--,--,0.3248800039291382,0.9062600135803223,0.7120181918144226
4,6024,0.07501501590013504,-0.24335603415966034,0.09132995456457138,0.2701873481273651,0.9298126697540283,--,--,--,--,0.27518999576568604,0.9142900109291077,0.5967249870300293
4,6025,nan,-0.0,-0.0,0.1202668622136116,0.9197331666946411,--,--,--,--,--,--,nan
4,6026,nan,-0.0,-0.0,0.46035468578338623,0.9996452927589417,--,--,--,--,--,--,nan
4,6027,nan,-0.0,-0.0,0.2002134919166565,0.8397865295410156,--,--,--,--,--,--,nan
4,6028,nan,-0.0,-0.0,0.24034155905246735,0.7596584558486938,--,--,--,--,--,--,nan
4,6029,nan,-0.0,-0.0,0.07030688971281052,0.9896931052207947,--,--,--,--,--,--,nan
4,6030,nan,-0.0,-0.0,0.34035468101501465,0.9799866676330566,--,--,--,--,--,--,nan
4,6031,nan,-0.0,-0.0,0.42032840847969055,0.9196715950965881,--,--,--,--,--,--,nan
4,6032,nan,-0.0,-0.0,0.4403284192085266,0.9396715760231018,--,--,--,--,--,--,nan
4,6033,nan,-0.0,-0.0,0.5400657057762146,0.8699666261672974,--,--,--,--,--,--,nan
4,6034,nan,-0.0,-0.0,0.45015764236450195,0.9199532866477966,--,--,--,--,--,--,nan
4,6035,0.11478770524263382,-0.08929768204689026,0.1960812658071518,0.5001419186592102,0.9998580813407898,0.5,0.5,0.5,0.5,0.5039299726486206,0.9881399869918823,0.7524736523628235
4,6036,0.09887100756168365,-0.10369347035884857,0.18406884372234344,0.5200624465942383,0.7399375438690186,0.5390474796295166,0.5520632863044739,0.6757136583328247,0.7342848777770996,0.521809995174408,0.7471799850463867,0.6807906031608582
4,6037,0.06344468891620636,-0.10665546357631683,0.10821206867694855,0.5300567746162415,0.7299432158470154,0.506507933139801,0.5585712194442749,0.5292856097221375,0.7635704874992371,0.5316399931907654,0.7254599928855896,0.6674720644950867
4,6038,0.4163287580013275,-0.6644370555877686,0.05839616432785988,0.34009650349617004,0.679903507232666,0.4956613779067993,0.5607405304908752,0.4804762601852417,0.7733323574066162,0.34272998571395874,0.6721100211143494,0.5437580943107605
4,6039,0.16020244359970093,-0.30268949270248413,0.08316744863986969,0.22020438313484192,0.9397956132888794,0.48698416352272034,0.5130158066749573,0.4414287805557251,0.5585712194442749,0.2256699949502945,0.9229199886322021,0.5841591358184814
4,6040,0.1502290964126587,-0.0583636499941349,0.24683773517608643,0.7101474404335022,0.9399999976158142,--,--,--,--,0.717930018901825,0.9399999976158142,0.8814114332199097
4,6041,0.054007191210985184,-0.09359993785619736,0.09920128434896469,0.36022788286209106,0.8999999761581421,--,--,--,--,0.3734700083732605,0.8999999761581421,0.7172167897224426
4,6042,0.0937119871377945,-0.16268043220043182,0.0966762900352478,0.3602105379104614,0.8197989463806152,--,--,--,--,0.381850004196167,0.8038399815559387,0.6040593981742859
4,6043,0.02721511945128441,-0.07995811104774475,0.08813425153493881,0.3602144718170166,0.9598245620727539,--,--,--,--,0.3722899854183197,0.9493600130081177,0.664734423160553
4,6044,0.12387243658304214,-0.2269093543291092,0.09342368692159653,0.4401072561740875,0.6899415254592896,--,--,--,--,0.4459800124168396,0.6863200068473816,0.5802527070045471
4,6045,0.08721800893545151,-0.06612998247146606,0.18818417191505432,0.5100004076957703,0.929999589920044,0.5000414848327637,0.559878408908844,0.5000021457672119,0.5030971765518188,0.5159100294113159,0.9128900170326233,0.729829728603363
4,6046,0.43761035799980164,-0.7282883524894714,0.13903045654296875,0.3300003409385681,0.6699996590614319,0.4203833043575287,0.8192963004112244,0.4958818852901459,0.51651531457901,0.3353399932384491,0.6571400165557861,0.5392152667045593
4,6047,0.18384234607219696,-0.04227497801184654,0.3179857134819031,0.650000274181366,0.9099997282028198,0.520014762878418,0.5798517465591431,0.5010352730751038,0.5041302442550659,0.6538100242614746,0.8998299837112427,0.7963334918022156
4,6048,0.2184510976076126,-0.45432236790657043,0.0764356479048729,0.4700002372264862,0.6899997591972351,0.32054445147514343,0.7593487501144409,0.4907178282737732,0.5134145617485046,0.47334998846054077,0.6809599995613098,0.5931329727172852
4,6049,0.37021684646606445,-0.6481202244758606,0.13424493372440338,0.15000072121620178,0.8499992489814758,0.49002718925476074,0.5099728107452393,0.4994841516017914,0.5005158185958862,0.1595900058746338,0.8208600282669067,0.500071108341217
4,6050,0.12773175537586212,-0.18639402091503143,0.14384295046329498,0.3901742696762085,0.6498257517814636,0.5162272453308105,0.5179332494735718,0.689317524433136,0.7092211246490479,0.39952999353408813,0.6920300126075745,0.6044887900352478
4,6051,0.517292857170105,-0.7961437106132507,0.18338543176651,0.3602144718170166,0.6797854900360107,0.4957399368286133,0.5128001570701599,0.4502992033958435,0.6493354439735413,0.37066999077796936,0.6651899814605713,0.5444464683532715
4,6052,0.04950404539704323,-0.18304820358753204,0.1420973241329193,0.3503485321998596,0.8696514368057251,0.5051250457763672,0.5068311095237732,0.5597924590110779,0.5796960592269897,0.3673200011253357,0.8459200263023376,0.6483562588691711
4,6053,0.11235429346561432,-0.09915215522050858,0.16509698331356049,0.5801876783370972,0.859812319278717,0.49573594331741333,0.5059720873832703,0.45025259256362915,0.5696743130683899,0.589169979095459,0.8467400074005127,0.7285682559013367
4,6054,0.08536730706691742,-0.14289109408855438,0.12680833041667938,0.4503619372844696,0.9896380305290222,0.5008540153503418,0.5008540153503418,0.5099634528160095,0.5099634528160095,0.46766000986099243,0.9644100069999695,0.7351884245872498
4,6055,0.04353759437799454,-0.11339885741472244,0.11499594897031784,0.38040146231651306,0.9595985412597656,--,--,--,--,0.38756999373435974,0.94336998462677,0.7494603395462036
4,6056,0.02852877788245678,-0.09774564951658249,0.09921447932720184,0.38000041246414185,0.7799996137619019,--,--,--,--,0.386709988117218,0.766040027141571,0.6542912125587463
4,6057,0.042245496064424515,-0.05071128159761429,0.0942249596118927,0.6901522874832153,0.9098477363586426,--,--,--,--,0.6928600072860718,0.9035500288009644,0.8280366659164429
4,6058,0.026445629075169563,-0.05298798158764839,0.06489327549934387,0.5401937961578369,0.9899997711181641,--,--,--,--,0.5445899963378906,0.9765999913215637,0.7783598899841309
4,6059,0.07258951663970947,-0.1731141358613968,0.09314995259046555,0.300332248210907,0.8999999165534973,--,--,--,--,0.30733001232147217,0.8932999968528748,0.6851726770401001
4,6060,0.02562260627746582,-0.05061518773436546,0.049035388976335526,0.5299999713897705,0.8999966382980347,--,--,--,--,0.5299999713897705,0.8979300260543823,0.7205055356025696
4,6061,0.057157017290592194,-0.10995951294898987,0.11429490149021149,0.38001805543899536,0.7799999713897705,--,--,--,--,0.39052000641822815,0.7799999713897705,0.683735728263855
4,6062,0.09013055264949799,-0.14074449241161346,0.13064058125019073,0.4400169253349304,0.739983081817627,--,--,--,--,0.4485200047492981,0.7321500182151794,0.5902243852615356
4,6063,0.04042056202888489,-0.0761619582772255,0.09168871492147446,0.6100214123725891,0.989978551864624,--,--,--,--,0.6206799745559692,0.9800500273704529,0.7942687273025513
4,6064,0.058673471212387085,-0.16929899156093597,0.17228741943836212,0.3700180649757385,0.6899819374084473,--,--,--,--,0.37959998846054077,0.6818600296974182,0.589970052242279
4,6065,0.03696218878030777,-0.15633928775787354,0.18314608931541443,0.14030878245830536,0.9799567461013794,--,--,--,--,0.15365000069141388,0.975849986076355,0.7356608510017395
4,6066,0.03533873334527016,-0.12015825510025024,0.10276991873979568,0.4702058434486389,0.9497941732406616,--,--,--,--,0.4777199923992157,0.9411799907684326,0.6653842926025391
4,6067,0.025914499536156654,-0.10241353511810303,0.09937150776386261,0.530475914478302,0.969524085521698,--,--,--,--,0.5355200171470642,0.9504200220108032,0.6852197051048279
4,6068,0.03641250357031822,-0.08125003427267075,0.10040368884801865,0.47005146741867065,0.7499350905418396,--,--,--,--,0.472680002450943,0.7450699806213379,0.6267915964126587
4,6069,0.08368626981973648,-0.16353768110275269,0.10376422852277756,0.22062735259532928,0.909837007522583,--,--,--,--,0.22964000701904297,0.9020199775695801,0.6125680208206177
4,6070,0.0327921025454998,-0.09732258319854736,0.0851159319281578,0.4800157845020294,0.9700000286102295,--,--,--,--,0.4887700080871582,0.9700000286102295,0.6861001253128052
4,6071,0.02713329903781414,-0.17122313380241394,0.17374533414840698,0.1700451374053955,0.9699548482894897,--,--,--,--,0.19373999536037445,0.9495400190353394,0.6900564432144165
4,6072,0.16170664131641388,-0.2724764943122864,0.1465165615081787,0.05999999865889549,0.9799762964248657,--,--,--,--,0.05999999865889549,0.9684200286865234,0.6089329123497009
4,6073,0.028947044163942337,-0.08707825839519501,0.08771821111440659,0.5500214695930481,0.9299785494804382,--,--,--,--,0.5598599910736084,0.9198700189590454,0.6683842539787292
4,6074,0.040798619389534,-0.18860764801502228,0.19127491116523743,0.11004739999771118,0.9499526023864746,--,--,--,--,0.13481000065803528,0.9285100102424622,0.6500393152236938
4,6075,0.022971123456954956,-0.09395651519298553,0.08546558767557144,0.5401372313499451,0.859862744808197,--,--,--,--,0.5451499819755554,0.8540999889373779,0.6701510548591614
4,6076,0.02596224471926689,-0.09769194573163986,0.12111315131187439,0.3401886820793152,0.9497187733650208,--,--,--,--,0.3483000099658966,0.9358599781990051,0.6926554441452026
4,6077,0.04547373205423355,-0.17793427407741547,0.2072823941707611,0.2302573174238205,0.8399134874343872,--,--,--,--,0.24098999798297882,0.8330000042915344,0.6686062812805176
4,6078,0.07971470057964325,-0.17809545993804932,0.13511422276496887,0.3102916181087494,0.9897083640098572,--,--,--,--,0.3209800124168396,0.9775099754333496,0.5904521346092224
4,6079,0.03457072377204895,-0.11171723157167435,0.11106108129024506,0.40019726753234863,0.9694808125495911,--,--,--,--,0.4081200063228607,0.9489799737930298,0.6807298064231873
4,6080,0.14563415944576263,-0.1210470125079155,0.24979664385318756,0.5203263759613037,0.7996736168861389,0.5722032189369202,0.5882434248924255,0.5537326335906982,0.5656695365905762,0.5206000208854675,0.7993999719619751,0.7139797806739807
4,6081,0.34983935952186584,-0.013246795162558556,0.5820828676223755,0.6700932383537292,0.7499067783355713,0.6845158338546753,0.7005560994148254,0.6373141407966614,0.6492510437965393,0.6701700091362,0.9468100070953369,0.8364376425743103
4,6082,0.03580858185887337,-0.1285078525543213,0.13610707223415375,0.4404895603656769,0.8595104217529297,0.4438658356666565,0.6042681336402893,0.4582257568836212,0.5775948762893677,0.4408999979496002,0.8590999841690063,0.6685807704925537
4,6083,0.12678399682044983,-0.046188853681087494,0.31498223543167114,0.6200466156005859,0.6599533557891846,0.4518992602825165,0.6925027370452881,0.4642041027545929,0.6432578563690186,0.6200900077819824,0.7608100175857544,0.6884821653366089
4,6084,0.049897514283657074,-0.15556329488754272,0.1669948846101761,0.3006061315536499,0.8193938732147217,0.5802299976348877,0.6283506751060486,0.5597060322761536,0.5955168008804321,0.30110999941825867,0.8188899755477905,0.6310870051383972
4,6085,0.024527359753847122,-0.08682823181152344,0.11243051290512085,0.40007737278938293,0.9599226117134094,0.4929454028606415,0.5070545673370361,0.4929454028606415,0.5070545673370361,0.4066300094127655,0.9554600119590759,0.672148585319519
4,6086,0.12200792133808136,-0.032478250563144684,0.3249847888946533,0.6300082802772522,0.6899917125701904,0.45078274607658386,0.6906386017799377,0.45078274607658386,0.6906386017799377,0.6307700276374817,0.7310299873352051,0.6820549964904785
4,6087,0.252788245677948,-0.3990245461463928,0.15250438451766968,0.28007736802101135,0.8399226069450378,0.40829041600227356,0.5917096138000488,0.40829041600227356,0.5917096138000488,0.2866300046443939,0.8354499936103821,0.551984965801239
4,6088,0.10299993306398392,-0.17381687462329865,0.11337679624557495,0.4300525188446045,0.8099474906921387,0.4788527190685272,0.5352894067764282,0.4788527190685272,0.5352894067764282,0.4345000088214874,0.8069300055503845,0.6169396638870239
4,6089,0.10377950221300125,-0.20091873407363892,0.1569070965051651,0.3200635612010956,0.7799364328384399,0.641421377658844,0.641421377658844,0.641421377658844,0.641421377658844,0.3255600035190582,0.7765499949455261,0.5898146629333496
4,6090,0.07631503790616989,-0.15178537368774414,0.12592418491840363,0.4000304043292999,0.9893938899040222,--,--,--,--,0.40288999676704407,0.9888899922370911,0.6020998358726501
4,6091,0.08584073930978775,-0.17169277369976044,0.16279427707195282,0.36055949330329895,0.8394405245780945,--,--,--,--,0.3610199987888336,0.8389800190925598,0.5764009952545166
4,6092,0.07061514258384705,-0.28176799416542053,0.19497114419937134,0.09100242704153061,0.9489975571632385,--,--,--,--,0.09183599799871445,0.9481599926948547,0.6464287042617798
4,6093,nan,-0.0,-0.0,0.300096720457077,0.9999032616615295,--,--,--,--,--,--,nan
4,6094,0.06368574500083923,-0.26308274269104004,0.1890389621257782,0.1408858746290207,0.8991141319274902,--,--,--,--,0.1416199952363968,0.8983799815177917,0.646952748298645
4,6095,0.04325081780552864,-0.24378637969493866,0.18600617349147797,0.1509091854095459,0.9290907979011536,--,--,--,--,0.1516599953174591,0.9283400177955627,0.6840794682502747
4,6096,0.07133134454488754,-0.0689709261059761,0.14639775454998016,0.4703030586242676,0.9899751543998718,--,--,--,--,0.4705600142478943,0.9877399802207947,0.773155927658081
4,6097,0.13504286110401154,-0.2531191110610962,0.16406182944774628,0.10011330246925354,0.9693705439567566,--,--,--,--,0.10998000204563141,0.9688500165939331,0.5876537561416626
4,6098,0.039026450365781784,-0.24934767186641693,0.1825007200241089,0.1309558004140854,0.9490441679954529,--,--,--,--,0.13175000250339508,0.9482499957084656,0.7076642513275146
4,6099,0.06571954488754272,-0.1500915288925171,0.06596139073371887,0.46001380681991577,0.9297668933868408,--,--,--,--,0.4615600109100342,0.9295700192451477,0.6445149183273315
4,6100,0.07027114927768707,-0.05227208510041237,0.14346416294574738,0.4900868833065033,0.8899130821228027,0.5014619827270508,0.5024358630180359,0.5299702882766724,0.5499346852302551,0.4958699941635132,0.8844500184059143,0.710594892501831
4,6101,0.2368539422750473,-0.007840032689273357,0.37169161438941956,0.7100304365158081,0.8499695658683777,0.5014628171920776,0.5053583383560181,0.5299881100654602,0.6098455786705017,0.7122099995613098,0.8482599854469299,0.8013923764228821
4,6102,0.21981318295001984,-0.01731719821691513,0.352817565202713,0.6800521612167358,0.9199478626251221,0.502436101436615,0.502436101436615,0.5499406456947327,0.5499406456947327,0.6835899949073792,0.9167699813842773,0.8187257051467896
4,6103,0.2088378220796585,-0.39368385076522827,0.12986533343791962,0.15016944706439972,0.9298305511474609,0.5000008940696716,0.5029224753379822,0.5000178217887878,0.5599108934402466,0.16132000088691711,0.9190099835395813,0.5683963894844055
4,6104,0.04216841608285904,-0.09745477139949799,0.09292471408843994,0.4201042652130127,0.8998957276344299,0.501948893070221,0.501948893070221,0.5399525165557861,0.5399525165557861,0.42702001333236694,0.8933200240135193,0.6826235055923462
4,6105,0.023473912850022316,-0.11217658966779709,0.0957588255405426,0.5701136589050293,0.9298863410949707,--,--,--,--,0.5794500112533569,0.919700026512146,0.6678294539451599
4,6106,0.04206110164523125,-0.04118584096431732,0.0886143296957016,0.6600000262260437,0.7899747490882874,--,--,--,--,0.6600000262260437,0.7874799966812134,0.6968450546264648
4,6107,0.029171552509069443,-0.06394483149051666,0.08663356304168701,0.4800000488758087,0.9199999570846558,--,--,--,--,0.4994800090789795,0.9145500063896179,0.694823682308197
4,6108,0.067798912525177,-0.1621001958847046,0.13196343183517456,0.37000003457069397,0.9299999475479126,--,--,--,--,0.3833700120449066,0.9229199886322021,0.6330710649490356
4,6109,0.11441481113433838,-0.21744228899478912,0.0912671759724617,0.43000003695487976,0.7299999594688416,--,--,--,--,0.4427100121974945,0.7261199951171875,0.5590771436691284
4,6110,0.12138183414936066,-0.28538453578948975,0.14817480742931366,0.27013903856277466,0.9098609685897827,--,--,--,--,0.2788099944591522,0.9000899791717529,0.5626972317695618
4,6111,0.06625954806804657,-0.11841048300266266,0.15173238515853882,0.46005353331565857,0.7399609088897705,--,--,--,--,0.4679099917411804,0.7366099953651428,0.605770468711853
4,6112,0.061239857226610184,-0.17200054228305817,0.10025757551193237,0.31012600660324097,0.8898739814758301,--,--,--,--,0.3189699947834015,0.8824700117111206,0.6702607274055481
4,6113,0.034485768526792526,-0.08336593210697174,0.08930127322673798,0.43010860681533813,0.9298914074897766,--,--,--,--,0.43709999322891235,0.9223999977111816,0.675213098526001
4,6114,0.12350722402334213,-0.05993570387363434,0.27101418375968933,0.6400951743125916,0.9599048495292664,--,--,--,--,0.6523799896240234,0.9506499767303467,0.8617391586303711
4,6115,0.10155299305915833,-0.22637085616588593,0.11846841871738434,0.27000004053115845,0.9598484635353088,--,--,--,--,0.2980799973011017,0.9461100101470947,0.6186345815658569
4,6116,0.24825020134449005,-0.44325289130210876,0.21664245426654816,0.36010101437568665,0.6798989772796631,--,--,--,--,0.3688200116157532,0.6712499856948853,0.5200393795967102
4,6117,0.07108449190855026,-0.16879642009735107,0.09265661984682083,0.2600000500679016,0.9399999380111694,--,--,--,--,0.2921200096607208,0.9320799708366394,0.646940290927887
4,6118,0.07202822715044022,-0.1777087301015854,0.1919410526752472,0.25023362040519714,0.9897663593292236,--,--,--,--,0.27132999897003174,0.9710299968719482,0.7871730923652649
4,6119,0.09055852890014648,-0.15871205925941467,0.17891231179237366,0.33019575476646423,0.9498042464256287,--,--,--,--,0.3479599952697754,0.9380000233650208,0.795179545879364
4,6120,0.08184672147035599,-0.030830316245555878,0.1549689918756485,0.670001208782196,0.8499496579170227,--,--,--,--,0.6705399751663208,0.8470199704170227,0.7503238916397095
4,6121,0.08494634181261063,-0.09326260536909103,0.16805028915405273,0.4400314390659332,0.979909360408783,--,--,--,--,0.44819000363349915,0.9746099710464478,0.807567834854126
4,6122,0.037210892885923386,-0.14196936786174774,0.1452268362045288,0.30021145939826965,0.8699975609779358,--,--,--,--,0.3099600076675415,0.868939995765686,0.6608542799949646
4,6123,0.09906430542469025,-0.041181161999702454,0.1795654445886612,0.6500805616378784,0.8299975991249084,--,--,--,--,0.6535999774932861,0.8293099999427795,0.7661871910095215
4,6124,0.04782183840870857,-0.174543559551239,0.15320703387260437,0.2400399148464203,0.8999601006507874,--,--,--,--,0.2504099905490875,0.890779972076416,0.7198640704154968
4,6125,0.07735070586204529,-0.04574901983141899,0.14005911350250244,0.6400097012519836,0.7999902963638306,--,--,--,--,0.6424499750137329,0.7976999878883362,0.7313838005065918
4,6126,0.11567524075508118,-0.18714885413646698,0.15202362835407257,0.32002782821655273,0.8197684288024902,--,--,--,--,0.3270600140094757,0.8093600273132324,0.5762456655502319
4,6127,0.027581917122006416,-0.05599184334278107,0.08242165297269821,0.4701409637928009,0.9299830794334412,--,--,--,--,0.47644999623298645,0.9256700277328491,0.6885783672332764
4,6128,0.10448559373617172,-0.0667925775051117,0.1974496841430664,0.5800229907035828,0.9898892641067505,--,--,--,--,0.5859500169754028,0.984279990196228,0.8334084749221802
4,6129,0.11459734290838242,-0.2239660769701004,0.1643616259098053,0.13005200028419495,0.9899479746818542,--,--,--,--,0.14291000366210938,0.9774699807167053,0.5491823554039001
4,6130,0.27732545137405396,-0.44935038685798645,0.21035519242286682,0.3002215325832367,0.739778459072113,0.5309582948684692,0.5309582948684692,0.5253295302391052,0.5253295302391052,0.30928000807762146,0.7306100130081177,0.5520912408828735
4,6131,0.21619941294193268,-0.06940310448408127,0.31774410605430603,0.6101913452148438,0.9898086786270142,0.5,0.5,0.5,0.5,0.617929995059967,0.9817600250244141,0.8184268474578857
4,6132,0.09298639744520187,-0.2277698963880539,0.20235303044319153,0.16039270162582397,0.9396073222160339,0.5309592485427856,0.5464364886283875,0.5253303050994873,0.5379934906959534,0.17640000581741333,0.9232699871063232,0.6012988686561584
4,6133,0.07011298090219498,-0.14881840348243713,0.1739540994167328,0.32026180624961853,0.8397381901741028,0.5154809951782227,0.5464355945587158,0.5126662850379944,0.5379927158355713,0.330949991941452,0.8288800120353699,0.6160342693328857
4,6134,0.14672492444515228,-0.07862935960292816,0.2542281150817871,0.530130922794342,0.7898690700531006,0.5773957371711731,0.5773957371711731,0.5633237957954407,0.5633237957954407,0.5356699824333191,0.7847499847412109,0.6994950175285339
4,6135,1.0011268854141235,-1.7110038995742798,0.09234961867332458,0.42001429200172424,0.5999857187271118,0.3132496774196625,0.811250627040863,0.40395697951316833,0.6600717306137085,0.4248799979686737,0.5983700156211853,0.5184947848320007
4,6136,2.7482261657714844,-4.318898677825928,0.37095537781715393,0.49000316858291626,0.5299968123435974,0.5177857875823975,0.5711430311203003,0.5091469883918762,0.5365878343582153,0.49129000306129456,0.5313100218772888,0.5187814831733704
4,6137,0.07995404303073883,-0.167293980717659,0.0399201326072216,0.5800095200538635,0.699990451335907,0.4555356502532959,0.5800358653068542,0.4771326184272766,0.541161298751831,0.5829899907112122,0.6988999843597412,0.641281008720398
4,6138,0.029704945161938667,-0.10721850395202637,0.06750012189149857,0.5000286102294922,0.8599714040756226,0.4733213782310486,0.5444643497467041,0.48627957701683044,0.5228673815727234,0.5085200071334839,0.8566399812698364,0.6752970218658447
4,6139,0.3656565845012665,0.0,0.559203565120697,0.9300031661987305,0.9699968099594116,0.4822142422199249,0.5177857279777527,0.49085304141044617,0.5091469287872314,0.9309499859809875,0.9696199893951416,0.9491571187973022
4,6140,0.039447132498025894,-0.0692581906914711,0.08149590343236923,0.5103904008865356,0.8499841690063477,--,--,--,--,0.5113700032234192,0.8488399982452393,0.7093139290809631
4,6141,0.035274308174848557,-0.07516275346279144,0.05774387717247009,0.5202755928039551,0.9499755501747131,--,--,--,--,0.5211099982261658,0.9402199983596802,0.7094327807426453
4,6142,0.2286451905965805,-0.652262270450592,0.07608724385499954,0.520068883895874,0.5799310803413391,--,--,--,--,0.5202000141143799,0.579770028591156,0.5399024486541748
4,6143,0.03379487618803978,-0.06855408847332001,0.09077101200819016,0.5102985501289368,0.7697014808654785,--,--,--,--,0.5110599994659424,0.7691299915313721,0.6694734692573547
4,6144,0.06159099563956261,-0.1286391168832779,0.056759312748909,0.4501837193965912,0.7399870157241821,--,--,--,--,0.45076999068260193,0.7343900203704834,0.5896122455596924
4,6145,0.2876270115375519,-0.04368652403354645,0.4145880341529846,0.7600060701370239,0.899993896484375,0.5000014901161194,0.5138000845909119,0.5000061988830566,0.5583848357200623,0.7678599953651428,0.8923400044441223,0.8484777808189392
4,6146,0.23136988282203674,-0.08195360004901886,0.34098735451698303,0.6700121760368347,0.9499878287315369,0.5023012161254883,0.5115002989768982,0.5097360014915466,0.548655092716217,0.6852700114250183,0.9342700242996216,0.8288849592208862
4,6147,0.34817445278167725,-0.6248986721038818,0.19079560041427612,0.4500095844268799,0.6699904203414917,0.4862038791179657,0.5367986559867859,0.4416317641735077,0.6556866765022278,0.4624300003051758,0.6579700112342834,0.5907023549079895
4,6148,0.27663639187812805,-0.004387535620480776,0.3892125189304352,0.5600043535232544,0.6599956154823303,0.5575078129768372,0.5713064074516296,0.7433024048805237,0.8016809821128845,0.5692800283432007,0.9034199714660645,0.7792628407478333
4,6149,0.5677313804626465,-0.9512084126472473,0.21736882627010345,0.41001132130622864,0.6699886918067932,0.4770033359527588,0.5321976542472839,0.40270644426345825,0.6362209320068359,0.42412999272346497,0.6552199721336365,0.5526989102363586
4,6150,0.056834399700164795,-0.12369631230831146,0.08787163347005844,0.47043630480766296,0.8495636582374573,0.5000050067901611,0.5693475008010864,0.5000028610229492,0.539874792098999,0.47141000628471375,0.8486599922180176,0.6586582064628601
4,6151,0.0962398424744606,-0.05935317277908325,0.13915489614009857,0.5804133415222168,0.9395866394042969,0.5173393487930298,0.5346750020980835,0.5099701285362244,0.5199381113052368,0.5813300013542175,0.938730001449585,0.7569800615310669
4,6152,0.05966596677899361,-0.12659227848052979,0.08114319294691086,0.44055113196372986,0.9194488525390625,0.4479943513870239,0.5693437457084656,0.47009676694869995,0.5398726463317871,0.4417499899864197,0.9182900190353394,0.6643955707550049
4,6153,0.31050342321395874,-0.012348063290119171,0.4563576877117157,0.8900918364524841,0.9699081182479858,0.4826643764972687,0.5173356533050537,0.49003201723098755,0.5099679827690125,0.8902900218963623,0.9697099924087524,0.9265987277030945
4,6154,0.1405927538871765,-0.25696462392807007,0.09081558883190155,0.4005281627178192,0.85947185754776,0.4913334250450134,0.5260046720504761,0.4950167238712311,0.5149527192115784,0.40167999267578125,0.8583599925041199,0.6166104674339294
4,6155,0.05600739270448685,-0.16174951195716858,0.1752633899450302,0.39002612233161926,0.9899738430976868,--,--,--,--,0.42346999049186707,0.956570029258728,0.7518399953842163
4,6156,0.05899795889854431,-0.04244854301214218,0.13404448330402374,0.6100277304649353,0.869972288608551,--,--,--,--,0.6146399974822998,0.8685799837112427,0.7674360275268555
4,6157,0.08060315251350403,-0.21396663784980774,0.23372970521450043,0.26002439856529236,0.8199756145477295,--,--,--,--,0.2915099859237671,0.8177599906921387,0.6019430160522461
4,6158,0.07633132487535477,-0.14444710314273834,0.04267491027712822,0.4200192093849182,0.9199895262718201,--,--,--,--,0.423880010843277,0.9016600251197815,0.6227205395698547
4,6159,0.03936019912362099,-0.08435766398906708,0.11688245832920074,0.40006187558174133,0.9799381494522095,--,--,--,--,0.410290002822876,0.9768199920654297,0.7448874711990356
4,6160,0.2252575010061264,-0.06446297466754913,0.3274646997451782,0.6704886555671692,0.9095113277435303,0.5270678400993347,0.5451028943061829,0.5129454731941223,0.5215709805488586,0.6747699975967407,0.9056599736213684,0.8107165098190308
4,6161,0.19071698188781738,-0.24957500398159027,0.18044577538967133,0.19158810377120972,0.9684118628501892,0.5000038146972656,0.5180388689041138,0.5000017881393433,0.5086272954940796,0.20500999689102173,0.9553899765014648,0.5874861478805542
4,6162,0.2926792800426483,-0.024403957650065422,0.4280374348163605,0.7501628994941711,0.8298371434211731,0.5180540680885315,0.5721593499183655,0.5086345672607422,0.5345109701156616,0.7517499923706055,0.8413400053977966,0.8156349062919617
4,6163,0.1955108642578125,-0.2542552947998047,0.18288125097751617,0.2114659547805786,0.9285340309143066,0.518046498298645,0.5360815525054932,0.5086309313774109,0.5172563791275024,0.22393999993801117,0.9165999889373779,0.587197482585907
4,6164,0.02068966068327427,-0.1210361048579216,0.11636317521333694,0.47085514664649963,0.8891448378562927,0.5180426836013794,0.5180426836013794,0.5086290836334229,0.5086290836334229,0.4781399965286255,0.8822000026702881,0.6911373138427734
4,6165,0.24028541147708893,-0.017990052700042725,0.3779623210430145,0.7700034379959106,0.8499965667724609,0.4435405433177948,0.5564594864845276,0.41748231649398804,0.582517683506012,0.7722200155258179,0.8477799892425537,0.8128411173820496
4,6166,0.1475364714860916,-0.06162366643548012,0.2136409729719162,0.5800145268440247,0.9199854731559753,0.4943567216396332,0.5395243167877197,0.49175214767456055,0.557766318321228,0.589389979839325,0.9109699726104736,0.7674112319946289
4,6167,0.2761518955230713,-0.4209899604320526,0.20556640625,0.27002134919166565,0.7699786424636841,0.4661305844783783,0.6129251718521118,0.4504985213279724,0.6650444865226746,0.28400999307632446,0.7569000124931335,0.5545966029167175
4,6168,0.07001056522130966,-0.08393906056880951,0.12261221557855606,0.46001964807510376,0.9199803471565247,0.5112954378128052,0.5338792204856873,0.5165087580680847,0.5495158433914185,0.472680002450943,0.907800018787384,0.7129985094070435
4,6169,0.22740323841571808,-0.04442151263356209,0.3315497636795044,0.7100119590759277,0.9899880290031433,0.4943540394306183,0.5056459307670593,0.49174824357032776,0.5082517862319946,0.7175599932670593,0.9823799729347229,0.8562451601028442
4,6170,0.18998733162879944,-0.29979029297828674,0.11654382944107056,0.28004583716392517,0.8599541783332825,0.504079282283783,0.5081579685211182,0.5195804238319397,0.5391584038734436,0.2860200107097626,0.8540099859237671,0.5702216029167175
4,6171,0.18187202513217926,-0.03942255675792694,0.29808637499809265,0.670017421245575,0.8899825811386108,0.4959219694137573,0.5203943848609924,0.4804254174232483,0.5978929996490479,0.6723600029945374,0.8877800107002258,0.7892584800720215
4,6172,1.6487082242965698,-3.2268075942993164,0.0,0.4900015890598297,0.5099984407424927,0.4306618273258209,0.577496349811554,0.167176753282547,0.8719824552536011,0.4374600052833557,0.5646100044250488,0.5017001628875732
4,6173,0.15106147527694702,-0.24811610579490662,0.12041418254375458,0.1900632381439209,0.9899367690086365,0.5020395517349243,0.5020395517349243,0.5097898244857788,0.5097898244857788,0.19822999835014343,0.9816799759864807,0.5795958042144775
4,6174,0.07124774158000946,-0.042498476803302765,0.10458998382091522,0.6300063133239746,0.7099936604499817,0.5020403861999512,0.5224341154098511,0.5097939968109131,0.6076836585998535,0.6309700012207031,0.7096700072288513,0.6887685060501099
4,6175,0.03986040875315666,-0.09801652282476425,0.09786905348300934,0.43010932207107544,0.949890673160553,--,--,--,--,0.4374600052833557,0.9421700239181519,0.6722916960716248
4,6176,0.11226248741149902,-0.22067174315452576,0.1862371265888214,0.15171027183532715,0.9882897138595581,--,--,--,--,0.16613000631332397,0.9741700291633606,0.5706258416175842
4,6177,0.08346530050039291,-0.025161784142255783,0.1302914321422577,0.6600407361984253,0.8999621868133545,--,--,--,--,0.661080002784729,0.8967999815940857,0.7500409483909607
4,6178,0.22429786622524261,-0.4070775508880615,0.1714991182088852,0.14015556871891022,0.8798444271087646,--,--,--,--,0.15086999535560608,0.8690900206565857,0.5090671181678772
4,6179,0.07350533455610275,-0.21445167064666748,0.21697905659675598,0.051913876086473465,0.9880861043930054,--,--,--,--,0.0690390020608902,0.9732999801635742,0.6412578225135803
4,6180,0.09983254224061966,-0.24300453066825867,0.17231206595897675,0.31007394194602966,0.829926073551178,--,--,--,--,0.32354000210762024,0.8152999877929688,0.5887411832809448
4,6181,0.03674454241991043,-0.10860517621040344,0.15779714286327362,0.3100852966308594,0.9198569655418396,--,--,--,--,0.3270399868488312,0.91566002368927,0.7086237072944641
4,6182,0.14020709693431854,-0.33747410774230957,0.21168936789035797,0.12011374533176422,0.9198862314224243,--,--,--,--,0.14138999581336975,0.8978000283241272,0.5745195150375366
4,6183,0.19238804280757904,-0.3219064772129059,0.1340317279100418,0.21049270033836365,0.8295072913169861,--,--,--,--,0.2196899950504303,0.8168299794197083,0.5257177948951721
4,6184,0.15159067511558533,-0.3132728934288025,0.1937108337879181,0.1201222762465477,0.9798777103424072,--,--,--,--,0.14201000332832336,0.9547500014305115,0.5513086318969727
4,6185,0.1320149004459381,-0.25724729895591736,0.13227756321430206,0.3104132413864136,0.8295867443084717,--,--,--,--,0.3178600072860718,0.8188700079917908,0.5475485920906067
4,6186,0.08139725029468536,-0.19889868795871735,0.11817002296447754,0.40041324496269226,0.9195867776870728,--,--,--,--,0.407370001077652,0.9086400270462036,0.5763493180274963
4,6187,nan,-0.0,-0.0,0.22009669244289398,0.8999032974243164,--,--,--,--,--,--,nan
4,6188,0.08813796937465668,-0.16404825448989868,0.1398392915725708,0.46041324734687805,0.9795867800712585,--,--,--,--,0.46889999508857727,0.9693800210952759,0.8308696746826172
4,6189,0.05609290674328804,0.0,0.08306679129600525,0.6200056672096252,0.8399999737739563,--,--,--,--,0.6226199865341187,0.8399999737739563,0.7287365198135376
4,6190,0.044805482029914856,-0.12266919761896133,0.055892232805490494,0.6299999952316284,0.6299999952316284,0.4800812304019928,0.7198694348335266,0.49955734610557556,0.5048859715461731,0.6299999952316284,0.6978200078010559,0.6564763188362122
4,6191,0.27437302470207214,-0.020475422963500023,0.4382372796535492,0.8100042343139648,0.9699957370758057,0.509997546672821,0.509997546672821,0.5002221465110779,0.5002221465110779,0.812030017375946,0.968559980392456,0.890242338180542
4,6192,0.3183467388153076,-0.01826041378080845,0.5010877847671509,0.8600000143051147,0.8600000143051147,0.5499876737594604,0.5499876737594604,0.501110851764679,0.501110851764679,0.8600000143051147,0.8931499719619751,0.8743635416030884
4,6193,0.27050191164016724,-0.4160161018371582,0.10833652317523956,0.3000132441520691,0.799986720085144,0.5100293159484863,0.6099410653114319,0.5002228617668152,0.5024431347846985,0.30643999576568604,0.7955300211906433,0.5580788254737854
4,6194,0.037565696984529495,-0.07955793291330338,0.06243447586894035,0.5100074410438538,0.7899925708770752,0.5200077891349792,0.5599724650382996,0.5004445910453796,0.501332700252533,0.5136299729347229,0.7875099778175354,0.6565127968788147
4,6195,0.20221254229545593,-0.31683945655822754,0.18646745383739471,0.22009669244289398,0.8999032974243164,0.4973897337913513,0.5236596465110779,0.4904290437698364,0.5867520570755005,0.23750999569892883,0.8807100057601929,0.5773268938064575
4,6196,0.31252628564834595,-0.01134110614657402,0.4466347098350525,0.8200085163116455,0.8799914717674255,0.4816194176673889,0.5289052724838257,0.43260452151298523,0.6059859991073608,0.8216500282287598,0.8784000277519226,0.8567320108413696
4,6197,0.20349091291427612,-0.04932006075978279,0.3114044964313507,0.6600397825241089,0.9399601817131042,0.5026353597640991,0.5078893303871155,0.5096629858016968,0.5289275646209717,0.6672199964523315,0.9320799708366394,0.8079492449760437
4,6198,0.2801941931247711,-0.496284544467926,0.13796699047088623,0.44003981351852417,0.7199602127075195,0.492127388715744,0.518397331237793,0.4711337387561798,0.5674567818641663,0.4472399950027466,0.7120800018310547,0.5883645415306091
4,6199,0.1929532289505005,-0.29959040880203247,0.18505483865737915,0.180110901594162,0.9598891139030457,0.5,0.5,0.5,0.5,0.19984999299049377,0.9376000165939331,0.5772589445114136
4,6200,0.05218549072742462,-0.11739654093980789,0.10385522991418839,0.36000028252601624,0.9699566960334778,--,--,--,--,0.3756900131702423,0.961679995059967,0.6646130681037903
4,6201,0.027342718094587326,-0.1338101029396057,0.11431191861629486,0.4600396752357483,0.8999603390693665,--,--,--,--,0.46893998980522156,0.8942099809646606,0.7615446448326111
4,6202,0.10510038584470749,-0.2734949290752411,0.12320783734321594,0.290000319480896,0.8299996852874756,--,--,--,--,0.3049600124359131,0.8211399912834167,0.5738090872764587
4,6203,0.02615990862250328,-0.08773872256278992,0.05393362417817116,0.5300126075744629,0.7999998331069946,--,--,--,--,0.533050000667572,0.7953000068664551,0.6435846090316772
4,6204,0.18138837814331055,-0.31279441714286804,0.14663730561733246,0.010088355280458927,0.9899116158485413,--,--,--,--,0.028898000717163086,0.9748799800872803,0.5161773562431335
4,6205,0.15127791464328766,-0.25476306676864624,0.10651839524507523,0.27035775780677795,0.8896422386169434,0.43405619263648987,0.5848129987716675,0.47683054208755493,0.5297991633415222,0.28415998816490173,0.8754500150680542,0.5991408824920654
4,6206,0.2872946262359619,-0.38053715229034424,0.12170761078596115,0.18039238452911377,0.8596076369285583,0.4246338903903961,0.5942353010177612,0.4735200107097626,0.533109724521637,0.1955299973487854,0.8440300226211548,0.5406454801559448
4,6207,0.1468597948551178,-0.004180221818387508,0.29543569684028625,0.7000115513801575,0.7199884653091431,0.3116031587123871,0.7638736367225647,0.43380650877952576,0.5927123427391052,0.7006099820137024,0.7822800278663635,0.7265369892120361
4,6208,0.20242880284786224,-0.3419114649295807,0.1256372183561325,0.10049625486135483,0.9595037698745728,0.5188814997673035,0.537726104259491,0.5066340565681458,0.5132551193237305,0.1196800023317337,0.9398900270462036,0.5620328187942505
4,6209,0.15633046627044678,-0.29045552015304565,0.11677511036396027,0.15048471093177795,0.9895153045654297,0.49057769775390625,0.5094223022460938,0.49668946862220764,0.5033105611801147,0.16912999749183655,0.9702399969100952,0.5904102921485901
4,6210,0.08022424578666687,-0.2685791850090027,0.11330010741949081,0.18042701482772827,0.9195730090141296,--,--,--,--,0.19742999970912933,0.9032400250434875,0.6324040293693542
4,6211,0.034721504896879196,-0.11762340366840363,0.13710860908031464,0.25040411949157715,0.9399423003196716,--,--,--,--,0.265500009059906,0.9356399774551392,0.725046694278717
4,6212,0.04392065480351448,-0.057245414704084396,0.09318038076162338,0.4102216064929962,0.9499538540840149,--,--,--,--,0.41912999749183655,0.9462199807167053,0.7464374303817749
4,6213,0.058980487287044525,-0.061612967401742935,0.1094866618514061,0.49028852581977844,0.9897114634513855,--,--,--,--,0.5018699765205383,0.9787799715995789,0.8063368797302246
4,6214,0.06576500087976456,-0.1652410924434662,0.09712693840265274,0.36020857095718384,0.9596884250640869,--,--,--,--,0.36816999316215515,0.9461600184440613,0.6079292893409729
4,6215,0.05209607630968094,-0.12541553378105164,0.07975544780492783,0.46014338731765747,0.7698961496353149,--,--,--,--,0.4655199944972992,0.7650600075721741,0.6258167624473572
4,6216,0.067362479865551,-0.06628567725419998,0.10705000162124634,0.6402215957641602,0.9797784090042114,--,--,--,--,0.6477199792861938,0.9758800268173218,0.7993068695068359
4,6217,0.059975773096084595,-0.04779497906565666,0.10544675588607788,0.6001042723655701,0.7799769043922424,--,--,--,--,0.6039800047874451,0.7785699963569641,0.7200528383255005
4,6218,0.07864516973495483,-0.037808772176504135,0.14769570529460907,0.6101731061935425,0.9699217677116394,--,--,--,--,0.6174399852752686,0.9681299924850464,0.8348687887191772
4,6219,0.11750533431768417,-0.33551645278930664,0.12141110748052597,0.21035777032375336,0.8296422362327576,--,--,--,--,0.224590003490448,0.8159400224685669,0.587159276008606
4,6220,0.18911050260066986,-0.07236535102128983,0.25699177384376526,0.6301104426383972,0.9698895215988159,0.5000007748603821,0.5033650994300842,0.5000047087669373,0.5197100043296814,0.6351100206375122,0.9648299813270569,0.7988313436508179
4,6221,0.33075428009033203,-0.4140898585319519,0.1297226995229721,0.030305391177535057,0.9696946144104004,0.50168377161026,0.5050480961799622,0.5098620653152466,0.5295674204826355,0.04411499947309494,0.9556999802589417,0.49331164360046387
4,6222,0.28012746572494507,-0.34813132882118225,0.13830266892910004,0.11026640236377716,0.9297335743904114,0.5067326426506042,0.5100969672203064,0.5394341349601746,0.5591394901275635,0.12234999984502792,0.9175599813461304,0.5291719436645508
4,6223,0.0758531466126442,-0.16380436718463898,0.1117141917347908,0.3900909721851349,0.6699090600013733,0.5302949547767639,0.5370236039161682,0.6774419546127319,0.716852605342865,0.394430011510849,0.7062000036239624,0.6174219250679016
4,6224,0.2874937057495117,-0.3778839409351349,0.15109629929065704,0.21022091805934906,0.8897790908813477,0.49663567543029785,0.5033643245697021,0.48029467463493347,0.5197053551673889,0.22019000351428986,0.8796399831771851,0.5384396314620972
4,6225,0.1190107986330986,-0.03768664598464966,0.2463158518075943,0.6300061345100403,0.8899938464164734,0.5292889475822449,0.5683297514915466,0.5065086483955383,0.5151844024658203,0.6323400139808655,0.887179970741272,0.7712149024009705
4,6226,0.12825855612754822,-0.044162318110466,0.25794366002082825,0.6400076150894165,0.9599924087524414,0.48048126697540283,0.5390424728393555,0.49566251039505005,0.5086761116981506,0.642799973487854,0.9563699960708618,0.8004153966903687
4,6227,0.2763643264770508,-0.013408243656158447,0.46878358721733093,0.8600028157234192,0.9799971580505371,0.5000016689300537,0.5195220708847046,0.5000003576278687,0.504338264465332,0.8610600233078003,0.978659987449646,0.921781599521637
4,6228,0.15276333689689636,-0.2828424274921417,0.03292844071984291,0.5699999928474426,0.5699999928474426,0.6464380621910095,0.7635605335235596,0.532541811466217,0.5585690140724182,0.5699999928474426,0.6924399733543396,0.6242378950119019
4,6229,0.16190972924232483,-0.03773600980639458,0.3101138174533844,0.6900070905685425,0.9899929165840149,0.49023979902267456,0.5097602009773254,0.4978310763835907,0.5021689534187317,0.6926000118255615,0.9865700006484985,0.8380266427993774
4,6230,0.27957627177238464,-0.03935263678431511,0.4116652011871338,0.6800476312637329,0.8799523711204529,0.5200487375259399,0.5440822839736938,0.545825719833374,0.6007594466209412,0.6889500021934509,0.8732500076293945,0.811690092086792
4,6231,0.08605766296386719,-0.15454977750778198,0.19711615145206451,0.3800809979438782,0.7199190258979797,0.5681391954421997,0.5681391954421997,0.6557467579841614,0.6557467579841614,0.395440012216568,0.7087600231170654,0.6156704425811768
4,6232,0.15437051653862,-0.320932000875473,0.12584054470062256,0.49005240201950073,0.7099475860595703,0.44793781638145447,0.58412766456604,0.3810007572174072,0.6922918558120728,0.49955999851226807,0.702239990234375,0.6183797121047974
4,6233,0.38963812589645386,-0.5985239744186401,0.22389502823352814,0.3300905227661133,0.7099094986915588,0.459962397813797,0.5961522459983826,0.408485472202301,0.7197765707969666,0.3465000092983246,0.6966099739074707,0.5517309308052063
4,6234,0.14088547229766846,-0.06236506998538971,0.19689887762069702,0.5700619220733643,0.8299380540847778,0.5080267786979675,0.5400714874267578,0.5183469653129578,0.5915918946266174,0.5813500285148621,0.820930004119873,0.7257533073425293
4,6235,0.032503508031368256,-0.043305862694978714,0.06341224908828735,0.6900017261505127,0.9699933528900146,--,--,--,--,0.690500020980835,0.9660699963569641,0.7690455913543701
4,6236,0.07656250149011612,-0.16545824706554413,0.09181922674179077,0.3200085461139679,0.8499880433082581,--,--,--,--,0.3240100145339966,0.8464699983596802,0.6318174600601196
4,6237,0.030441749840974808,-0.05109608173370361,0.06317052245140076,0.6500076055526733,0.9899726510047913,--,--,--,--,0.6529899835586548,0.9826200008392334,0.8193473219871521
4,6238,0.03656459599733353,-0.06331735849380493,0.082208052277565,0.5700272917747498,0.8899726867675781,--,--,--,--,0.577180027961731,0.8831499814987183,0.7721723914146423
4,6239,0.05871248245239258,-0.13572551310062408,0.11511232703924179,0.33003756403923035,0.8299952745437622,--,--,--,--,0.3403100073337555,0.8264099955558777,0.6450914740562439
4,6240,0.07326602190732956,-0.09918900579214096,0.14498776197433472,0.45001593232154846,0.9299840927124023,0.5390125513076782,0.5390125513076782,0.5088330507278442,0.5088330507278442,0.4627000093460083,0.9269800186157227,0.7099997997283936
4,6241,0.2026863843202591,-0.042951762676239014,0.319350928068161,0.6300053000450134,0.7899947166442871,0.5390319228172302,0.636524498462677,0.5088374018669128,0.5309112071990967,0.6346399784088135,0.7890200018882751,0.7438756823539734
4,6242,0.3132856786251068,-0.019385460764169693,0.4748365581035614,0.8300033211708069,0.92999666929245,0.5292593836784363,0.5292593836784363,0.5066247582435608,0.5066247582435608,0.8327500224113464,0.9293799996376038,0.8917245268821716
4,6243,0.07033824920654297,-0.10167738795280457,0.13499779999256134,0.44001859426498413,0.9999814033508301,0.5,0.5,0.5,0.5,0.45458000898361206,0.9964600205421448,0.7270547151565552
4,6244,0.04385897144675255,-0.06570439785718918,0.08938079327344894,0.5700066089630127,0.7699933648109436,0.44151219725608826,0.5975003242492676,0.4867574870586395,0.5220755338668823,0.5753499865531921,0.7687399983406067,0.680241584777832
4,6245,0.05123860016465187,-0.10949070751667023,0.05626322329044342,0.4000675678253174,0.9199886918067932,--,--,--,--,0.40158000588417053,0.917680025100708,0.6542991995811462
4,6246,0.039594314992427826,-0.06516650319099426,0.09171587228775024,0.4500119388103485,0.9299483299255371,--,--,--,--,0.46077999472618103,0.9266200065612793,0.71985924243927
4,6247,0.06963937729597092,-0.14544153213500977,0.07796015590429306,0.39008742570877075,0.8299126029014587,--,--,--,--,0.3915899991989136,0.8252300024032593,0.5917063355445862
4,6248,0.09417690336704254,-0.20374076068401337,0.1101914718747139,0.23012319207191467,0.8498768210411072,--,--,--,--,0.23259000480175018,0.8443400263786316,0.6452819108963013
4,6249,0.038741495460271835,-0.02804030478000641,0.07794457674026489,0.5600039958953857,0.8199721574783325,--,--,--,--,0.5641800165176392,0.8180800080299377,0.6891108155250549
4,6250,0.17885874211788177,-0.3478911817073822,0.19673897325992584,0.3300320506095886,0.8099679350852966,--,--,--,--,0.35499998927116394,0.7812600135803223,0.5290043354034424
4,6251,0.0948626920580864,-0.154739111661911,0.20964334905147552,0.18004541099071503,0.9599999785423279,--,--,--,--,0.22085000574588776,0.9599999785423279,0.776144802570343
4,6252,0.13419927656650543,-0.24516113102436066,0.22861024737358093,0.190049409866333,0.9299505949020386,--,--,--,--,0.2294899970293045,0.8869699835777283,0.5535501837730408
4,6253,0.05273260176181793,-0.2366255521774292,0.246742844581604,0.18004941940307617,0.9199506044387817,--,--,--,--,0.2210099995136261,0.8790799975395203,0.6360377669334412
4,6254,0.08365346491336823,-0.2183789610862732,0.07687554508447647,0.31016552448272705,0.8299959897994995,--,--,--,--,0.31178000569343567,0.8229699730873108,0.6439516544342041
4,6255,0.03674420714378357,-0.13924989104270935,0.1726345717906952,0.17002655565738678,0.9699734449386597,--,--,--,--,0.19280999898910522,0.9650599956512451,0.7057069540023804
4,6256,0.04803553223609924,-0.15471109747886658,0.20831520855426788,0.1400245577096939,0.879975438117981,--,--,--,--,0.16131000220775604,0.875469982624054,0.6560465693473816
4,6257,0.07861194759607315,-0.1737833023071289,0.09728164970874786,0.18014703691005707,0.9699913859367371,--,--,--,--,0.18318000435829163,0.9680799841880798,0.6876720786094666
4,6258,0.05456623062491417,-0.023976290598511696,0.08701671659946442,0.6900278329849243,0.8299722075462341,--,--,--,--,0.6905199885368347,0.828540027141571,0.760285496711731
4,6259,0.04612845182418823,-0.041281986981630325,0.09030559659004211,0.6300675272941589,0.9699324369430542,--,--,--,--,0.6312000155448914,0.9664199948310852,0.7918155789375305
4,6260,0.032558295875787735,-0.07819560170173645,0.049388378858566284,0.5600272417068481,0.9298309683799744,--,--,--,--,0.5623400211334229,0.9179099798202515,0.7046970129013062
4,6261,nan,-0.0,-0.0,0.29052236676216125,0.969477653503418,--,--,--,--,--,--,nan
4,6262,nan,-0.0,-0.0,0.40036872029304504,0.8796312808990479,--,--,--,--,--,--,nan
4,6263,0.0760280191898346,-0.2175871878862381,0.15634363889694214,0.3603380024433136,0.7996619939804077,--,--,--,--,0.3796199858188629,0.7840399742126465,0.6346061825752258
4,6264,0.037648189812898636,-0.16491515934467316,0.08599043637514114,0.4405726492404938,0.859738826751709,--,--,--,--,0.4475100040435791,0.8448200225830078,0.6711496114730835
4,6265,0.05085011199116707,-0.11342880129814148,0.10783743113279343,0.3804609179496765,0.9595391154289246,--,--,--,--,0.3921400010585785,0.9507200121879578,0.6286769509315491
4,6266,0.052556395530700684,-0.10053674131631851,0.09721537679433823,0.3506922423839569,0.9893077611923218,--,--,--,--,0.37661001086235046,0.9811099767684937,0.6411747932434082
4,6267,0.16574478149414062,-0.24659541249275208,0.13577324151992798,0.26054081320762634,0.8495867848396301,--,--,--,--,0.28279000520706177,0.8414899706840515,0.5455926656723022
4,6268,0.04894427955150604,-0.04659106209874153,0.09499996900558472,0.610281229019165,0.9198251962661743,--,--,--,--,0.6222100257873535,0.9162200093269348,0.7710815668106079
4,6269,0.02039656974375248,-0.06737019121646881,0.07999174296855927,0.3902702033519745,0.9496538639068604,--,--,--,--,0.3976399898529053,0.9448500275611877,0.6857046484947205
4,6270,0.19164755940437317,-0.33312928676605225,0.14467120170593262,0.19109077751636505,0.9889092445373535,0.5,0.5,0.5,0.5,0.20287999510765076,0.9517300128936768,0.5818533301353455
4,6271,0.19286325573921204,-0.3306870460510254,0.12278682738542557,0.3704908490180969,0.729509174823761,0.5217064023017883,0.5390341281890869,0.5976787209510803,0.6756536960601807,0.3765200078487396,0.7146900296211243,0.6007657647132874
4,6272,0.16156978905200958,-0.09434843063354492,0.27800267934799194,0.5804362893104553,0.8995636701583862,0.5173577666282654,0.5216897130012512,0.5781099796295166,0.5976036787033081,0.5856099724769592,0.8859400153160095,0.7719241976737976
4,6273,0.03970201686024666,-0.08019697666168213,0.04035209119319916,0.5201908946037292,0.6598091125488281,0.5238756537437439,0.5412034392356873,0.6074405908584595,0.6854155659675598,0.5230299830436707,0.7071800231933594,0.6469288468360901
4,6274,0.32571712136268616,-0.5170310139656067,0.11743742227554321,0.21089990437030792,0.8691000938415527,0.4891734719276428,0.5151651501655579,0.4512806236743927,0.5682430863380432,0.22070999443531036,0.8384799957275391,0.5364727973937988
4,6275,0.0800115168094635,-0.01980486884713173,0.1388549655675888,0.8101090788841248,0.9099692702293396,--,--,--,--,0.8116400241851807,0.9077399969100952,0.8715477585792542
4,6276,0.16160495579242706,-0.3974192440509796,0.07676442712545395,0.5100460648536682,0.5999454855918884,--,--,--,--,0.5130000114440918,0.5972200036048889,0.5583199858665466
4,6277,0.0941653773188591,-0.19982695579528809,0.12718836963176727,0.4404090344905853,0.7395909428596497,--,--,--,--,0.4445500075817108,0.7244399785995483,0.5575292706489563
4,6278,0.10935665667057037,-0.31627529859542847,0.1354614943265915,0.18056847155094147,0.9194315075874329,--,--,--,--,0.2115900069475174,0.8919399976730347,0.5995957255363464
4,6279,nan,-0.0,-0.0,0.3305726647377014,0.749427318572998,--,--,--,--,--,--,nan
4,6280,0.026008516550064087,-0.15376533567905426,0.08008120208978653,0.2808069884777069,0.9299913048744202,--,--,--,--,0.2883400022983551,0.9255200028419495,0.7182661294937134
4,6281,0.02163655124604702,-0.05021342262625694,0.044643402099609375,0.590035080909729,0.769982635974884,--,--,--,--,0.5904899835586548,0.7663900256156921,0.666787326335907
4,6282,0.03182453289628029,-0.09939192235469818,0.15798841416835785,0.24012164771556854,0.949684202671051,--,--,--,--,0.26131001114845276,0.9384499788284302,0.6822020411491394
4,6283,0.10682204365730286,-0.33443719148635864,0.12806673347949982,0.0017543124267831445,0.9982457160949707,--,--,--,--,0.01623300090432167,0.9560199975967407,0.6520218253135681
4,6284,0.08429378271102905,-0.17510761320590973,0.14457166194915771,0.24091224372386932,0.9898696541786194,--,--,--,--,0.2485799938440323,0.9691100120544434,0.5970956087112427
4,6285,0.06015317514538765,-0.0588398203253746,0.11770754307508469,0.530160665512085,0.8698393106460571,0.44140809774398804,0.5976725220680237,0.4872163236141205,0.5213103890419006,0.5347099900245667,0.8652700185775757,0.7055396437644958
4,6286,0.24663421511650085,-0.4285992681980133,0.10200102627277374,0.3501890301704407,0.7498109340667725,0.4316633641719818,0.7246591448783875,0.4850901961326599,0.549016535282135,0.3555999994277954,0.7444800138473511,0.5748319029808044
4,6287,0.04418604448437691,-0.08534322679042816,0.06483932584524155,0.5900378227233887,0.6699621677398682,0.431670606136322,0.7637325525283813,0.48509177565574646,0.5575416684150696,0.5911999940872192,0.7191900014877319,0.6619662046432495
4,6288,0.09645276516675949,-0.22016409039497375,0.07804778963327408,0.44015124440193176,0.7598487734794617,0.5488653182983398,0.6269975304603577,0.5106615424156189,0.5277085304260254,0.444489985704422,0.7556099891662598,0.628750205039978
4,6289,0.22536587715148926,-0.42484161257743835,0.10892243683338165,0.26027411222457886,0.839725911617279,0.5097883343696594,0.6074535846710205,0.5021356344223022,0.523444414138794,0.2680499851703644,0.8319699764251709,0.56832355260849
4,6290,0.08383359014987946,-0.1373734474182129,0.17002058029174805,0.3201390206813812,0.9598609805107117,0.5000051259994507,0.5029047727584839,0.5000346899032593,0.5197524428367615,0.3406499922275543,0.939300000667572,0.6325716376304626
4,6291,0.259937584400177,-0.041940294206142426,0.382356196641922,0.7400434613227844,0.939956545829773,0.4971105456352234,0.508709192276001,0.48035165667533875,0.5592226982116699,0.7465800046920776,0.9336299896240234,0.843981146812439
4,6292,0.12718041241168976,-0.19604076445102692,0.1824096143245697,0.2701520621776581,0.9698479175567627,0.4971003234386444,0.5028996467590332,0.4802822470664978,0.5197177529335022,0.2925100028514862,0.9472900032997131,0.6077153086662292
4,6293,0.29760780930519104,-0.42113977670669556,0.23689819872379303,0.1501607596874237,0.889839231967926,0.5072798132896423,0.5101794600486755,0.5495026707649231,0.5692204236984253,0.1742199957370758,0.8663600087165833,0.5297461748123169
4,6294,0.2285725176334381,-0.015313083305954933,0.3329002559185028,0.740013062953949,0.7999869585037231,0.4826223850250244,0.5290171504020691,0.3818323016166687,0.6973164081573486,0.7422299981117249,0.8178300261497498,0.7837247252464294
4,6295,0.0540611706674099,-0.14557267725467682,0.08008092641830444,0.2402646541595459,0.9399554133415222,--,--,--,--,0.24818000197410583,0.9359599947929382,0.6783117651939392
4,6296,0.10407176613807678,-0.20498470962047577,0.07921327650547028,0.3501512408256531,0.8599145412445068,--,--,--,--,0.35468000173568726,0.8547499775886536,0.5731229782104492
4,6297,0.09976282715797424,-0.280367374420166,0.12594929337501526,0.14015978574752808,0.9998401999473572,--,--,--,--,0.14322000741958618,0.9926000237464905,0.6973825097084045
4,6298,0.09777836501598358,-0.26927950978279114,0.11798074841499329,0.21013005077838898,0.9398865699768066,--,--,--,--,0.21268999576568604,0.936240017414093,0.6828510761260986
4,6299,0.13191437721252441,-0.2423955798149109,0.10275652259588242,0.34020793437957764,0.779792070388794,--,--,--,--,0.3461900055408478,0.7738199830055237,0.565441906452179
4,6300,0.14581254124641418,-0.3585589528083801,0.15578655898571014,0.25002503395080566,0.7499749660491943,0.5594227313995361,0.5817057490348816,0.6485567688941956,0.7042643427848816,0.2671999931335449,0.7359399795532227,0.6012206077575684
4,6301,0.31843045353889465,-0.00595505628734827,0.48299503326416016,0.7800099849700928,0.9799900054931641,0.5074278116226196,0.5074278116226196,0.5185695290565491,0.5185695290565491,0.786549985408783,0.9739500284194946,0.8949087858200073
4,6302,0.10198255628347397,-0.19717076420783997,0.16199494898319244,0.26003405451774597,0.9399659633636475,0.48885855078697205,0.51856929063797,0.4721463620662689,0.5464231371879578,0.28192999958992004,0.9189800024032593,0.6250399947166443
4,6303,0.08129319548606873,-0.17859716713428497,0.1501654088497162,0.3000320494174957,0.939967930316925,0.5,0.5,0.5,0.5,0.3205699920654297,0.9201499819755554,0.6386946439743042
4,6304,0.16198059916496277,-0.07038695365190506,0.2583749294281006,0.5600210428237915,0.9799789786338806,0.5000000596046448,0.5074277520179749,0.5000001788139343,0.5185693502426147,0.5735599994659424,0.9670500159263611,0.7869626879692078
4,6305,0.6121940612792969,-1.1503827571868896,0.11651459336280823,0.4600016176700592,0.6399983763694763,0.4687674939632416,0.5345205068588257,0.3126049041748047,0.7071229815483093,0.4639500081539154,0.634630024433136,0.5442414879798889
4,6306,0.13727518916130066,-0.24363622069358826,0.11704198271036148,0.3300052583217621,0.9099947214126587,0.49835649132728577,0.5082194805145264,0.49013903737068176,0.5493167042732239,0.3425700068473816,0.8927800059318542,0.6027270555496216
4,6307,0.04876410588622093,-0.05085201933979988,0.0837426707148552,0.6600003838539124,0.6999996304512024,0.4687679708003998,0.5443839430809021,0.31260788440704346,0.7663036584854126,0.661109983921051,0.7258099913597107,0.6881450414657593
4,6308,0.30913785099983215,-0.019201410934329033,0.4815007448196411,0.8600010871887207,0.9799988865852356,0.5016440153121948,0.5016440153121948,0.5098639130592346,0.5098639130592346,0.8626300096511841,0.9764699935913086,0.9181621074676514
4,6309,0.3329499065876007,-0.5017631649971008,0.15843985974788666,0.270004540681839,0.7699954509735107,0.5098652839660645,0.5361664891242981,0.5591915249824524,0.7169987559318542,0.28150999546051025,0.755810022354126,0.5400226712226868
4,6310,0.02750208042562008,-0.15072578191757202,0.13574804365634918,0.3200320303440094,0.9599679708480835,--,--,--,--,0.3413499891757965,0.9408699870109558,0.7162385582923889
4,6311,0.05982118472456932,-0.26051923632621765,0.17474305629730225,0.2500290274620056,0.8299709558486938,--,--,--,--,0.2701300084590912,0.8139399886131287,0.6717085838317871
4,6312,0.06985737383365631,-0.23998545110225677,0.18497827649116516,0.12004305422306061,0.9799569249153137,--,--,--,--,0.14883999526500702,0.9546200037002563,0.6650907397270203
4,6313,0.03398718684911728,-0.09034426510334015,0.09562896192073822,0.43000471591949463,0.9499952793121338,--,--,--,--,0.44165000319480896,0.9348400235176086,0.6907148361206055
4,6314,0.02898941934108734,-0.11363854259252548,0.1008843258023262,0.40002503991127014,0.9399967193603516,--,--,--,--,0.4166800081729889,0.9283900260925293,0.7085409760475159
4,6315,0.02764640562236309,-0.15348801016807556,0.1303209364414215,0.3600260317325592,0.8799739480018616,--,--,--,--,0.3775300085544586,0.8647199869155884,0.6962676048278809
4,6316,0.08147991448640823,-0.056353144347667694,0.1449163854122162,0.450003981590271,0.9700000286102295,--,--,--,--,0.46237000823020935,0.9700000286102295,0.8041843175888062
4,6317,0.035475291311740875,-0.09867648780345917,0.12431170046329498,0.34000471234321594,0.8799859881401062,--,--,--,--,0.35297998785972595,0.8692399859428406,0.6611760258674622
4,6318,0.08221828937530518,-0.03200116753578186,0.1589796096086502,0.6300129890441895,0.889999270439148,--,--,--,--,0.6388999819755554,0.8868200182914734,0.8090360164642334
4,6319,0.03485292196273804,-0.11961060017347336,0.10689505189657211,0.4700130224227905,0.7299869656562805,--,--,--,--,0.4788999855518341,0.7226300239562988,0.6495084166526794
4,6320,0.053841281682252884,-0.10313214361667633,0.21070986986160278,0.2801768481731415,0.8099979162216187,--,--,--,--,0.3089500069618225,0.8098099827766418,0.6710084676742554
4,6321,0.03343930467963219,-0.07571166753768921,0.08724240213632584,0.46004343032836914,0.8799565434455872,--,--,--,--,0.4704799950122833,0.8783800005912781,0.7058184146881104
4,6322,0.11747641861438751,-0.23215557634830475,0.16435620188713074,0.3600413501262665,0.8098308444023132,--,--,--,--,0.36994999647140503,0.7705100178718567,0.5737172365188599
4,6323,0.0671185776591301,-0.08094444870948792,0.15874898433685303,0.45012304186820984,0.7699979543685913,--,--,--,--,0.46924999356269836,0.769860029220581,0.6933648586273193
4,6324,0.05138222500681877,-0.057191282510757446,0.09391065686941147,0.4900475740432739,0.9799231290817261,--,--,--,--,0.5015599727630615,0.9559199810028076,0.7914784550666809
4,6325,0.08414985984563828,-0.03581565245985985,0.12992192804813385,0.7100845575332642,0.9799793362617493,--,--,--,--,0.7226700186729431,0.9791899919509888,0.8533726930618286
4,6326,0.055083125829696655,-0.06943605095148087,0.09645590931177139,0.5601076483726501,0.8398923277854919,--,--,--,--,0.575410008430481,0.8292700052261353,0.7223742604255676
4,6327,0.05779559537768364,-0.1699533611536026,0.07748641818761826,0.25007444620132446,0.9699255228042603,--,--,--,--,0.26767998933792114,0.967170000076294,0.5963781476020813
4,6328,0.08331484347581863,-0.17010726034641266,0.08313252776861191,0.26006409525871277,0.8799358606338501,--,--,--,--,0.27542001008987427,0.877590000629425,0.6058723330497742
4,6329,0.08649955689907074,-0.2144005298614502,0.06774058938026428,0.25005584955215454,0.8699769377708435,--,--,--,--,0.263729989528656,0.8518099784851074,0.6627344489097595
4,6330,0.3374291658401489,-0.002102222992107272,0.5267268419265747,0.8800076842308044,0.8999922871589661,0.49122220277786255,0.526340663433075,0.4713258743286133,0.5860461592674255,0.8815199732780457,0.9292100071907043,0.9042777419090271
4,6331,0.2097635567188263,-0.3093498945236206,0.23333729803562164,0.1303306370973587,0.9896693825721741,0.5,0.5,0.5,0.5,0.17504000663757324,0.9190499782562256,0.5761287212371826
4,6332,0.03961389139294624,-0.11393103748559952,0.16854579746723175,0.3901922404766083,0.8898077607154846,0.5117098093032837,0.5234159231185913,0.5382519364356995,0.5764920711517334,0.41703999042510986,0.850350022315979,0.6760181188583374
4,6333,0.12752963602542877,-0.07330214977264404,0.17450059950351715,0.5701307058334351,0.9098692536354065,0.49122098088264465,0.514633297920227,0.4713219106197357,0.5478020906448364,0.5879799723625183,0.8821700215339661,0.7512435913085938
4,6334,0.12890435755252838,-0.04562954604625702,0.17358872294425964,0.6200615167617798,0.7799384593963623,0.5029289722442627,0.5204882025718689,0.50956791639328,0.5669280886650085,0.6289700269699097,0.7678499817848206,0.7209555506706238
4,6335,0.029760101810097694,-0.08544211089611053,0.08511899411678314,0.5502737164497375,0.939922571182251,--,--,--,--,0.5587700009346008,0.9251999855041504,0.7556207180023193
4,6336,0.04502442106604576,-0.10063587129116058,0.0864674299955368,0.5102593302726746,0.8697407245635986,--,--,--,--,0.5176799893379211,0.8647599816322327,0.622793972492218
4,6337,0.20975875854492188,-0.4038347005844116,0.13387301564216614,0.030214091762900352,0.9697859287261963,--,--,--,--,0.04321499913930893,0.9312700033187866,0.5021581649780273
4,6338,0.15656942129135132,-0.2498812973499298,0.16850413382053375,0.15059062838554382,0.9694093465805054,--,--,--,--,0.16877000033855438,0.95906001329422,0.568814218044281
4,6339,0.1007605791091919,-0.23413525521755219,0.12112843990325928,0.13019587099552155,0.9898041486740112,--,--,--,--,0.14250999689102173,0.9568600058555603,0.6116848587989807
4,6340,0.12644846737384796,-0.23550958931446075,0.18852297961711884,0.3400438725948334,0.7399561405181885,0.5342093706130981,0.6533629298210144,0.5209670066833496,0.5939966440200806,0.35069000720977783,0.7333400249481201,0.5915948152542114
4,6341,0.08770716935396194,-0.22496825456619263,0.09179740399122238,0.5300175547599792,0.6899824738502502,0.4149354100227356,0.6362206339836121,0.4478636384010315,0.5834900736808777,0.534250020980835,0.6872599720954895,0.6275032758712769
4,6342,0.17160874605178833,-0.2725365161895752,0.19099384546279907,0.240065798163414,0.839934229850769,0.44896426796913147,0.585139811038971,0.468720018863678,0.5521824359893799,0.25562000274658203,0.8293300271034241,0.5748394727706909
4,6343,0.21513794362545013,-0.007041191216558218,0.43074461817741394,0.7200043797492981,0.7599956393241882,0.40645453333854675,0.6788055896759033,0.442665696144104,0.6095905303955078,0.7211999893188477,0.8058199882507324,0.7579693794250488
4,6344,0.20560550689697266,-0.031519606709480286,0.37901055812835693,0.6500153541564941,0.7899846434593201,0.4830683171749115,0.619243860244751,0.4896225035190582,0.5730849504470825,0.6538100242614746,0.7877699732780457,0.7448510527610779
4,6345,0.23756815493106842,-0.03565433248877525,0.3676625192165375,0.760211706161499,0.9997882843017578,0.5,0.5,0.5,0.5,0.7620300054550171,0.9940900206565857,0.8698627948760986
4,6346,0.30924439430236816,-0.014748907648026943,0.4780162274837494,0.8200705647468567,0.899929404258728,0.5031636357307434,0.5158100128173828,0.509490966796875,0.5474299788475037,0.8207299709320068,0.898140013217926,0.8700196146965027
4,6347,0.5737507939338684,-0.8583471775054932,0.1380954533815384,0.3203175663948059,0.6796824336051941,0.5126518607139587,0.5379445552825928,0.537955641746521,0.6138336658477783,0.323199987411499,0.6714400053024292,0.5207926630973816
4,6348,0.2968842685222626,-0.40437912940979004,0.14308518171310425,0.13074098527431488,0.9692590236663818,0.4936768412590027,0.5063231587409973,0.48103049397468567,0.5189694762229919,0.13710999488830566,0.9492999911308289,0.5141168832778931
4,6349,0.3422790765762329,-0.006957665551453829,0.5364757180213928,0.8500353097915649,0.8899646997451782,0.5094889402389526,0.5284584164619446,0.5284667611122131,0.5853752493858337,0.8504499793052673,0.9219899773597717,0.895309329032898
4,6350,0.06966709345579147,-0.2847488522529602,0.23788051307201385,0.040100887417793274,0.9598991274833679,--,--,--,--,0.06520900130271912,0.9457700252532959,0.6848652958869934
4,6351,0.0657559484243393,-0.05523458495736122,0.15011891722679138,0.6202999353408813,0.9597001075744629,--,--,--,--,0.6230400204658508,0.9518300294876099,0.8004992008209229
4,6352,0.0643535852432251,-0.18182550370693207,0.11110542714595795,0.4900219440460205,0.6899780631065369,--,--,--,--,0.4952000081539154,0.6863999962806702,0.6006180047988892
4,6353,0.04404478520154953,-0.1324339061975479,0.10571534931659698,0.4303704798221588,0.8496295213699341,--,--,--,--,0.43375998735427856,0.83992999792099,0.6555225253105164
4,6354,0.1054537445306778,-0.28817859292030334,0.20793303847312927,0.24006140232086182,0.7999386191368103,--,--,--,--,0.2548399865627289,0.7904300093650818,0.5790829062461853
4,6355,0.3100748658180237,-0.0216691717505455,0.48062002658843994,0.7900370955467224,0.8699629306793213,0.4642414152622223,0.5929886698722839,0.46507301926612854,0.590826153755188,0.7927799820899963,0.8885700106620789,0.8523900508880615
4,6356,0.14426620304584503,-0.12071962654590607,0.22309784591197968,0.48016682267189026,0.8398331999778748,0.5500808954238892,0.6073018908500671,0.548916220664978,0.6048064827919006,0.49175000190734863,0.8279500007629395,0.7214637994766235
4,6357,0.225802481174469,-0.33372947573661804,0.24305710196495056,0.2003243863582611,0.8996756076812744,0.4713917672634125,0.5572232604026794,0.4720570743083954,0.5558925271034241,0.22123000025749207,0.8744400143623352,0.5691789388656616
4,6358,0.22474423050880432,-0.3375774025917053,0.22466950118541718,0.3102317154407501,0.8097683191299438,0.4713928997516632,0.5715296864509583,0.47205817699432373,0.5698661804199219,0.32530999183654785,0.791890025138855,0.5820509195327759
4,6359,0.34927836060523987,-0.009811445139348507,0.5093574523925781,0.8600185513496399,0.8999814391136169,0.5000033974647522,0.5429191589355469,0.5000033378601074,0.5419210195541382,0.8614599704742432,0.9148200154304504,0.8962334990501404
4,6360,0.3372613191604614,0.0,0.4884795546531677,0.7900004982948303,0.8099994659423828,0.5290015935897827,0.5406001806259155,0.5957052707672119,0.6339805722236633,0.7916300296783447,0.8943899869918823,0.8448169827461243
4,6361,0.08152222633361816,-0.27744829654693604,0.06330909579992294,0.6300016045570374,0.68999844789505,0.45070600509643555,0.5492939949035645,0.33732983469963074,0.6626701354980469,0.6325100064277649,0.6873199939727783,0.6610883474349976
4,6362,0.2111375778913498,-0.056878406554460526,0.2842397093772888,0.6400052905082703,0.8399947285652161,0.5116011500358582,0.523199737071991,0.5382838249206543,0.5765591263771057,0.6486799716949463,0.8314700126647949,0.763441264629364
4,6363,0.6406473517417908,-1.1589771509170532,0.21251100301742554,0.40000686049461365,0.6599931716918945,0.439108282327652,0.5724920034408569,0.29905733466148376,0.7392236590385437,0.41093000769615173,0.6485099792480469,0.5398387312889099
4,6364,0.06162188574671745,-0.14171531796455383,0.12196443974971771,0.510007381439209,0.78999263048172,0.5029000639915466,0.5029000639915466,0.5095702409744263,0.5095702409744263,0.5216599702835083,0.7775400280952454,0.6551734805107117
4,6365,0.08290550857782364,-0.33796489238739014,0.11782316118478775,0.14005456864833832,0.8799454569816589,--,--,--,--,0.1585099995136261,0.8611199855804443,0.657223641872406
4,6366,0.0645536333322525,-0.1868114173412323,0.09845124185085297,0.43003538250923157,0.9399957656860352,--,--,--,--,0.44203001260757446,0.9309800267219543,0.7667252421379089
4,6367,0.10989212989807129,-0.05076506361365318,0.1721067726612091,0.7100191712379456,0.9699808359146118,--,--,--,--,0.7162299752235413,0.9627400040626526,0.8298043608665466
4,6368,0.05212350934743881,-0.24676209688186646,0.1076887845993042,0.38002949953079224,0.7799705266952515,--,--,--,--,0.3898699879646301,0.7694299817085266,0.6259451508522034
4,6369,0.03620773181319237,-0.09587408602237701,0.04824518412351608,0.5400000214576721,0.7199985384941101,--,--,--,--,0.5414100289344788,0.7185800075531006,0.6234891414642334
4,6370,0.29830169677734375,-0.017240464687347412,0.4233540892601013,0.7500059008598328,0.8299940824508667,0.47817346453666687,0.5412293672561646,0.4126938283443451,0.6649175882339478,0.7520099878311157,0.8406500220298767,0.8073776364326477
4,6371,0.14345905184745789,-0.04836350679397583,0.24445444345474243,0.6300058960914612,0.7099940776824951,0.47817397117614746,0.5606317520141602,0.41269585490226746,0.7425269484519958,0.6320899724960327,0.7600600123405457,0.7049667835235596
4,6372,0.20524291694164276,-0.28640806674957275,0.1229529082775116,0.2500457167625427,0.8699542880058289,0.5024257302284241,0.5169771313667297,0.5097029805183411,0.5679084658622742,0.2650200128555298,0.8531100153923035,0.5764927864074707
4,6373,0.25575828552246094,-0.4147104024887085,0.08432447165250778,0.5300103425979614,0.6699897050857544,0.4830235242843628,0.5218271613121033,0.43209412693977356,0.5873087644577026,0.5333999991416931,0.6661900281906128,0.6040939688682556
4,6374,0.5737825632095337,-0.8880733251571655,0.12365210056304932,0.45001474022865295,0.6499852538108826,0.4757477045059204,0.5242522954940796,0.4029908776283264,0.5970091223716736,0.45482000708580017,0.6444900035858154,0.5495668053627014
4,6375,0.05180644616484642,-0.11964445561170578,0.08191438019275665,0.3803407549858093,0.9799332022666931,--,--,--,--,0.38484999537467957,0.9739199876785278,0.7255139946937561
4,6376,0.06077542528510094,-0.1623212844133377,0.09222997725009918,0.37007468938827515,0.839908242225647,--,--,--,--,0.3722499907016754,0.8366600275039673,0.6636543273925781
4,6377,0.06887068599462509,-0.14990130066871643,0.10601305961608887,0.28044557571411133,0.9799370765686035,--,--,--,--,0.28619998693466187,0.9738500118255615,0.7205418944358826
4,6378,0.01910204067826271,-0.03516559302806854,0.03286183252930641,0.5800471901893616,0.9599213600158691,--,--,--,--,0.581570029258728,0.9571200013160706,0.7987299561500549
4,6379,0.1028851717710495,-0.19919393956661224,0.08329910039901733,0.2801375985145569,0.9798623919487,--,--,--,--,0.2834799885749817,0.9702799916267395,0.6443180441856384
4,6380,0.050143372267484665,-0.1288292407989502,0.06702855229377747,0.4404224455356598,0.9795775413513184,0.5,0.5,0.5,0.5,0.4528700113296509,0.9670000076293945,0.6900702714920044
4,6381,0.10001935809850693,-0.20205731689929962,0.061616331338882446,0.5501564741134644,0.7498435378074646,0.41625335812568665,0.6584143042564392,0.46778973937034607,0.5609285831451416,0.5549799799919128,0.7452999949455261,0.650354266166687
4,6382,0.30742451548576355,-0.45127949118614197,0.10906587541103363,0.10070405900478363,0.9992959499359131,0.5,0.5,0.5,0.5,0.12144999951124191,0.9783400297164917,0.5167838335037231
4,6383,0.33454638719558716,-0.5436587929725647,0.10738866776227951,0.3004067838191986,0.8195931911468506,0.37895867228507996,0.6583751440048218,0.4534456431865692,0.5609135031700134,0.31251001358032227,0.8075299859046936,0.5444411039352417
4,6384,0.03781409189105034,-0.11837849766016006,0.0642758384346962,0.46042242646217346,0.9995775818824768,0.5,0.5,0.5,0.5,0.47286999225616455,0.9869999885559082,0.7100702524185181
4,6385,0.09434568881988525,0.0,0.14621344208717346,0.5300933718681335,0.9099715948104858,--,--,--,--,0.5404599905014038,0.9098600149154663,0.738233745098114
4,6386,0.061151664704084396,-0.09635383635759354,0.12406259775161743,0.5206536054611206,0.9393463730812073,--,--,--,--,0.5436599850654602,0.9067299962043762,0.7603052854537964
4,6387,0.0943189188838005,-0.0620197094976902,0.16664955019950867,0.27080923318862915,0.9799715876579285,--,--,--,--,0.30674999952316284,0.9798600077629089,0.7668721079826355
4,6388,0.12438493221998215,-0.30941009521484375,0.08407918363809586,0.21024158596992493,0.8995020389556885,--,--,--,--,0.21119999885559082,0.8888000249862671,0.6332851648330688
4,6389,0.03213118389248848,-0.02969120815396309,0.06508859246969223,0.620042622089386,0.7399573922157288,--,--,--,--,0.6202099919319153,0.7397900223731995,0.680364727973938
4,6390,0.14945684373378754,-0.26353126764297485,0.23757503926753998,0.320440411567688,0.7395595908164978,0.500171959400177,0.7196772694587708,0.500006377696991,0.5081362128257751,0.3352299928665161,0.7269600033760071,0.6072624325752258
4,6391,0.17059245705604553,-0.22179339826107025,0.22623296082019806,0.1508808135986328,0.9891191720962524,0.5099931359291077,0.5099931359291077,0.5003701448440552,0.5003701448440552,0.17878000438213348,0.962090015411377,0.589622437953949
4,6392,0.2374495565891266,-0.34019413590431213,0.20900188386440277,0.3304823637008667,0.7895176410675049,0.4501436948776245,0.5898289084434509,0.4981534779071808,0.5033270120620728,0.34588998556137085,0.7748299837112427,0.5812299251556396
4,6393,0.17485104501247406,-0.25243645906448364,0.19709371030330658,0.3405033349990845,0.8194966912269592,0.4900537431240082,0.5499188303947449,0.4996316134929657,0.5018488168716431,0.35655999183654785,0.8041700124740601,0.6007066965103149
4,6394,0.06939200311899185,-0.17852331697940826,0.18401609361171722,0.3206501305103302,0.939349889755249,0.4800606071949005,0.5399256944656372,0.4992614984512329,0.5014787316322327,0.34126999974250793,0.9194200038909912,0.6467400193214417
4,6395,0.09723430871963501,-0.03450379520654678,0.18462689220905304,0.5001677870750427,0.989890456199646,--,--,--,--,0.5070300102233887,0.9845100045204163,0.7862710952758789
4,6396,0.04781416431069374,-0.14445707201957703,0.1186213344335556,0.4303774833679199,0.8897027373313904,--,--,--,--,0.44286999106407166,0.880370020866394,0.662063717842102
4,6397,0.07896003872156143,-0.1759420484304428,0.18952243030071259,0.2705662250518799,0.8697027564048767,--,--,--,--,0.28937000036239624,0.860010027885437,0.6227973103523254
4,6398,0.20027987658977509,-0.3415279686450958,0.1725638210773468,0.14062583446502686,0.9393741488456726,--,--,--,--,0.15986000001430511,0.9208300113677979,0.526073694229126
4,6399,0.0880037322640419,-0.19507594406604767,0.08544395864009857,0.3304067850112915,0.859832227230072,--,--,--,--,0.3447200059890747,0.8529800176620483,0.6598749756813049